 Gene_name,PValue,logFC,,,,
1553279_at,0.00000459,-0.30550019,,,,
206733_at,0.00001742,-0.30197319,,,,
239588_s_at,0.00002036,-0.24421618,,,,
1564713_a_at,0.00002442,-0.29845435,,,,
240382_at,0.00003647,1.16661849,,,,
209880_s_at,0.00004501,-0.31737049,,,,
1559926_at,0.00006857,-0.26797318,,,,
241723_at,0.00007069,-0.21977423,,,,
240356_s_at,0.00007766,0.1977519,,,,
230201_at,0.00007929,0.79150052,,,,
220514_at,0.00008525,-0.2141558,,,,
1570007_at,0.00008772,-0.29307669,,,,
1566124_a_at,0.000092,-0.24544647,,,,
1560596_at,0.00009631,-0.23024063,,,,
204804_at,0.00011069,-0.60881856,,,,
212240_s_at,0.00012011,1.03752449,,,,
1556369_a_at,0.00012395,-0.21869297,,,,
1555385_at,0.00012677,-0.32614471,,,,
236965_at,0.00012681,-0.25248148,,,,
1560017_at,0.00013128,0.79742367,,,,
213829_x_at,0.0001375,-0.29942844,,,,
220965_s_at,0.00014061,-0.30675254,,,,
200998_s_at,0.00014663,0.73603856,,,,
1553657_at,0.00015198,-0.28524946,,,,
217473_x_at,0.00015302,-0.26255066,,,,
237739_at,0.0001533,-0.26276889,,,,
211532_x_at,0.00015368,-0.21134647,,,,
1554349_at,0.00015463,-0.27554316,,,,
233476_at,0.00016006,-0.35022242,,,,
221114_at,0.00016464,-0.26314696,,,,
1556846_at,0.00016949,-0.36422505,,,,
1554039_at,0.00017283,-0.31375496,,,,
224283_x_at,0.00017939,-0.32168129,,,,
1553224_at,0.00018082,-0.18733318,,,,
38707_r_at,0.00018545,-0.25692793,,,,
211364_at,0.00019879,-0.26547656,,,,
239396_at,0.00019885,-0.30333502,,,,
238329_at,0.00021097,-0.25037831,,,,
38447_at,0.00021469,-0.27574757,,,,
1556920_s_at,0.00022309,-0.25053557,,,,
204512_at,0.00022385,0.41324868,,,,
240742_at,0.00023297,-0.25730838,,,,
203465_at,0.00024963,0.48788491,,,,
1561044_at,0.00025319,-0.31612,,,,
216631_s_at,0.00026677,-0.22623826,,,,
239122_at,0.00028086,-0.30491591,,,,
222082_at,0.00028253,-0.31399657,,,,
219459_at,0.00028261,0.4604641,,,,
1565611_at,0.0002829,-0.21475368,,,,
221347_at,0.00030378,-0.23167659,,,,
203111_s_at,0.00031255,-0.28067976,,,,
1563287_at,0.00032472,-0.19704682,,,,
210083_at,0.00032726,-0.26850555,,,,
213958_at,0.00033086,-0.32403766,,,,
211252_x_at,0.00033361,-0.20114092,,,,
216748_at,0.00033428,-0.28200711,,,,
235943_at,0.00035704,-0.24778546,,,,
221906_at,0.00036231,0.51829566,,,,
1559655_at,0.0003684,-0.18299356,,,,
217614_at,0.00037349,-0.27531441,,,,
1564471_at,0.00038022,-0.2187869,,,,
52285_f_at,0.00038183,0.58673826,,,,
223071_at,0.00038962,0.39580002,,,,
1563916_at,0.00039107,-0.20346466,,,,
204691_x_at,0.00040182,-0.26296536,,,,
234500_at,0.00040959,-0.1798349,,,,
59631_at,0.00042371,0.50553521,,,,
1553844_a_at,0.00043121,-0.25216113,,,,
1564438_at,0.00043432,-0.20546527,,,,
210062_s_at,0.00044538,-0.50185699,,,,
211384_s_at,0.00046096,-0.23074234,,,,
229495_at,0.00046777,-0.28453342,,,,
231454_at,0.00047229,-0.21304613,,,,
211701_s_at,0.00048078,0.75929985,,,,
1556510_at,0.00049605,-0.21950551,,,,
214137_at,0.00050227,-0.29331543,,,,
221297_at,0.00051682,-0.30290809,,,,
207167_at,0.00052198,-0.30531202,,,,
240540_at,0.00052391,-0.23998175,,,,
213757_at,0.00053601,0.44777046,,,,
213897_s_at,0.00055636,-0.49200774,,,,
233850_s_at,0.00056203,0.43298218,,,,
218289_s_at,0.00056788,0.44060853,,,,
220806_x_at,0.00057328,-0.24157166,,,,
1569522_at,0.00058083,-0.33571102,,,,
216981_x_at,0.00059206,-0.29625126,,,,
216217_at,0.00059465,-0.24514563,,,,
1566082_at,0.00059907,-0.17968315,,,,
210744_s_at,0.00062575,-0.23242432,,,,
242308_at,0.00062691,-0.28440245,,,,
234671_at,0.00063752,-0.19936059,,,,
243552_at,0.00064369,0.58136814,,,,
222301_at,0.00064525,-0.29169893,,,,
215658_at,0.0006488,-0.28829555,,,,
1562563_at,0.00064926,-0.25847797,,,,
208376_at,0.00067232,-0.24228707,,,,
222489_s_at,0.00068929,0.4215019,,,,
239657_x_at,0.00071897,0.99209535,,,,
234217_at,0.00073678,-0.1537903,,,,
203540_at,0.00073777,-0.23360258,,,,
217061_s_at,0.00073925,-0.44280429,,,,
233569_at,0.00075545,-0.18851299,,,,
239361_at,0.00075685,-0.21800393,,,,
1557877_s_at,0.00078251,-0.16293796,,,,
220320_at,0.00079926,-0.25800657,,,,
206684_s_at,0.0008006,-0.19384123,,,,
227573_s_at,0.00080232,0.4094509,,,,
208203_x_at,0.00080388,-0.25312812,,,,
204306_s_at,0.00083146,-0.61571676,,,,
201234_at,0.00083724,-0.46179307,,,,
211845_at,0.00083975,-0.19575454,,,,
1565576_at,0.00085782,-0.18637883,,,,
220869_at,0.00086713,-0.16598648,,,,
206780_at,0.00087489,-0.27100999,,,,
224499_s_at,0.00088767,-0.2353561,,,,
203803_at,0.0008914,0.63338979,,,,
242542_at,0.00090754,-0.28398506,,,,
1564431_a_at,0.00092087,-0.21560446,,,,
211791_s_at,0.00092245,-0.29481968,,,,
1554344_s_at,0.00092959,-0.22678953,,,,
240023_at,0.00093094,-0.30573852,,,,
222578_s_at,0.00093446,0.34373138,,,,
205662_at,0.00093539,0.42066662,,,,
1561067_at,0.00093571,-0.15051213,,,,
241785_at,0.00093889,-0.23390409,,,,
226600_at,0.00094233,0.67556103,,,,
1557615_a_at,0.00094833,-0.17666488,,,,
214972_at,0.00094978,-0.28486047,,,,
1559272_at,0.00095263,-0.21988794,,,,
226651_at,0.00095496,0.75069489,,,,
233103_at,0.00096176,-0.23339082,,,,
206975_at,0.00096989,-0.23163501,,,,
218583_s_at,0.00097604,0.41411242,,,,
203463_s_at,0.00100146,0.48397394,,,,
220968_s_at,0.00101605,0.39714965,,,,
240431_at,0.00102795,-0.17125271,,,,
229330_at,0.0010392,-0.19172184,,,,
214504_at,0.00104371,-0.26488313,,,,
220819_at,0.00105039,-0.28573208,,,,
217642_at,0.00105884,-0.26445651,,,,
212431_at,0.00106035,-0.25690757,,,,
211014_s_at,0.00106543,-0.29797855,,,,
230189_x_at,0.00109007,-0.20442828,,,,
219968_at,0.00109818,-0.40865771,,,,
226422_at,0.00111635,0.38071965,,,,
1554115_at,0.00114079,-0.28343439,,,,
1567166_at,0.00114614,-0.24367414,,,,
223424_s_at,0.00116706,0.39417342,,,,
1555811_at,0.00116793,-0.26445471,,,,
233217_at,0.00117827,-0.28875378,,,,
1562787_at,0.0011849,-0.20255809,,,,
200891_s_at,0.00119767,0.34088406,,,,
219311_at,0.00120733,0.48597278,,,,
220906_at,0.00120808,-0.15353052,,,,
214885_at,0.00121831,-0.34924954,,,,
1555359_at,0.00121917,-0.22893417,,,,
207880_at,0.0012279,-0.28100872,,,,
226046_at,0.00123834,0.44185347,,,,
216311_at,0.00125087,-0.22500916,,,,
212974_at,0.00125105,-0.40620865,,,,
229751_s_at,0.00125365,0.58761475,,,,
212855_at,0.00125385,0.51381666,,,,
1560706_at,0.00125672,-0.24052335,,,,
AFFX-M27830_3_at,0.00125778,-0.24207313,,,,
1569528_at,0.00126394,-0.1464918,,,,
231619_at,0.00126446,-0.24523608,,,,
221098_x_at,0.00128023,-0.31571933,,,,
220882_at,0.0012861,-0.20084483,,,,
1567698_x_at,0.00128932,-0.16531661,,,,
233612_at,0.00129001,-0.23336572,,,,
1554258_a_at,0.0012954,-0.57456026,,,,
1564778_at,0.0013277,-0.21327494,,,,
211816_x_at,0.0013301,-0.22344869,,,,
230486_at,0.00133089,-0.31037407,,,,
202684_s_at,0.00135465,0.55883718,,,,
1553613_s_at,0.0013646,1.45112605,,,,
215540_at,0.00137523,-0.24801521,,,,
202276_at,0.00139155,0.34894493,,,,
233589_x_at,0.00139422,-0.75401453,,,,
219038_at,0.00141242,0.57121359,,,,
205318_at,0.00142345,-0.20085563,,,,
236855_at,0.0014465,-0.21799279,,,,
231172_at,0.00144889,-0.20893168,,,,
1566830_at,0.00145592,-0.25878272,,,,
1557453_at,0.00145795,-0.21150405,,,,
1557484_at,0.00146309,-0.20385175,,,,
217026_at,0.00147662,-0.16246412,,,,
237799_at,0.00148022,-0.28502334,,,,
238972_at,0.00148217,-0.1842673,,,,
231456_at,0.00148617,-0.18059965,,,,
237431_at,0.0014949,-0.22759803,,,,
202841_x_at,0.00152423,-0.27976551,,,,
1559820_at,0.00153802,-0.26454656,,,,
226578_s_at,0.00154319,-0.24585297,,,,
1553061_at,0.00155553,-0.20814041,,,,
237178_at,0.00156695,-0.22444642,,,,
32699_s_at,0.00157772,-0.34338127,,,,
235579_at,0.00159006,0.46028614,,,,
211157_at,0.00160955,-0.24033626,,,,
1562619_at,0.00164752,-0.22043005,,,,
239417_x_at,0.00164938,0.43261987,,,,
210422_x_at,0.00166172,-0.29948998,,,,
237826_at,0.00168161,-0.20049151,,,,
217206_at,0.00168804,0.22189117,,,,
1556292_s_at,0.00171724,-0.23657198,,,,
232891_at,0.00172082,-0.23969758,,,,
208205_at,0.00172973,-0.23430414,,,,
206997_s_at,0.00173127,0.31240691,,,,
1560779_a_at,0.00174347,0.25645519,,,,
206092_x_at,0.00175121,-0.29013976,,,,
224929_at,0.0017571,-0.67643529,,,,
239503_at,0.00177321,0.75507479,,,,
241231_at,0.00178594,-0.25264963,,,,
1554519_at,0.00178986,-0.50980878,,,,
203138_at,0.00181913,0.38997238,,,,
1566454_at,0.00182376,-0.21767452,,,,
231082_at,0.00182552,-0.19980676,,,,
216145_at,0.00182704,-0.22558114,,,,
1557137_at,0.00182906,0.62610815,,,,
217070_at,0.00184194,-0.2390897,,,,
1552944_a_at,0.00186414,-0.21637099,,,,
243943_x_at,0.00186745,0.61931338,,,,
243810_at,0.00188105,-0.26065177,,,,
207600_at,0.00188977,-0.2138103,,,,
1560841_at,0.00189808,-0.21898427,,,,
231355_at,0.00190281,-0.20306936,,,,
1563271_at,0.00192104,-0.27441609,,,,
1562741_at,0.00192274,-0.21471916,,,,
205187_at,0.0019402,0.49023022,,,,
218377_s_at,0.00194405,0.32822232,,,,
229428_at,0.00194813,0.42564602,,,,
234913_at,0.00195391,-0.16332138,,,,
1566221_at,0.00196945,-0.23301666,,,,
206617_s_at,0.00200651,-0.48784741,,,,
240049_at,0.0020142,-0.18463986,,,,
214159_at,0.00201881,-0.19421622,,,,
1564069_at,0.00202737,-0.25356684,,,,
1558423_at,0.00202876,-0.34498,,,,
206890_at,0.00203374,-0.208586,,,,
227875_at,0.00204157,1.18774005,,,,
1556855_a_at,0.00204166,-0.23703829,,,,
233311_at,0.00205942,-0.17036248,,,,
1565949_x_at,0.00206391,-0.23212152,,,,
219247_s_at,0.00207462,0.46277392,,,,
1560281_a_at,0.00208169,-0.23123124,,,,
244652_at,0.0020975,-0.2604663,,,,
200999_s_at,0.00209983,0.58218199,,,,
215822_x_at,0.0021024,-0.20307342,,,,
227298_at,0.00211481,0.49406865,,,,
1564143_at,0.00211945,-0.23018446,,,,
235813_at,0.00213018,-0.17700396,,,,
1555349_a_at,0.00215826,-1.0184787,,,,
231352_at,0.00216937,-0.23098553,,,,
205258_at,0.00218758,0.81257828,,,,
228606_at,0.00219998,0.9525562,,,,
244654_at,0.00220761,-0.37603202,,,,
1558279_a_at,0.00221754,0.62555345,,,,
221161_at,0.00223177,-0.23892505,,,,
209674_at,0.0022325,0.44187139,,,,
217240_at,0.00223368,-0.19842447,,,,
201878_at,0.002251,0.42036003,,,,
1552422_at,0.00226942,0.48324138,,,,
244460_at,0.00228305,-0.18762718,,,,
221970_s_at,0.00228598,0.4029758,,,,
1557452_at,0.0023196,-0.2064464,,,,
207527_at,0.0023345,-0.18387635,,,,
221489_s_at,0.00233897,-0.48741998,,,,
216893_s_at,0.00234786,-0.18326176,,,,
211174_s_at,0.00238498,-0.20041178,,,,
220523_at,0.00239925,-0.12151868,,,,
239408_at,0.00241599,-0.21673538,,,,
244759_x_at,0.00242554,-0.19716265,,,,
1557190_at,0.00243738,-0.18294276,,,,
225408_at,0.00243842,-0.57277556,,,,
215875_at,0.00244056,-0.17298174,,,,
206057_x_at,0.00244266,-0.28539356,,,,
230032_at,0.00245569,0.47510186,,,,
230052_s_at,0.00246339,-0.34692713,,,,
204979_s_at,0.00247044,0.66595037,,,,
236784_s_at,0.00248013,-0.23386909,,,,
232388_at,0.00248464,-0.2169828,,,,
212975_at,0.00249055,-0.42177431,,,,
1570221_at,0.00250171,-0.1917101,,,,
224957_at,0.00250964,0.41751177,,,,
240887_at,0.00251745,-0.1831308,,,,
228092_at,0.00253361,0.62885733,,,,
1557276_at,0.00254207,-0.25278765,,,,
1555212_at,0.00254443,-0.15701792,,,,
48612_at,0.00254564,-0.24899071,,,,
1554557_at,0.00254902,0.75007516,,,,
219613_s_at,0.0025498,-0.29024401,,,,
1560905_at,0.00257114,-0.16401033,,,,
1557495_at,0.00257337,-0.14802568,,,,
208875_s_at,0.00257934,0.57152271,,,,
232041_at,0.00258111,-0.18693795,,,,
1552286_at,0.00259146,0.49802458,,,,
200736_s_at,0.00259279,-0.45148491,,,,
242749_at,0.00261248,-0.19505068,,,,
218477_at,0.00261969,0.48378026,,,,
220442_at,0.00262079,-0.85630704,,,,
1562690_at,0.00265362,-0.20457868,,,,
224673_at,0.00265663,-0.39993905,,,,
1557875_at,0.00265991,-0.18454925,,,,
1554219_at,0.00266141,-0.25593188,,,,
224422_x_at,0.00267183,-0.18079692,,,,
206142_at,0.00271803,0.82496087,,,,
1553066_at,0.00272292,-0.18888234,,,,
204116_at,0.00272567,-0.93741179,,,,
217376_at,0.00273329,-0.26798971,,,,
201636_at,0.00274178,0.52910047,,,,
209538_at,0.00275822,0.46704844,,,,
215141_at,0.00276526,0.26354807,,,,
210077_s_at,0.00277263,-0.26484401,,,,
211269_s_at,0.00277507,-0.59526595,,,,
210714_at,0.00278063,-0.16782895,,,,
220379_at,0.00279198,-0.19590939,,,,
1561871_at,0.00280158,-0.21750772,,,,
201397_at,0.00281967,1.05240144,,,,
227548_at,0.00284497,0.48136666,,,,
207973_x_at,0.00284655,-0.20150211,,,,
217053_x_at,0.00286161,-0.43874026,,,,
222050_at,0.0028966,-0.21942513,,,,
239464_at,0.00290234,-0.30835018,,,,
1562749_at,0.00290938,-0.19840043,,,,
202056_at,0.00291284,0.3089611,,,,
232733_s_at,0.00291596,-0.13155262,,,,
237408_at,0.00291889,0.34262466,,,,
1556748_x_at,0.0029242,-0.22147748,,,,
1555603_at,0.00292764,-0.1258919,,,,
239990_at,0.00292902,-0.25373881,,,,
207954_at,0.00293696,-0.2452362,,,,
230136_at,0.00294147,0.5134897,,,,
217459_at,0.00294302,-0.18741144,,,,
234687_x_at,0.00294936,-0.22612086,,,,
228118_x_at,0.00295128,-0.16856098,,,,
237924_at,0.00295775,-0.1730665,,,,
233977_at,0.00298566,-0.19393234,,,,
40359_at,0.00299387,-0.37718816,,,,
242231_at,0.00299464,-0.18058652,,,,
244556_at,0.00302389,-0.25542131,,,,
212952_at,0.00302496,0.38472399,,,,
211397_x_at,0.00303811,-0.24222626,,,,
213793_s_at,0.00304175,0.812633,,,,
240403_at,0.00304233,-0.20620745,,,,
1570630_at,0.00304234,-0.14651613,,,,
244077_at,0.00305367,-0.2085338,,,,
206269_at,0.00305674,-0.24442001,,,,
230489_at,0.0030588,-0.3518988,,,,
233854_x_at,0.00306974,-0.20884105,,,,
39854_r_at,0.00307355,-0.25822448,,,,
221389_at,0.00311303,-0.1923738,,,,
230996_at,0.00311467,-0.17668105,,,,
215172_at,0.00312255,1.26669488,,,,
234576_at,0.00312788,-0.20472219,,,,
236522_at,0.00314253,-0.19224951,,,,
77508_r_at,0.00315206,-0.24590757,,,,
237022_at,0.00315336,-0.21074383,,,,
212885_at,0.00318585,0.28441272,,,,
237674_at,0.00319851,-0.21535756,,,,
1560151_x_at,0.00320609,-0.17862882,,,,
244681_at,0.00325278,-0.1374549,,,,
210865_at,0.00325366,-0.44705189,,,,
231533_at,0.00327052,-0.28173101,,,,
202055_at,0.00327109,0.27562253,,,,
1566607_at,0.00328314,-0.1487507,,,,
241597_at,0.00329757,-0.19687883,,,,
244577_at,0.00330247,-0.22902257,,,,
202209_at,0.00330753,0.34712163,,,,
208303_s_at,0.00332723,-0.2183721,,,,
229363_at,0.0033365,-0.62592969,,,,
1563706_at,0.00333733,-0.17844138,,,,
215805_at,0.00334798,-0.24176476,,,,
218135_at,0.00334994,0.40151754,,,,
1554202_x_at,0.00336845,-0.27120205,,,,
228579_at,0.00337095,-0.33152194,,,,
234404_at,0.00337659,-0.19710845,,,,
202817_s_at,0.00338592,0.47522565,,,,
236762_at,0.00338651,-0.17450325,,,,
224687_at,0.00339382,0.47347212,,,,
37433_at,0.00340799,0.624925,,,,
204171_at,0.0034541,0.36296365,,,,
1569765_at,0.00345724,-0.21647703,,,,
218209_s_at,0.00346235,0.42278066,,,,
207771_at,0.00346567,-0.18400104,,,,
218333_at,0.003473,0.3477808,,,,
213692_s_at,0.00347449,-0.2272536,,,,
1570249_x_at,0.00347453,-0.1472168,,,,
229928_at,0.0034765,0.49719212,,,,
227424_x_at,0.00347964,0.39245822,,,,
207642_at,0.00350181,-0.17617072,,,,
218413_s_at,0.00352535,0.24999469,,,,
1562595_at,0.00352574,-0.13008849,,,,
1553380_at,0.00353446,-0.16622304,,,,
219499_at,0.00354789,0.4441838,,,,
211010_s_at,0.00355509,-0.22805752,,,,
1562256_at,0.00355813,-0.26569697,,,,
238007_at,0.00356158,0.52541799,,,,
237255_at,0.00359324,-0.30605571,,,,
217183_at,0.00360125,-0.20297333,,,,
228677_s_at,0.00360922,-0.28280869,,,,
218538_s_at,0.0036101,0.58266131,,,,
240375_at,0.00361871,-0.19468279,,,,
241204_at,0.00362078,-0.16126747,,,,
222624_s_at,0.00362137,0.45898383,,,,
211879_x_at,0.00363569,-0.22931637,,,,
224629_at,0.00363842,0.34553242,,,,
219040_at,0.00364432,-0.31800356,,,,
1566500_at,0.00365919,-0.20145444,,,,
1553572_a_at,0.00367316,-0.26553528,,,,
204445_s_at,0.00367531,-0.59025029,,,,
214520_at,0.00367773,-0.20741926,,,,
1565697_at,0.00369147,-0.18757134,,,,
235843_at,0.0036919,-0.20396708,,,,
234273_at,0.00369219,-0.1984263,,,,
1557466_at,0.00370261,-0.19621655,,,,
1552884_at,0.00370339,-0.27664347,,,,
236475_at,0.00370546,-0.34702157,,,,
1557203_at,0.00373958,-0.16762474,,,,
225631_at,0.00376913,-0.45025899,,,,
1554173_at,0.00378778,-0.21857745,,,,
1552438_a_at,0.00380968,-0.17530191,,,,
225730_s_at,0.00382063,0.44844397,,,,
232829_at,0.00383063,-0.40290821,,,,
1553163_at,0.00383432,-0.19811281,,,,
204297_at,0.00386773,0.37856232,,,,
1555823_at,0.00386917,-0.21646105,,,,
216849_at,0.00387402,-0.29656111,,,,
1563090_at,0.00387713,-0.17949926,,,,
240697_at,0.0038834,-0.19540595,,,,
234291_s_at,0.00388846,-0.64003733,,,,
239204_at,0.00389157,-0.28521418,,,,
220879_at,0.0038921,-0.16706953,,,,
234545_at,0.00390443,-0.18837038,,,,
1558628_at,0.00391304,0.19429918,,,,
211599_x_at,0.00391845,-0.6913031,,,,
239575_at,0.00393019,-0.16891868,,,,
203202_at,0.00394228,0.45900029,,,,
1563608_a_at,0.00397074,-0.18567439,,,,
1563302_at,0.00397151,-0.18470634,,,,
226966_at,0.0039843,0.31938163,,,,
1561472_at,0.00400524,-0.17001335,,,,
216458_at,0.00401408,-0.16649973,,,,
1570331_at,0.00402677,-0.20839501,,,,
206589_at,0.00403164,-0.33793243,,,,
206556_at,0.00403807,0.68712899,,,,
208071_s_at,0.0040567,-0.45191326,,,,
208269_s_at,0.00408174,-0.39107818,,,,
222278_at,0.00408344,-0.26466289,,,,
243684_at,0.00408812,-0.1716457,,,,
243798_at,0.00409133,-0.17056568,,,,
214065_s_at,0.00411401,-0.22654633,,,,
1555620_a_at,0.00413238,-0.21669231,,,,
224203_at,0.00414742,-0.18358928,,,,
1560869_a_at,0.00416711,-0.22485317,,,,
202816_s_at,0.00418941,0.48533692,,,,
241246_at,0.00419698,-0.25270876,,,,
1563117_at,0.00422229,-0.16721576,,,,
1553805_at,0.00422939,-0.15105976,,,,
1562803_at,0.00422966,-0.14070772,,,,
242333_at,0.00423086,-0.12572465,,,,
227993_at,0.00424304,0.52005411,,,,
227428_at,0.00424975,0.47179827,,,,
210093_s_at,0.00424982,0.38235011,,,,
227601_at,0.0042513,0.33036672,,,,
226379_s_at,0.00425225,-0.2224901,,,,
216929_x_at,0.00425706,-0.4425217,,,,
233586_s_at,0.00426693,-0.60980197,,,,
1570008_at,0.00427712,-0.17764824,,,,
231006_at,0.00428531,-0.18295971,,,,
221473_x_at,0.00428902,-0.37056658,,,,
233631_x_at,0.00429017,-0.21559848,,,,
1555632_at,0.00429499,-0.22603251,,,,
206568_at,0.00430222,-0.17043499,,,,
229788_s_at,0.00430887,-0.1432138,,,,
225551_at,0.00433574,0.47138776,,,,
238270_x_at,0.00434411,-0.23304591,,,,
220000_at,0.00435356,-0.4508882,,,,
1559600_at,0.00437669,-0.1940509,,,,
239905_at,0.00438635,-0.13210462,,,,
241518_at,0.0043894,-0.19918538,,,,
208018_s_at,0.00440844,-0.81171832,,,,
220782_x_at,0.00442141,-0.65807113,,,,
1568723_at,0.00442483,-0.16091247,,,,
202631_s_at,0.00443283,0.50928016,,,,
222765_x_at,0.00443854,0.5267441,,,,
234680_at,0.00445272,-0.22378289,,,,
201879_at,0.0044593,0.42031678,,,,
225500_x_at,0.00447104,-0.26612065,,,,
1554707_at,0.00449124,-0.14193561,,,,
224193_s_at,0.00449971,-0.16253709,,,,
238097_at,0.00450197,-0.26704022,,,,
221869_at,0.00451019,0.70671476,,,,
222929_at,0.00453887,0.24960009,,,,
230501_at,0.00454823,-0.17516414,,,,
217354_s_at,0.00455984,-0.30631516,,,,
1560279_a_at,0.00456418,-0.17869955,,,,
206270_at,0.00456679,-0.16717763,,,,
235119_at,0.00457483,0.36578826,,,,
1569775_at,0.0045798,-0.26477773,,,,
1566093_at,0.00459052,-0.18757845,,,,
65493_at,0.00459461,0.41209841,,,,
214196_s_at,0.00460298,-0.55169226,,,,
242959_at,0.00460516,-0.20571808,,,,
37254_at,0.00460831,0.40385867,,,,
239751_at,0.00462028,-0.34647227,,,,
232253_at,0.0046341,-0.35604041,,,,
244071_at,0.00464179,0.45479632,,,,
1552504_a_at,0.00467224,-0.31350221,,,,
233870_at,0.00467447,-0.2072354,,,,
216408_at,0.00469927,-0.14809783,,,,
218598_at,0.00470746,0.36664085,,,,
220260_at,0.00471038,0.40834911,,,,
223303_at,0.00472068,-0.57047245,,,,
202803_s_at,0.00474773,-0.85279353,,,,
216428_x_at,0.0047482,-0.2238905,,,,
1570281_at,0.00476131,-0.20787576,,,,
213357_at,0.00479104,0.46480135,,,,
1555500_s_at,0.0047921,0.49408942,,,,
1563370_at,0.00479675,-0.14816982,,,,
1565908_at,0.00480062,-0.19177138,,,,
1555650_at,0.0048017,-0.18114825,,,,
238749_at,0.00485325,-0.19240188,,,,
203970_s_at,0.00487127,0.46909533,,,,
234427_at,0.00487403,-0.1452704,,,,
1567628_at,0.00487508,-0.84536437,,,,
233008_at,0.00487616,-0.21745319,,,,
240510_at,0.00487968,-0.16171789,,,,
240010_at,0.00489578,-0.21909999,,,,
1562834_at,0.00491453,-0.20425939,,,,
241073_at,0.00494413,-0.16642847,,,,
1556987_s_at,0.00494992,-0.22397856,,,,
210971_s_at,0.00496235,-0.55632226,,,,
215934_at,0.00496673,-0.20890074,,,,
239138_at,0.00499783,0.49083345,,,,
228945_s_at,0.00501834,-0.26333325,,,,
221757_at,0.00502821,-0.41020779,,,,
227715_at,0.00504176,-0.34492676,,,,
220226_at,0.00506637,-0.1609688,,,,
1568717_a_at,0.00507117,-0.20219526,,,,
228938_at,0.00507563,-0.34925114,,,,
205456_at,0.00508025,-0.32037335,,,,
212554_at,0.00510332,0.95921822,,,,
1560162_at,0.00510817,-0.15888834,,,,
214648_at,0.00511047,-0.14350191,,,,
213807_x_at,0.00511071,-0.59376321,,,,
219856_at,0.00512513,-0.91002226,,,,
57703_at,0.00513463,0.50264211,,,,
1560382_at,0.00514126,-0.22935784,,,,
210040_at,0.00516781,-0.1351364,,,,
1560129_at,0.00518322,-0.14563147,,,,
240611_at,0.00519465,-0.16459435,,,,
1555203_s_at,0.00519469,-1.35323632,,,,
243922_at,0.00520069,-0.19431976,,,,
242245_at,0.0052008,0.98072957,,,,
215821_x_at,0.00520084,-0.52102325,,,,
225884_s_at,0.00521275,0.37295219,,,,
1553359_at,0.00521536,-0.24153465,,,,
1554503_a_at,0.00522257,-0.65626305,,,,
234316_x_at,0.00522409,-0.51156856,,,,
207368_at,0.00523621,-0.4662635,,,,
224446_at,0.00524886,0.40074844,,,,
231484_at,0.0052502,-0.55798091,,,,
221100_at,0.00526138,-0.52345925,,,,
231267_at,0.00527172,-0.17779779,,,,
1562850_at,0.00529533,-0.1355069,,,,
1556414_at,0.00529577,0.32554041,,,,
241517_at,0.00530958,-0.20517018,,,,
244002_at,0.00530981,-0.17921972,,,,
218166_s_at,0.00533107,0.42457363,,,,
242259_at,0.00533375,-0.16266945,,,,
211534_x_at,0.0053418,-0.44322591,,,,
234638_at,0.00534457,0.17704524,,,,
1566147_a_at,0.00535478,-0.30224065,,,,
211587_x_at,0.00537581,-0.28305978,,,,
236572_at,0.00537611,-0.210903,,,,
222305_at,0.00537949,0.33104619,,,,
225073_at,0.005383,0.35786436,,,,
220121_at,0.00538677,0.52651075,,,,
223804_s_at,0.00538734,0.27121335,,,,
241855_s_at,0.00538826,-0.14207455,,,,
203266_s_at,0.00539953,0.43642366,,,,
1553447_at,0.00540536,-0.19776408,,,,
225535_s_at,0.00542317,0.34108545,,,,
214316_x_at,0.00542553,0.40906129,,,,
234264_at,0.00542825,-0.16462489,,,,
203402_at,0.00544104,-0.53032871,,,,
223202_s_at,0.00544327,-0.4449556,,,,
226109_at,0.00544483,0.76188386,,,,
228869_at,0.00545427,-0.75958065,,,,
208468_at,0.00551679,-0.21125088,,,,
1561712_at,0.00552155,-0.20919593,,,,
219538_at,0.00552364,0.40157558,,,,
1566728_at,0.00552616,-0.17121845,,,,
237453_at,0.00552721,-0.17809757,,,,
1565082_x_at,0.00554137,-0.25667727,,,,
205914_s_at,0.00556032,-0.23128974,,,,
216085_at,0.00556282,-0.22557677,,,,
206406_at,0.00556444,-0.2060911,,,,
215484_at,0.00556871,-0.20255667,,,,
234772_s_at,0.00557226,-0.14784021,,,,
232982_at,0.00558781,-0.17810443,,,,
239664_at,0.00559508,-0.16278647,,,,
237494_at,0.00559869,-0.17749118,,,,
1555775_a_at,0.00560257,-0.14404267,,,,
216291_at,0.00560927,-0.15290087,,,,
236991_at,0.00562028,-0.16354037,,,,
202265_at,0.00562959,0.3977387,,,,
1555970_at,0.00563582,-0.31706144,,,,
223412_at,0.00563676,0.44353481,,,,
221459_at,0.00565325,-0.17402931,,,,
230232_at,0.00565331,-0.17398192,,,,
1568513_x_at,0.00572037,-0.30581722,,,,
214569_at,0.00572203,-0.13400107,,,,
1556507_at,0.00572757,-0.258262,,,,
1566141_at,0.00574693,-0.17964908,,,,
216579_at,0.00576676,-0.26425701,,,,
208114_s_at,0.00577152,0.45717926,,,,
220566_at,0.00578162,-0.22742963,,,,
230638_at,0.00578915,-0.18626008,,,,
240343_at,0.00579027,-0.19127892,,,,
211521_s_at,0.00580082,-0.24571612,,,,
1569176_at,0.00580769,-0.1688559,,,,
234589_at,0.0058132,-0.16124836,,,,
232637_at,0.00581445,-0.19628939,,,,
226861_at,0.00581504,0.23521245,,,,
233373_at,0.00582217,-0.12319675,,,,
241990_at,0.00583981,0.98798646,,,,
1553770_a_at,0.00584434,-0.52051059,,,,
233088_at,0.00584936,-0.22701371,,,,
226533_at,0.00585685,0.61248857,,,,
216637_at,0.00585781,-0.23910422,,,,
1562892_at,0.00585837,-0.1676931,,,,
203654_s_at,0.00586542,0.31516916,,,,
233312_at,0.00587037,-0.13041957,,,,
206783_at,0.00591655,-0.21598619,,,,
220023_at,0.00594271,-0.52842386,,,,
203250_at,0.00594887,0.30731454,,,,
1553083_at,0.0059499,-0.230593,,,,
1560631_at,0.00596269,-0.15570829,,,,
234667_at,0.00596501,-0.18927119,,,,
244769_at,0.00597098,-0.18767485,,,,
1562831_a_at,0.00597333,-0.18641817,,,,
211176_s_at,0.00597436,-0.22954592,,,,
211659_at,0.0059771,-0.17289336,,,,
227869_at,0.00597838,0.35480195,,,,
222997_s_at,0.00598424,0.53039688,,,,
1566512_at,0.00598857,-0.22781357,,,,
234467_at,0.00599575,-0.13384217,,,,
1556508_s_at,0.00599642,-0.14405126,,,,
232686_at,0.00601844,-0.3791269,,,,
224759_s_at,0.00602387,0.46829054,,,,
233184_at,0.00602583,-0.16210121,,,,
1566956_at,0.00604093,-0.19475024,,,,
1557207_s_at,0.00604195,-0.35767753,,,,
1565803_at,0.00604211,-0.19335865,,,,
1569421_at,0.00604724,-0.18256081,,,,
233537_at,0.00605308,-0.18903149,,,,
203075_at,0.00606725,0.42592333,,,,
234469_at,0.00607484,-0.18337281,,,,
243748_at,0.00608905,-0.1614926,,,,
215195_at,0.00610093,-0.65221102,,,,
231524_at,0.00610109,-0.18655738,,,,
209936_at,0.00610682,-0.30441427,,,,
1560590_s_at,0.00611706,-0.17087197,,,,
223214_s_at,0.00613214,0.44568708,,,,
1558787_a_at,0.00614019,-0.20379424,,,,
235365_at,0.00614384,0.60250589,,,,
209962_at,0.00615293,-0.30024787,,,,
237009_at,0.00617004,-0.17387212,,,,
240856_at,0.00617329,-0.58286539,,,,
230775_s_at,0.00618372,-0.23950225,,,,
222604_at,0.00618475,0.43505474,,,,
203731_s_at,0.00618927,0.26487032,,,,
234711_s_at,0.00619413,0.22652885,,,,
239287_at,0.00621359,-0.83089463,,,,
220486_x_at,0.00621768,-0.51115796,,,,
216995_x_at,0.00622539,-0.21676753,,,,
221421_s_at,0.00622602,-0.22864803,,,,
215485_s_at,0.0062306,-0.5367404,,,,
234060_at,0.00624436,-0.12979063,,,,
205344_at,0.00624802,-0.34883537,,,,
222579_at,0.006261,0.38334142,,,,
1552395_at,0.00626293,-0.20432504,,,,
226219_at,0.00627308,-0.67360697,,,,
222698_s_at,0.00628812,0.56578428,,,,
214627_at,0.00634032,-0.19142539,,,,
201894_s_at,0.00635173,0.30871778,,,,
229506_at,0.00635856,0.54580118,,,,
1555545_at,0.00636003,-0.1740713,,,,
242097_at,0.00636226,-0.20284884,,,,
234956_at,0.00636742,-0.18231933,,,,
226787_at,0.00637845,0.37664788,,,,
203464_s_at,0.00638231,0.29547912,,,,
226797_at,0.00638785,0.38603459,,,,
1564336_at,0.00639353,-0.20182172,,,,
214847_s_at,0.00640725,-0.22266539,,,,
215864_at,0.00641099,-0.16953992,,,,
238291_at,0.00641514,0.15309861,,,,
217207_s_at,0.00644356,-0.32978809,,,,
1559220_at,0.00645084,-0.22306106,,,,
208530_s_at,0.00645183,-0.29233276,,,,
227396_at,0.0064533,-0.64667583,,,,
208894_at,0.00645975,-0.63430545,,,,
1554949_at,0.0064636,-0.17135527,,,,
221135_s_at,0.0064644,0.35840065,,,,
209312_x_at,0.00646782,-0.702721,,,,
216960_s_at,0.00651476,0.41488877,,,,
1553850_at,0.00651908,-0.17329608,,,,
217318_x_at,0.00653548,-0.18442637,,,,
226418_at,0.00658703,0.38149979,,,,
240729_at,0.00658759,-0.24290537,,,,
204282_s_at,0.00658972,0.29319872,,,,
1553906_s_at,0.00659094,-0.4399789,,,,
1570607_at,0.00664549,-0.1916111,,,,
212161_at,0.00664782,-0.26280148,,,,
235412_at,0.00666367,-0.16579748,,,,
218395_at,0.00668824,0.39539035,,,,
223442_at,0.00669391,-0.32718272,,,,
217044_s_at,0.00669876,-0.19452275,,,,
240862_at,0.00670235,-0.23141329,,,,
215500_at,0.00670321,-0.19362615,,,,
1561546_at,0.00670469,-0.15721642,,,,
221422_s_at,0.00670531,-0.20114267,,,,
216387_x_at,0.00671417,-0.21733265,,,,
243823_at,0.00671432,-0.12719005,,,,
1560560_at,0.00671736,-0.15730152,,,,
1563002_at,0.00672567,-0.1257403,,,,
239127_at,0.00675125,0.49352004,,,,
203555_at,0.00676447,-0.35251823,,,,
1569352_at,0.00676915,-0.29303267,,,,
1570230_at,0.00679595,-0.19165881,,,,
234703_at,0.00679844,-0.22628099,,,,
207098_s_at,0.00680205,0.48915104,,,,
210683_at,0.00680805,1.0485226,,,,
233016_at,0.00682778,-0.14136528,,,,
205781_at,0.00682782,0.35438029,,,,
1560566_at,0.00683852,-0.15355383,,,,
207705_s_at,0.00685195,0.55309058,,,,
238170_at,0.00687617,0.19843661,,,,
234718_at,0.00687647,-0.15941003,,,,
1564259_at,0.0068766,-0.16149358,,,,
1568691_at,0.00687876,-0.16993244,,,,
1562719_at,0.00688273,-0.21840559,,,,
1558641_at,0.0068853,-0.28309165,,,,
207524_at,0.00689765,-0.32817794,,,,
218842_at,0.00690241,0.37235989,,,,
1562682_at,0.00691153,-0.1328258,,,,
242637_at,0.00691207,-0.34738811,,,,
205197_s_at,0.00694106,-0.65353726,,,,
210345_s_at,0.00694566,-0.20735592,,,,
218605_at,0.00695061,0.43986591,,,,
1563005_at,0.00695454,-0.19821078,,,,
1562257_x_at,0.00695977,-0.26746551,,,,
237263_at,0.00696158,-0.27598812,,,,
1554857_at,0.00696392,-0.21267774,,,,
1555099_at,0.00696824,-0.17833298,,,,
225689_at,0.00697465,0.54101289,,,,
219333_s_at,0.00697664,-0.28115204,,,,
219094_at,0.00698494,0.50161512,,,,
223637_s_at,0.0069995,-0.32862426,,,,
219620_x_at,0.00700071,-0.77047388,,,,
220560_at,0.0070017,-0.32527214,,,,
1560978_at,0.00701215,-0.18210753,,,,
217830_s_at,0.00701229,0.28889347,,,,
204670_x_at,0.007025,-0.7117665,,,,
220947_s_at,0.00703155,-0.30094975,,,,
1568903_at,0.00704784,-0.27062309,,,,
201880_at,0.00705014,0.37301221,,,,
213591_at,0.00705456,0.45016555,,,,
221324_at,0.00705931,-0.23070198,,,,
223171_at,0.00708294,0.37955034,,,,
209329_x_at,0.00709599,-0.34028229,,,,
213427_at,0.00709716,0.50053212,,,,
215520_at,0.00710554,-0.13356358,,,,
216578_at,0.00711198,-0.17444701,,,,
216203_at,0.00713197,-0.19223099,,,,
229195_at,0.00715093,-0.19170671,,,,
215040_at,0.00715839,-0.21638278,,,,
211588_s_at,0.00715862,-0.22152959,,,,
1553956_at,0.00717609,0.66638034,,,,
233474_at,0.00718077,-0.15022695,,,,
200087_s_at,0.00719565,0.19729112,,,,
223944_at,0.00719588,-0.27920062,,,,
220055_at,0.00721312,0.48856373,,,,
1566908_at,0.00721617,-0.2206265,,,,
239302_s_at,0.00721736,0.81933686,,,,
207074_s_at,0.0072236,-0.29646464,,,,
225131_at,0.00722579,0.27975869,,,,
201053_s_at,0.00724812,0.32568073,,,,
217002_s_at,0.00726181,-0.22890767,,,,
225953_at,0.00727381,0.35461434,,,,
1553722_s_at,0.00727404,0.54012472,,,,
220047_at,0.0072786,0.40067693,,,,
241316_at,0.00729176,0.22342721,,,,
241285_at,0.00729554,-0.20129416,,,,
234768_at,0.00729635,-0.19783217,,,,
240145_at,0.00730057,-0.44827929,,,,
240579_at,0.00731709,0.16651111,,,,
236942_at,0.00733458,-0.12951665,,,,
1561401_at,0.00733573,-0.18271485,,,,
218851_s_at,0.00734515,0.5599178,,,,
1554589_at,0.00734693,-0.30729976,,,,
1562346_at,0.00735376,-0.25858558,,,,
228245_s_at,0.00735984,1.43890999,,,,
1570165_at,0.00736417,-0.13906909,,,,
240934_at,0.00736975,-0.1949213,,,,
1553721_at,0.00737778,0.39361287,,,,
1554965_at,0.00739399,-0.14295838,,,,
1570364_at,0.00741903,0.34456079,,,,
243405_at,0.00743939,0.36404937,,,,
211544_s_at,0.00744436,-0.20323849,,,,
211769_x_at,0.00746076,-0.36283726,,,,
210577_at,0.00746367,-0.25151549,,,,
1564209_at,0.00746398,-0.1305567,,,,
211230_s_at,0.00746421,-0.31080191,,,,
1560643_x_at,0.0074666,-0.17361465,,,,
200954_at,0.00747414,-0.47928665,,,,
215532_x_at,0.00747677,0.73345843,,,,
224249_at,0.00749076,-0.16625262,,,,
233189_at,0.00749838,-0.26301415,,,,
216943_at,0.0075122,-0.19699132,,,,
218637_at,0.00751865,0.49675024,,,,
1564907_s_at,0.00753538,-0.37189672,,,,
235668_at,0.00753784,-0.34114414,,,,
202040_s_at,0.00753813,0.4586377,,,,
202013_s_at,0.00754908,0.40170512,,,,
1566032_at,0.0075515,-0.19557598,,,,
201551_s_at,0.00755757,-0.87987541,,,,
235982_at,0.00756083,-0.18648817,,,,
1565787_at,0.00756378,-0.15017299,,,,
237988_at,0.0076032,-0.17260397,,,,
215430_at,0.00762252,-0.19093832,,,,
234644_x_at,0.00762305,-0.26451353,,,,
244136_at,0.00762818,-0.17760977,,,,
1556340_at,0.00763424,-0.30130929,,,,
238646_at,0.00763509,0.59019666,,,,
209056_s_at,0.00764361,0.32543081,,,,
241862_x_at,0.00764694,-0.26037933,,,,
202419_at,0.0076481,0.34903501,,,,
238758_at,0.00766135,-0.23658618,,,,
231155_at,0.0076872,-0.13828335,,,,
209328_x_at,0.00769592,-0.20707729,,,,
244802_at,0.00772439,0.89751335,,,,
229519_at,0.00773287,0.46193844,,,,
1557244_a_at,0.00775769,-0.1709549,,,,
231241_at,0.00776704,-0.25051867,,,,
201720_s_at,0.00777521,-0.80494316,,,,
218133_s_at,0.00777612,0.35534178,,,,
1554201_at,0.00778143,-0.21511232,,,,
203730_s_at,0.00779376,0.39069943,,,,
210647_x_at,0.00783628,-0.20967528,,,,
1564029_at,0.00784462,-0.12057935,,,,
242701_at,0.0078781,-0.22030789,,,,
1564281_at,0.00790732,-0.33418722,,,,
204839_at,0.00792496,0.33826317,,,,
240917_at,0.00792706,-0.15117932,,,,
1552558_a_at,0.00793211,-0.20607722,,,,
216327_s_at,0.0079323,-0.18280219,,,,
241710_at,0.00793335,0.66961023,,,,
215651_at,0.00794015,-0.2141348,,,,
237828_at,0.00794076,-0.16827414,,,,
1566824_at,0.00799625,-0.21076584,,,,
215492_x_at,0.00801349,-0.15793635,,,,
238809_at,0.00802494,-0.17780335,,,,
204192_at,0.00804017,-0.67010743,,,,
233501_at,0.00804899,-0.17108262,,,,
231476_at,0.00805092,-0.17529418,,,,
221461_at,0.00806187,-0.15716453,,,,
237192_at,0.00806726,-0.20763959,,,,
243436_at,0.00807962,-0.11344173,,,,
215365_at,0.00808221,-0.14317847,,,,
209619_at,0.0080884,-0.69522355,,,,
241588_at,0.00810545,-0.13601534,,,,
217199_s_at,0.00811542,-0.23355266,,,,
223201_s_at,0.00812138,-0.51835125,,,,
1556725_a_at,0.00813912,-0.11677535,,,,
223105_s_at,0.00814131,0.25429318,,,,
223733_s_at,0.00815125,-0.26817073,,,,
226696_at,0.00815281,0.43110888,,,,
1562688_at,0.00815317,-0.13144077,,,,
229668_at,0.00818821,-0.20401272,,,,
221101_at,0.00819326,-0.13621506,,,,
1569105_at,0.00819972,-0.26217955,,,,
214172_x_at,0.00822174,0.38208956,,,,
1556962_at,0.00824627,-0.27336398,,,,
207260_at,0.00825857,-0.26444767,,,,
229465_s_at,0.00826795,0.6707017,,,,
233120_at,0.00827231,0.1161926,,,,
244615_x_at,0.00828578,0.34565144,,,,
1566884_at,0.00829491,-0.17011288,,,,
234900_at,0.00831108,-0.16987784,,,,
224829_at,0.00833088,-0.58877711,,,,
1557405_at,0.00833328,-0.15243644,,,,
1569806_at,0.00833666,-0.15271176,,,,
1554518_at,0.00833962,-0.32947687,,,,
238700_at,0.00835301,0.50708778,,,,
231054_at,0.00837239,-0.19495163,,,,
222869_s_at,0.00838069,0.50729993,,,,
208013_s_at,0.00838352,-0.18175651,,,,
1559266_s_at,0.00840238,0.69455655,,,,
1569034_a_at,0.00840253,-0.1521677,,,,
220643_s_at,0.00840343,0.45813115,,,,
1553003_at,0.00840368,-0.1625884,,,,
234889_at,0.00840506,-0.15880528,,,,
201928_at,0.00842864,0.32361046,,,,
1559311_at,0.00844697,-0.19256345,,,,
217043_s_at,0.00844965,0.44208442,,,,
238357_at,0.00846203,-0.14879158,,,,
218490_s_at,0.00847155,0.56198133,,,,
223267_at,0.00848008,0.36564615,,,,
221559_s_at,0.00853119,0.35343747,,,,
221821_s_at,0.00854211,0.29860207,,,,
1556621_a_at,0.00854798,-0.18006773,,,,
1560075_at,0.00855048,-0.11672353,,,,
205597_at,0.0085508,-1.62360011,,,,
1563573_at,0.00856085,-0.37351004,,,,
1553006_at,0.00856304,-0.15558591,,,,
213260_at,0.00856763,0.70149683,,,,
220423_at,0.00857092,-0.32787239,,,,
244767_at,0.00857374,0.19722722,,,,
220094_s_at,0.00859804,0.41314548,,,,
244554_at,0.00860767,-0.16840058,,,,
1563385_at,0.00861008,-0.13078255,,,,
230474_at,0.00861331,-0.19451941,,,,
1559502_s_at,0.00862348,-0.40741148,,,,
225470_at,0.00863015,0.32318519,,,,
1556291_at,0.00863639,-0.21763583,,,,
1553585_a_at,0.00865595,-0.16459066,,,,
237748_at,0.00865989,-0.3665571,,,,
212551_at,0.00868989,0.81222101,,,,
218118_s_at,0.00870804,0.3574723,,,,
212193_s_at,0.00871807,-0.67973067,,,,
208244_at,0.00875675,-0.22885129,,,,
202749_at,0.0087705,0.39655757,,,,
216364_s_at,0.00877679,-0.18551396,,,,
206885_x_at,0.00878272,-0.16942349,,,,
1569792_a_at,0.00878483,0.43372466,,,,
1553499_s_at,0.00879517,-0.24092997,,,,
203388_at,0.00879872,-0.57915452,,,,
222627_at,0.00881499,0.37248305,,,,
210094_s_at,0.00885633,0.42518015,,,,
1552806_a_at,0.00886798,-0.32063353,,,,
1569730_at,0.00888372,-0.17999476,,,,
230545_at,0.00889114,0.27198461,,,,
231892_at,0.00889142,-0.28613753,,,,
1552899_at,0.0088916,-0.19262279,,,,
203182_s_at,0.00890115,0.44214677,,,,
1559321_at,0.00891091,-0.21600847,,,,
221150_at,0.00892195,-0.18407183,,,,
212213_x_at,0.00894942,0.31572232,,,,
220397_at,0.00896947,0.64910452,,,,
216779_at,0.0089747,-0.13733015,,,,
210867_at,0.008981,0.30971882,,,,
221369_at,0.00898433,-0.15585275,,,,
210407_at,0.00899138,0.48751309,,,,
210401_at,0.00899522,-0.23944656,,,,
1566978_at,0.00899547,-0.13703804,,,,
211900_x_at,0.00899738,-0.22439327,,,,
232283_at,0.00900673,0.43128978,,,,
229533_x_at,0.00901441,0.53193559,,,,
1562797_at,0.00902616,-0.16353415,,,,
1553424_at,0.00905284,-0.14115819,,,,
1553761_at,0.00905983,-0.12369915,,,,
1569953_at,0.0090613,-0.18541112,,,,
1570068_at,0.00907174,-0.14897768,,,,
219393_s_at,0.00907349,-0.35377873,,,,
211938_at,0.00908675,-0.29107433,,,,
242601_at,0.00908716,-1.52475954,,,,
207428_x_at,0.00908833,-0.31983764,,,,
1566697_at,0.00909495,-0.1743757,,,,
1562869_at,0.00912111,-0.18157231,,,,
225263_at,0.0091288,0.52596941,,,,
207992_s_at,0.00913293,-0.55637243,,,,
225502_at,0.00913932,-0.79081996,,,,
1556001_at,0.00914336,-0.20195189,,,,
243437_at,0.00916391,-0.21444351,,,,
218651_s_at,0.00916934,0.69164608,,,,
227380_x_at,0.00917151,-0.19258342,,,,
1564783_x_at,0.00917197,-0.17792841,,,,
1570293_at,0.0091991,-0.15316851,,,,
1569419_at,0.00920318,-0.1729668,,,,
243291_at,0.0092299,-0.16685919,,,,
230382_at,0.00923249,-0.17610979,,,,
1569428_at,0.00923685,-0.22436916,,,,
224521_s_at,0.00923862,0.45459028,,,,
1554867_a_at,0.00927915,-0.32694874,,,,
242373_at,0.0092823,-0.18574999,,,,
224355_s_at,0.00928242,-0.45269405,,,,
237892_at,0.00928808,-0.21321922,,,,
1554640_at,0.00929101,0.80572901,,,,
222541_at,0.00933354,0.36184903,,,,
243534_at,0.0093381,-0.1764619,,,,
216360_x_at,0.00934988,-0.2430179,,,,
216172_at,0.00935523,-0.17190255,,,,
201979_s_at,0.00936599,-0.44052616,,,,
222330_at,0.00937588,-0.25534472,,,,
224531_at,0.00937618,-0.17041665,,,,
237711_at,0.00937663,-0.13503619,,,,
200777_s_at,0.009378,0.27294185,,,,
208700_s_at,0.00938764,-0.47373979,,,,
218292_s_at,0.00938906,-0.56093346,,,,
234439_at,0.00941598,-0.19077836,,,,
207285_x_at,0.0094181,-0.20174623,,,,
205028_at,0.00942898,0.23868279,,,,
208304_at,0.00943776,-0.36999154,,,,
230691_at,0.00946084,-0.2249541,,,,
1570357_at,0.00949612,-0.14109807,,,,
209828_s_at,0.00950229,-0.38763527,,,,
1562686_at,0.00951484,-0.12641272,,,,
231347_at,0.00952539,-0.24184162,,,,
201658_at,0.00953223,0.32231113,,,,
237487_at,0.00953732,-0.14844188,,,,
212291_at,0.00955253,-0.50356438,,,,
226162_at,0.00956184,-0.18328378,,,,
203533_s_at,0.00958552,0.40776697,,,,
234187_at,0.00962704,-0.21759708,,,,
1568408_x_at,0.00963745,-0.21054027,,,,
221144_at,0.00965843,-0.10893839,,,,
210773_s_at,0.00967264,-0.39423815,,,,
1561218_s_at,0.00970663,-0.15429235,,,,
205484_at,0.00970687,-0.34944682,,,,
1562133_x_at,0.00971269,0.12335805,,,,
208838_at,0.00971909,0.54198464,,,,
244273_at,0.00974223,-0.14961977,,,,
211434_s_at,0.00974978,-0.69894275,,,,
218744_s_at,0.0097525,0.6730754,,,,
240781_x_at,0.00975315,0.32809679,,,,
242642_at,0.00977449,0.18059939,,,,
221346_at,0.00979269,-0.18922628,,,,
208762_at,0.00979336,0.32204578,,,,
244218_at,0.00980709,-0.16806646,,,,
213129_s_at,0.00981872,0.42107458,,,,
1561813_at,0.00983338,-0.10299523,,,,
238817_at,0.00985292,-0.18094789,,,,
1553426_at,0.00986776,-0.15488986,,,,
226493_at,0.00988415,0.31820752,,,,
210890_x_at,0.00989884,-0.18596007,,,,
237034_at,0.00990458,0.4413256,,,,
1558438_a_at,0.00991023,-0.33705261,,,,
233909_at,0.00992536,-0.12534968,,,,
201394_s_at,0.00993306,-0.30826645,,,,
1552969_a_at,0.00993807,-0.24341468,,,,
219045_at,0.00994331,-0.79537204,,,,
238980_x_at,0.00996333,-0.192567,,,,
1562011_at,0.00996617,-0.11060923,,,,
1553727_at,0.00996825,-0.30313219,,,,
1556187_at,0.00997289,0.21239929,,,,
228779_at,0.00997695,-0.29630541,,,,
222095_s_at,0.00998035,-0.24855776,,,,
232200_at,0.00999452,-0.13469412,,,,
200819_s_at,0.01002615,-0.19966111,,,,
231853_at,0.01002647,0.44582688,,,,
231488_at,0.01003004,-0.16131377,,,,
240501_at,0.01003064,-0.20484285,,,,
210644_s_at,0.01007359,-0.60419,,,,
233733_at,0.01007954,-0.17161273,,,,
234851_at,0.01008776,-0.42688678,,,,
1562742_at,0.01010694,-0.14071094,,,,
1570328_s_at,0.01010996,-0.19352274,,,,
221578_at,0.01011786,-0.29652189,,,,
200041_s_at,0.01012345,-0.56182132,,,,
231427_at,0.01012558,-0.19734736,,,,
1554996_at,0.01013243,-0.1559435,,,,
224285_at,0.01013299,-0.16356214,,,,
206926_s_at,0.01014039,-0.19237312,,,,
235848_x_at,0.01014565,0.50059282,,,,
232115_at,0.01015313,-0.23348984,,,,
32540_at,0.01015628,-0.16314597,,,,
231746_at,0.0101932,-0.22358102,,,,
201988_s_at,0.01019888,-0.40159386,,,,
217091_at,0.01020683,-0.09984388,,,,
204103_at,0.01020865,-0.8342652,,,,
215193_x_at,0.01020974,-0.69343533,,,,
1563137_at,0.0102564,-0.20734445,,,,
241874_at,0.01027188,-0.36012339,,,,
240983_s_at,0.01027627,-0.60776879,,,,
213569_at,0.01027993,-0.21478694,,,,
1564193_at,0.01029951,-0.17464087,,,,
234690_at,0.01031226,-0.14998307,,,,
208602_x_at,0.01034059,-0.260522,,,,
209861_s_at,0.01045641,0.27062072,,,,
233782_at,0.01049047,-0.19278052,,,,
209362_at,0.01050346,0.41061523,,,,
220594_at,0.01050661,-0.1789171,,,,
234766_at,0.01051244,-0.17261852,,,,
244467_at,0.01052729,-0.20948059,,,,
215849_x_at,0.01052837,-0.113657,,,,
205743_at,0.01054599,-0.54193612,,,,
207395_at,0.01054773,-0.18416076,,,,
1562770_at,0.01055155,-0.18808705,,,,
236151_at,0.01055251,-0.18271552,,,,
215716_s_at,0.01055567,0.51575944,,,,
206607_at,0.01056445,-0.22780305,,,,
237960_at,0.01057664,-0.16029331,,,,
215270_at,0.01058665,-0.45356571,,,,
1570235_at,0.01060583,-0.09925327,,,,
1567277_at,0.0106214,-0.15235074,,,,
204012_s_at,0.01063221,0.34564762,,,,
227454_at,0.01063502,0.43007218,,,,
214766_s_at,0.01063781,0.31096746,,,,
207113_s_at,0.01063862,-0.4135968,,,,
244581_at,0.01064965,0.35213004,,,,
1555447_at,0.0106535,-0.17799321,,,,
243776_at,0.01065597,-0.14654272,,,,
224078_at,0.01066695,-0.39254366,,,,
234061_at,0.01067146,-0.21913791,,,,
206862_at,0.01067258,0.35981263,,,,
234744_x_at,0.0106767,-0.16233784,,,,
244701_at,0.01067733,-0.18322664,,,,
1552643_at,0.01069439,0.69892201,,,,
238023_at,0.01069963,-0.26263041,,,,
210443_x_at,0.01071467,-0.20983323,,,,
220380_at,0.01071675,-0.58751981,,,,
243331_at,0.01071735,-0.23646692,,,,
241229_at,0.01071757,-0.19604697,,,,
208224_at,0.01072137,-0.21130063,,,,
204081_at,0.01073572,-0.59714456,,,,
1569823_at,0.01075478,0.11620547,,,,
233229_at,0.01076233,-0.19718006,,,,
232782_at,0.01079542,-0.22985051,,,,
239137_x_at,0.01079669,-0.27350318,,,,
202164_s_at,0.01080488,-0.36348054,,,,
208052_x_at,0.01080994,-0.17946396,,,,
224150_s_at,0.01081922,0.57758809,,,,
240374_at,0.01082383,-0.16581397,,,,
228292_at,0.01082771,-0.32973547,,,,
217391_x_at,0.01082928,-0.18862274,,,,
226195_at,0.01083014,0.30652335,,,,
218005_at,0.01084404,0.51412762,,,,
1568936_a_at,0.01084605,0.11636341,,,,
230983_at,0.0108589,-0.21740659,,,,
1557841_at,0.01085951,-0.17545433,,,,
203055_s_at,0.01086062,-0.2398033,,,,
1560928_at,0.01086456,-0.18318395,,,,
231139_at,0.01086672,-0.1425818,,,,
225058_at,0.01088985,-0.28831871,,,,
214333_x_at,0.0109084,-0.27087658,,,,
206510_at,0.01092095,0.8965305,,,,
1560277_a_at,0.01092888,-0.15653857,,,,
207243_s_at,0.01093471,0.18007412,,,,
232246_at,0.01094268,-0.17277401,,,,
1556009_at,0.01095256,0.51306888,,,,
208565_at,0.01096375,-0.16801114,,,,
221602_s_at,0.01096608,-0.3918168,,,,
36994_at,0.01097209,-0.382602,,,,
1553118_at,0.01097618,0.43891649,,,,
1559304_at,0.01099631,-0.23630509,,,,
204907_s_at,0.01099923,-0.27866014,,,,
1553887_at,0.01103665,-0.12129111,,,,
234862_at,0.01103807,-0.18494783,,,,
230841_at,0.01105844,-0.15064556,,,,
1562976_at,0.01107579,-0.15162747,,,,
202162_s_at,0.01109284,-0.41819158,,,,
223707_at,0.01110156,-0.56413844,,,,
211201_at,0.01110767,-0.1579551,,,,
232337_at,0.01112492,-0.22089536,,,,
236634_at,0.01114283,0.77683966,,,,
215118_s_at,0.0111565,-0.5690015,,,,
228542_at,0.01115815,0.51017583,,,,
1554280_a_at,0.01117989,0.21821325,,,,
234157_at,0.01118225,-0.18090828,,,,
205644_s_at,0.01120416,0.31435241,,,,
222270_at,0.01121283,0.43111937,,,,
205966_at,0.01122214,0.64475006,,,,
205718_at,0.01126218,-0.36951575,,,,
229892_at,0.0112638,0.34699244,,,,
1555682_at,0.01129019,-0.18808199,,,,
206670_s_at,0.01130659,-0.32449317,,,,
1562687_x_at,0.01132071,-0.15830329,,,,
228457_at,0.01139453,0.51535939,,,,
230010_at,0.01140347,-0.24159065,,,,
1556061_at,0.01141993,0.37664688,,,,
234729_at,0.01142327,-0.21988192,,,,
1556406_at,0.01142373,-0.2048761,,,,
216298_at,0.0114306,-0.14237424,,,,
217067_s_at,0.0114312,0.12918747,,,,
213490_s_at,0.01143396,-0.66253413,,,,
1566549_at,0.0114365,-0.16665097,,,,
209879_at,0.01145598,-0.57556908,,,,
208438_s_at,0.01145877,-0.62525844,,,,
207473_at,0.01146083,-0.1994248,,,,
234203_at,0.01150354,-0.1750559,,,,
206791_s_at,0.01151249,-0.19262508,,,,
1554616_at,0.01151453,-0.22572701,,,,
244176_at,0.01152273,-0.18254016,,,,
241282_at,0.0115483,-0.23381351,,,,
221303_at,0.01155929,-0.15924415,,,,
226768_at,0.01157423,-0.2452333,,,,
208699_x_at,0.01158899,-0.54937599,,,,
212517_at,0.01159698,0.41820781,,,,
1569334_at,0.01160071,0.16491244,,,,
243451_at,0.01161623,-0.15532782,,,,
1570344_at,0.01162961,-0.17487368,,,,
1553069_at,0.01163578,-0.17685926,,,,
207376_at,0.01163942,-0.23088058,,,,
207030_s_at,0.0116451,0.89144599,,,,
207486_x_at,0.01165038,-0.50451878,,,,
216782_at,0.01165823,-0.32512249,,,,
209889_at,0.01166666,-0.2646379,,,,
232008_s_at,0.0116697,0.40816683,,,,
227082_at,0.01168085,0.86764849,,,,
230066_at,0.01168229,-0.24660286,,,,
1554899_s_at,0.0117069,-0.75249483,,,,
1560548_at,0.01173952,-0.10294849,,,,
215414_at,0.01179751,-0.1697544,,,,
220054_at,0.01181088,-0.29108418,,,,
237952_at,0.01182909,-0.16370074,,,,
208306_x_at,0.01185205,-0.59693388,,,,
234147_at,0.01186779,-0.14206294,,,,
224276_at,0.01188069,0.4047752,,,,
46665_at,0.01188651,0.38297829,,,,
1553475_at,0.01190461,-0.16008015,,,,
1566927_at,0.01191841,-0.16153858,,,,
243079_x_at,0.01192761,-0.17241044,,,,
232533_at,0.01193999,0.28414569,,,,
211069_s_at,0.01195318,0.17828875,,,,
217332_at,0.01196031,-0.16513542,,,,
200606_at,0.01197254,1.1903445,,,,
244650_at,0.01197491,-0.77230405,,,,
1557214_at,0.01198555,-0.14621429,,,,
229270_x_at,0.01198866,-0.18270129,,,,
234127_at,0.0120234,-0.17439467,,,,
213184_at,0.01202357,0.31299206,,,,
243422_at,0.01206174,-0.14083995,,,,
1554797_at,0.01206877,-0.12478782,,,,
212472_at,0.01207289,-0.61471626,,,,
1564651_at,0.01207688,0.39619478,,,,
1562751_at,0.01208035,-0.17533337,,,,
1556456_at,0.01208707,-0.15756227,,,,
226604_at,0.01208815,0.48717161,,,,
243924_at,0.01210822,0.6063432,,,,
201657_at,0.01211152,0.34945038,,,,
206229_x_at,0.01211604,-0.16303168,,,,
221352_at,0.01211669,-0.16274777,,,,
213016_at,0.01211872,0.4729064,,,,
221820_s_at,0.01211902,-0.3626092,,,,
1567060_at,0.01212067,-0.17297115,,,,
219055_at,0.01214082,0.29241122,,,,
233892_at,0.01215714,-0.21358892,,,,
234614_at,0.01215977,-0.14166012,,,,
240012_at,0.01216342,-0.19188179,,,,
232464_at,0.01219381,-0.21203112,,,,
216686_at,0.01222127,0.10598586,,,,
234896_at,0.0122445,-0.1403216,,,,
227353_at,0.01227622,-0.48666454,,,,
204871_at,0.01227664,0.33571615,,,,
1563081_at,0.0122824,-0.1808056,,,,
236605_at,0.01229684,-0.19224324,,,,
1562103_at,0.01230435,-0.20257258,,,,
240470_at,0.01231839,-0.14042041,,,,
241689_at,0.01231849,0.34911346,,,,
217184_s_at,0.01235359,-0.26079384,,,,
241496_at,0.01235956,-0.16382386,,,,
235568_at,0.01235972,-0.89984956,,,,
232706_s_at,0.01239247,-0.23967103,,,,
238058_at,0.0123977,-0.46893359,,,,
241883_x_at,0.01239998,-0.15544422,,,,
1553686_at,0.01243595,0.27479542,,,,
229664_at,0.01247198,0.37469105,,,,
1562112_at,0.01247781,0.15640853,,,,
232093_at,0.01247882,-0.16186425,,,,
1552494_at,0.01248519,-0.16025688,,,,
1552863_a_at,0.01248756,-0.22036442,,,,
238143_at,0.01250279,-0.81569523,,,,
221025_x_at,0.01250706,0.37502107,,,,
230649_at,0.01251411,-0.18434381,,,,
218385_at,0.01254079,0.35053057,,,,
241434_at,0.01255677,0.39634307,,,,
218545_at,0.01256181,0.39883049,,,,
236307_at,0.01256424,-0.18527343,,,,
202911_at,0.01256772,0.41748797,,,,
210841_s_at,0.01257358,-0.22147818,,,,
224077_at,0.01258693,-0.136343,,,,
1559995_at,0.01263407,-0.18898013,,,,
238624_at,0.01263465,0.43046424,,,,
1561293_at,0.01264381,-0.14604438,,,,
206416_at,0.01265089,0.27926321,,,,
229480_at,0.01266009,0.7137363,,,,
1555155_at,0.01266222,-0.17902885,,,,
201767_s_at,0.01268441,0.28286931,,,,
214566_at,0.01268558,-0.13737131,,,,
236195_x_at,0.0126879,-0.1713295,,,,
227302_s_at,0.0126983,0.19174381,,,,
206817_x_at,0.01270241,-0.16326021,,,,
226196_s_at,0.01271963,0.29834252,,,,
1561060_at,0.01274054,-0.18385453,,,,
230453_s_at,0.01274397,-0.19216345,,,,
233154_at,0.0127586,-0.14555122,,,,
221165_s_at,0.01278359,-0.14664721,,,,
1563297_s_at,0.01278789,-0.14189702,,,,
241593_x_at,0.01280004,0.14824684,,,,
228997_at,0.01280366,-0.33321896,,,,
234568_at,0.01282638,-0.19048886,,,,
228291_s_at,0.01285153,0.54654254,,,,
1563321_s_at,0.01287821,0.40948948,,,,
1553067_a_at,0.01287982,-0.17073247,,,,
31861_at,0.01288722,-0.16064041,,,,
1568913_at,0.01293129,-0.16117351,,,,
1554074_s_at,0.01293192,-0.18202479,,,,
211217_s_at,0.0129342,-0.40569474,,,,
231408_at,0.0129455,-0.47029548,,,,
1555252_a_at,0.01295216,-0.18302107,,,,
228475_at,0.01295326,-0.16143319,,,,
1561019_at,0.01298491,-0.22963632,,,,
1552898_a_at,0.01303042,-0.12963412,,,,
1561499_at,0.01303196,-0.12269159,,,,
240685_at,0.01303958,-0.14436489,,,,
205491_s_at,0.01304154,-0.14271361,,,,
228658_at,0.01304528,-0.54240113,,,,
203318_s_at,0.01305098,0.33083988,,,,
238937_at,0.01308488,0.55965549,,,,
210724_at,0.01309219,-0.42344252,,,,
1552730_at,0.01309405,0.1319491,,,,
228305_at,0.01309554,0.41260639,,,,
214859_at,0.01311748,-0.17699055,,,,
212775_at,0.01312213,0.82682179,,,,
203459_s_at,0.01314221,0.28929373,,,,
78330_at,0.01314404,-0.18046333,,,,
223744_s_at,0.01314769,-0.33552486,,,,
209949_at,0.01315938,-0.80252204,,,,
1569348_at,0.01316907,0.45885102,,,,
215622_x_at,0.01318489,-0.19498285,,,,
214354_x_at,0.013194,-0.88348066,,,,
1559880_at,0.01320589,-0.18374725,,,,
204957_at,0.01320842,0.37953508,,,,
240643_at,0.01321332,-0.17735825,,,,
243302_at,0.01321578,0.58670834,,,,
226503_at,0.01321954,0.39061025,,,,
218936_s_at,0.01323147,0.37450028,,,,
201897_s_at,0.01324004,0.56816938,,,,
210389_x_at,0.01324259,0.37499254,,,,
235334_at,0.01324344,0.63642207,,,,
216543_at,0.01324873,-0.11128187,,,,
228108_at,0.01325067,0.69468086,,,,
238221_at,0.01325253,-0.16503193,,,,
209281_s_at,0.01325765,0.56260342,,,,
1556442_x_at,0.01326178,-0.20078956,,,,
1556806_at,0.01326568,-0.20937664,,,,
219330_at,0.01328208,0.58219594,,,,
243624_at,0.01329414,0.54771445,,,,
220613_s_at,0.01329802,-0.38834772,,,,
1569745_at,0.01330132,-0.18911346,,,,
1561667_at,0.01332674,-0.15513574,,,,
233761_at,0.01332684,-0.17199256,,,,
201857_at,0.01335354,0.25757928,,,,
1557590_at,0.01335626,-0.1814231,,,,
237128_at,0.01336238,-0.21979962,,,,
236625_at,0.0133663,-0.18900458,,,,
231627_at,0.01337679,-0.12128047,,,,
1555437_at,0.01337941,-0.10994827,,,,
206437_at,0.01338036,-0.26787775,,,,
221975_s_at,0.01338529,-0.14255776,,,,
213946_s_at,0.01339148,0.48630839,,,,
205066_s_at,0.0133968,0.95072289,,,,
243389_at,0.01340129,-0.18196988,,,,
1552535_at,0.01341291,-0.1687051,,,,
242016_at,0.01342312,0.25797564,,,,
237155_at,0.01343361,-0.15632149,,,,
233523_at,0.01343686,-0.1652186,,,,
204776_at,0.01344265,0.93921439,,,,
202545_at,0.01346398,-0.61873459,,,,
234355_s_at,0.01347344,-0.15716284,,,,
206934_at,0.0134766,-0.32403509,,,,
229298_at,0.01348836,0.39650018,,,,
231440_at,0.01350405,-0.21157106,,,,
243492_at,0.01350506,0.46570535,,,,
217974_at,0.01352959,0.51139844,,,,
1570266_x_at,0.0135355,-0.23708754,,,,
226528_at,0.01354135,0.41639086,,,,
205831_at,0.01354239,-0.79017601,,,,
1566195_at,0.01355042,-0.13129935,,,,
1568698_at,0.01355203,-0.13530107,,,,
244526_at,0.01355916,-0.18525428,,,,
215361_at,0.01357583,-0.10157941,,,,
218277_s_at,0.01358287,0.38733069,,,,
1560619_at,0.01359702,-0.1373174,,,,
242353_at,0.01359997,-0.18408528,,,,
223133_at,0.01361735,0.30368935,,,,
232561_at,0.01362146,-0.13723939,,,,
226218_at,0.01363865,-0.93776184,,,,
221542_s_at,0.01364985,0.52544844,,,,
208364_at,0.01365559,-0.23930086,,,,
1561940_at,0.01365721,-0.14849493,,,,
241013_at,0.01367749,-0.14503318,,,,
228077_at,0.01369965,0.27997759,,,,
211085_s_at,0.01372214,-0.59666357,,,,
216332_at,0.01374721,-0.15836103,,,,
1570219_at,0.01377152,-0.18025978,,,,
221652_s_at,0.01377357,0.36018253,,,,
1555281_x_at,0.01378048,0.46626208,,,,
1569445_at,0.01378144,-0.19453567,,,,
210662_at,0.01379082,0.44456103,,,,
231608_at,0.0137991,-0.13588686,,,,
217768_at,0.01380551,0.24218637,,,,
1567257_at,0.01380876,-0.20935298,,,,
215967_s_at,0.01381479,-0.37246176,,,,
1566279_at,0.01382752,-0.20048364,,,,
1559483_at,0.01385366,0.21309723,,,,
1559066_at,0.01385482,-0.18175625,,,,
234405_s_at,0.01387624,0.29377946,,,,
1555322_at,0.01389234,-0.10183839,,,,
227840_at,0.01389901,0.41870836,,,,
210484_s_at,0.01392444,-0.38834881,,,,
224149_x_at,0.01393579,-0.39441541,,,,
241062_at,0.01393793,-0.18204369,,,,
238102_s_at,0.01394927,-0.17398375,,,,
223526_at,0.01396781,0.37888084,,,,
239641_at,0.01397779,-0.2329273,,,,
215718_s_at,0.01397796,0.28023017,,,,
241794_at,0.01399911,-0.15894045,,,,
225867_at,0.01400345,0.61669597,,,,
217421_at,0.01400982,-0.19859713,,,,
223687_s_at,0.01402859,1.36171471,,,,
1553153_at,0.01403611,-0.4683742,,,,
232418_at,0.01405355,-0.13219528,,,,
205273_s_at,0.01406006,0.38559062,,,,
206886_x_at,0.01406205,-0.13585373,,,,
207209_at,0.01406801,-0.1900513,,,,
225680_at,0.01407769,0.28219125,,,,
1562029_at,0.01408003,-0.1264289,,,,
221266_s_at,0.01408479,-0.35208049,,,,
1560921_at,0.01411609,-0.21344835,,,,
1564379_at,0.01412016,-0.15418988,,,,
202203_s_at,0.0141226,-0.67635445,,,,
1559540_at,0.01412291,-0.15985325,,,,
229338_at,0.014133,0.42848016,,,,
208839_s_at,0.0141489,0.47711539,,,,
233273_at,0.01415325,0.26728246,,,,
1555181_a_at,0.01416786,-0.19703836,,,,
1554222_at,0.01418013,-0.19806688,,,,
210925_at,0.01421087,-0.12080807,,,,
209129_at,0.01421457,0.61003191,,,,
1561187_at,0.01421478,-0.19019898,,,,
231436_at,0.01422573,-0.16881614,,,,
218683_at,0.01422578,0.62941579,,,,
228762_at,0.01423545,-0.70737261,,,,
221080_s_at,0.01423553,-0.3479321,,,,
1556058_s_at,0.01425074,-0.26943004,,,,
244641_at,0.01428121,0.29715457,,,,
208255_s_at,0.01431415,-0.22465672,,,,
1559812_at,0.01431875,-0.10850744,,,,
231206_at,0.014334,-0.17447486,,,,
224586_x_at,0.01435229,0.25834538,,,,
231589_at,0.01436282,-0.12985806,,,,
211287_x_at,0.01436587,-0.49037803,,,,
223921_s_at,0.01438197,-0.38712589,,,,
230090_at,0.01439956,-0.2025704,,,,
230070_at,0.01441704,-0.16291969,,,,
236188_s_at,0.01442763,-0.16267095,,,,
210918_at,0.01443733,-0.17005491,,,,
207419_s_at,0.01444642,-0.68378255,,,,
1559268_at,0.01445684,-0.17904075,,,,
242505_at,0.01447672,-0.209096,,,,
1562071_at,0.01449605,0.12212808,,,,
211153_s_at,0.01451896,-0.32534448,,,,
1553051_s_at,0.01452083,-0.1594943,,,,
1566917_at,0.01453438,-0.15557127,,,,
1558553_at,0.01454801,-0.13391651,,,,
207211_at,0.01456516,-0.18932313,,,,
212046_x_at,0.0145664,-0.23725427,,,,
1555003_at,0.0145712,-0.12765755,,,,
234640_x_at,0.01457779,-0.62433741,,,,
242905_at,0.01458833,0.3258387,,,,
1563621_at,0.01459758,-0.26041527,,,,
232843_s_at,0.01460006,-0.71604036,,,,
1562731_s_at,0.01467401,-0.17870049,,,,
202853_s_at,0.01467408,0.36145613,,,,
217584_at,0.01468267,-0.1763419,,,,
215451_s_at,0.01470251,-0.26010408,,,,
219694_at,0.01471924,-0.82345304,,,,
1556075_at,0.01473206,-0.12040615,,,,
215246_at,0.01473824,-0.17372427,,,,
212684_at,0.0147389,0.39162057,,,,
219593_at,0.01477102,-0.48222498,,,,
241932_at,0.01478322,-0.17007831,,,,
1566140_at,0.01479728,-0.14944868,,,,
1563919_a_at,0.01479817,0.3460962,,,,
216890_at,0.01480745,-0.20502447,,,,
1554980_a_at,0.01481444,-0.37289112,,,,
202471_s_at,0.01482235,-0.47285715,,,,
242127_at,0.01482312,0.47472143,,,,
202012_s_at,0.01482524,0.32912514,,,,
241478_at,0.01483626,-0.16833902,,,,
232774_x_at,0.01483776,0.3807352,,,,
220286_at,0.01484429,-0.13185066,,,,
204391_x_at,0.01484745,0.4251557,,,,
207715_at,0.01486704,-0.14990648,,,,
222123_s_at,0.01489478,-0.24898131,,,,
224286_at,0.01490467,-0.13461032,,,,
219385_at,0.01490597,-0.51391521,,,,
1558712_at,0.01491562,-0.13726492,,,,
218890_x_at,0.01491758,0.335149,,,,
217296_at,0.01492709,-0.17192588,,,,
244231_at,0.01493554,0.65779927,,,,
200634_at,0.01494861,-0.60485329,,,,
206275_s_at,0.01494926,-0.22912553,,,,
1558780_a_at,0.01496088,-0.13357724,,,,
1561602_at,0.01499085,-0.13588063,,,,
237516_at,0.0149911,-0.12254138,,,,
222679_s_at,0.01501305,0.35253358,,,,
217708_x_at,0.01501586,-0.17106797,,,,
226509_at,0.015044,0.34395772,,,,
234617_at,0.01506115,-0.18926955,,,,
220440_at,0.01507002,-0.14074373,,,,
214335_at,0.01507446,-0.19147625,,,,
221336_at,0.0150869,-0.37618588,,,,
208476_s_at,0.01511157,0.4418635,,,,
53202_at,0.01511299,0.31299933,,,,
227172_at,0.015121,0.39637545,,,,
230627_at,0.01512803,0.24907852,,,,
222148_s_at,0.01513195,0.30012419,,,,
241481_at,0.01515704,-0.18728968,,,,
217920_at,0.01516433,0.27974372,,,,
218646_at,0.0151782,0.33894563,,,,
235641_at,0.01520613,-0.19548709,,,,
209114_at,0.01520868,-1.2529961,,,,
1554343_a_at,0.01521094,-0.30259261,,,,
241057_x_at,0.01521304,-0.12174482,,,,
206572_x_at,0.01522328,0.45226446,,,,
227526_at,0.01527462,0.87410747,,,,
209358_at,0.01528619,0.30742773,,,,
207897_at,0.01529062,-0.1904454,,,,
1570476_at,0.01529617,-0.15217872,,,,
235179_at,0.0153007,0.47751345,,,,
210982_s_at,0.01531082,-0.60592305,,,,
221304_at,0.01532077,-0.28797913,,,,
220958_at,0.01534101,-0.15988475,,,,
219280_at,0.01534403,0.28692446,,,,
211495_x_at,0.01535039,-0.56664793,,,,
214923_at,0.01536747,-0.20902191,,,,
203394_s_at,0.01536785,0.59708728,,,,
228924_s_at,0.01537782,-0.35037269,,,,
234594_at,0.01538164,-0.15007701,,,,
208344_x_at,0.01538756,-0.16215525,,,,
205087_at,0.01540931,0.36693463,,,,
1556794_at,0.01542661,0.43606829,,,,
209657_s_at,0.01543322,0.50761898,,,,
221917_s_at,0.01543978,-0.39570078,,,,
229540_at,0.0154447,-0.15893105,,,,
201552_at,0.01544803,-0.37623432,,,,
233510_s_at,0.01545891,-0.49267379,,,,
236673_at,0.01546275,-0.30665081,,,,
1553518_at,0.0154699,-0.16253694,,,,
236659_x_at,0.01548381,0.15469487,,,,
1557605_a_at,0.0154858,-0.12576559,,,,
1560214_at,0.01548963,-0.14843875,,,,
222114_x_at,0.0155012,-0.19901304,,,,
223033_s_at,0.0155211,0.27402225,,,,
207380_x_at,0.01552814,-0.76967877,,,,
218247_s_at,0.01553484,0.44983543,,,,
201367_s_at,0.01553521,-0.77528002,,,,
244823_at,0.01553892,-0.16390435,,,,
208068_x_at,0.01554408,-0.14292369,,,,
208259_x_at,0.01555087,-0.1202461,,,,
234547_at,0.01559066,-0.12795591,,,,
221678_at,0.01560075,-0.14751502,,,,
220461_at,0.01560985,-0.15310669,,,,
223213_s_at,0.01561329,0.35971968,,,,
239899_at,0.01561334,-0.35285045,,,,
221532_s_at,0.01561768,0.24199676,,,,
209838_at,0.01561969,0.38721304,,,,
1560861_at,0.01563062,-0.13691474,,,,
214050_at,0.01565371,-0.16098398,,,,
216007_at,0.01567613,-0.15412533,,,,
1570375_at,0.01568443,-0.29384008,,,,
213420_at,0.01568777,0.27506943,,,,
1560690_at,0.01569144,-0.11421323,,,,
232295_at,0.01569229,0.15855583,,,,
239999_at,0.01570108,0.68861408,,,,
206206_at,0.0157035,-0.42928785,,,,
224364_s_at,0.01571243,0.36895589,,,,
209594_x_at,0.01574264,-0.22395959,,,,
213767_at,0.0157588,-0.13587863,,,,
214339_s_at,0.01575941,-0.32289828,,,,
213193_x_at,0.01576212,-0.84696743,,,,
242462_at,0.01577469,0.42828621,,,,
244032_at,0.01578972,-0.33733888,,,,
37831_at,0.01579852,-0.32610159,,,,
240841_at,0.01587796,-0.2032515,,,,
1560748_at,0.01589515,-0.0934851,,,,
243344_at,0.01589725,-0.17518516,,,,
214872_at,0.01590731,0.14057711,,,,
235267_at,0.01591084,0.3340902,,,,
1565549_at,0.01592027,-0.16771295,,,,
239354_at,0.01594538,-0.15478169,,,,
240357_at,0.01595938,-0.16882823,,,,
1555419_a_at,0.0159628,-0.49876275,,,,
1562965_at,0.01597084,-0.14664279,,,,
1555944_at,0.01597089,-0.19842879,,,,
210949_s_at,0.01598459,-0.34090784,,,,
1563868_a_at,0.01601882,-0.14148218,,,,
230091_at,0.01602423,0.48733647,,,,
212705_x_at,0.01603636,-0.25021568,,,,
233477_at,0.01605184,-0.46884454,,,,
218703_at,0.01606149,0.28878576,,,,
216501_at,0.0160628,-0.19798498,,,,
216657_at,0.01606476,-0.12015899,,,,
1570624_at,0.01608312,-0.13917833,,,,
200993_at,0.01609311,-0.28768235,,,,
225506_at,0.01610485,0.33923876,,,,
1556734_at,0.01610914,-0.15163322,,,,
228019_s_at,0.01611723,0.30056472,,,,
1555300_a_at,0.01612826,-0.13223478,,,,
244422_at,0.01613201,0.30213907,,,,
243941_at,0.01614304,-0.17065424,,,,
209002_s_at,0.01614658,-0.20999001,,,,
210966_x_at,0.01615135,-0.35962456,,,,
223505_s_at,0.01616238,0.22251237,,,,
242904_x_at,0.01616728,0.22906679,,,,
228482_at,0.01616743,0.52142178,,,,
208594_x_at,0.01617233,-0.36992924,,,,
217921_at,0.01620816,0.30971079,,,,
241004_at,0.01624482,-0.12334841,,,,
233983_at,0.01625366,-0.18442744,,,,
234256_at,0.0162559,-0.13534241,,,,
1566739_at,0.01627858,-0.13270978,,,,
1558081_at,0.01628851,-0.13112295,,,,
234441_at,0.01630143,-0.14508952,,,,
1569200_at,0.01630338,-0.19990615,,,,
233353_at,0.01631071,-0.14697207,,,,
236158_at,0.01632278,0.47424581,,,,
243712_at,0.0163366,-0.21271559,,,,
236906_x_at,0.0163495,-0.17391064,,,,
233970_s_at,0.01636139,0.38666838,,,,
215198_s_at,0.01637249,0.39516889,,,,
213170_at,0.01638588,0.85380792,,,,
236305_at,0.01638651,0.30793632,,,,
226115_at,0.0164039,0.43912544,,,,
210882_s_at,0.0164066,0.51048291,,,,
1552481_s_at,0.01641271,0.39020789,,,,
214211_at,0.01643004,-0.43191512,,,,
219724_s_at,0.01644636,-0.17791706,,,,
225138_at,0.01646289,0.29340638,,,,
233292_s_at,0.01647356,-0.45977829,,,,
210144_at,0.01647708,-0.30595665,,,,
219186_at,0.01650955,-0.28772458,,,,
232922_s_at,0.01652425,-0.3533008,,,,
237609_at,0.0165527,-0.13375158,,,,
223884_at,0.01656495,-0.17050453,,,,
242925_at,0.01658074,-0.13785129,,,,
1562436_at,0.01658609,-0.16389746,,,,
215642_at,0.01661461,-0.10770127,,,,
203416_at,0.01664941,-0.56155885,,,,
219362_at,0.01665239,0.33637488,,,,
1569515_a_at,0.01665566,-0.15351335,,,,
1568869_at,0.01665861,-0.14356068,,,,
1562585_at,0.0166718,-0.11750857,,,,
241842_x_at,0.01667201,-0.30162492,,,,
1568618_a_at,0.01668182,0.41558738,,,,
207238_s_at,0.01668961,-0.72572935,,,,
240595_at,0.01669314,0.31628953,,,,
230509_at,0.01670137,0.24239862,,,,
227275_at,0.01670703,-0.17799499,,,,
216689_x_at,0.01671408,-0.24320842,,,,
225274_at,0.01671617,0.32562111,,,,
242099_at,0.01672231,-0.15685373,,,,
1556287_a_at,0.01672428,-0.11280896,,,,
1564109_at,0.0167267,-0.17109103,,,,
211918_x_at,0.01673031,-0.18446171,,,,
1565801_at,0.01673861,-0.12193248,,,,
1562495_at,0.01674529,-0.14494618,,,,
204232_at,0.01674696,-0.630898,,,,
242614_at,0.01675674,-0.14570223,,,,
1558889_at,0.01675883,-0.14640369,,,,
224026_at,0.01676256,-0.17674453,,,,
244465_at,0.0167631,-0.16644608,,,,
1556265_at,0.01676981,-0.24326339,,,,
212420_at,0.01677425,-0.52382243,,,,
203319_s_at,0.01678406,0.35094519,,,,
1556599_s_at,0.01679086,0.25039098,,,,
222507_s_at,0.01679762,-0.44903712,,,,
226563_at,0.01680783,0.43052088,,,,
209354_at,0.01681609,-0.47287742,,,,
234878_at,0.01685914,-0.17570188,,,,
236375_at,0.01688812,0.39307505,,,,
232051_at,0.01689025,0.38063239,,,,
237329_at,0.01691883,0.40322419,,,,
244060_at,0.01692146,-0.18356232,,,,
243564_at,0.01693308,-0.16600797,,,,
236812_at,0.01695318,-0.13751164,,,,
217397_at,0.01697982,-0.12251093,,,,
233330_s_at,0.01698186,-0.15487717,,,,
1555695_a_at,0.01698202,-0.18887326,,,,
231942_at,0.01700312,-0.16581314,,,,
217362_x_at,0.01701098,-0.50049823,,,,
214530_x_at,0.0170164,-0.2361262,,,,
1561171_a_at,0.01702943,-0.21385625,,,,
1569975_at,0.01705857,0.12869017,,,,
1558230_at,0.01706212,-0.18097092,,,,
217119_s_at,0.01707342,-0.25872155,,,,
236073_at,0.01707569,-0.31740213,,,,
226383_at,0.01707638,0.4166244,,,,
218318_s_at,0.0170822,0.42225773,,,,
233918_at,0.01709937,-0.16883667,,,,
211848_s_at,0.01710281,-1.13211595,,,,
204524_at,0.01711886,-0.2747323,,,,
1558525_at,0.0171215,-0.15920227,,,,
224981_at,0.01712498,-0.36817225,,,,
223663_at,0.01712994,-0.26441825,,,,
227653_at,0.01713433,0.37308206,,,,
210473_s_at,0.01714059,0.72107341,,,,
234668_at,0.01715697,-0.18294771,,,,
221948_s_at,0.0171626,-0.1717497,,,,
208060_at,0.01716539,-0.13880777,,,,
223553_s_at,0.01716621,-0.51539161,,,,
243516_at,0.01717033,-0.16226688,,,,
1566097_at,0.01717176,-0.1505297,,,,
241168_at,0.01718461,-0.13200453,,,,
206502_s_at,0.01719966,-0.97318017,,,,
221067_s_at,0.01720764,-0.26458305,,,,
208566_at,0.01721189,0.14662858,,,,
1556727_at,0.01721895,-0.13468821,,,,
212776_s_at,0.01722577,0.70080927,,,,
239717_at,0.01723149,-0.17283431,,,,
213091_at,0.01723224,-0.18885475,,,,
216421_at,0.01723626,-0.26531601,,,,
211738_x_at,0.01726245,-0.20795256,,,,
241439_at,0.01726554,-0.13747971,,,,
1566882_at,0.01728029,-0.1463943,,,,
225649_s_at,0.01730927,0.30482836,,,,
235875_at,0.01731171,-0.24377214,,,,
237512_at,0.0173198,-0.16229302,,,,
221242_at,0.01732469,-0.1629174,,,,
222013_x_at,0.01732495,0.21356068,,,,
1553444_a_at,0.01734136,-0.15143803,,,,
233592_at,0.01735096,-0.17240548,,,,
244237_at,0.01735749,-0.22165064,,,,
219740_at,0.01735817,1.02687639,,,,
214276_at,0.01736217,0.31728249,,,,
205277_at,0.01737564,-0.37376386,,,,
1568943_at,0.01737828,-0.19456816,,,,
1569640_s_at,0.01738223,-0.18736971,,,,
239838_at,0.01738368,-0.1875981,,,,
224426_s_at,0.01740518,-0.11203913,,,,
1562412_at,0.01740621,0.15577385,,,,
1561148_at,0.01740921,-0.14987406,,,,
216597_at,0.01741482,-0.18571347,,,,
234819_at,0.01742045,-0.15752898,,,,
1563685_at,0.01744176,-0.14610866,,,,
1567681_at,0.01746835,-0.14490475,,,,
243176_at,0.0174842,0.38745665,,,,
211126_s_at,0.01748613,0.76201332,,,,
234364_at,0.01749213,-0.16372536,,,,
240571_at,0.01752982,-0.14981215,,,,
208940_at,0.0175518,0.39202334,,,,
1556800_a_at,0.01755337,-0.15444948,,,,
237004_at,0.01755428,-0.13618633,,,,
207900_at,0.01755937,-0.42734112,,,,
1560762_at,0.01756047,-0.21097311,,,,
1563157_at,0.01756418,-0.14973724,,,,
211189_x_at,0.01759506,-0.38693755,,,,
207222_at,0.01761343,-0.96283912,,,,
224062_x_at,0.01763,-0.32199368,,,,
1569296_a_at,0.01764613,-0.21907348,,,,
206013_s_at,0.0176464,-0.3696034,,,,
238859_at,0.01765492,0.44338125,,,,
206185_at,0.01767641,-0.21858823,,,,
1570300_at,0.01768864,-0.12076953,,,,
217255_at,0.01770677,-0.1603567,,,,
240567_at,0.01771967,-0.16756658,,,,
202132_at,0.01772907,0.57173147,,,,
220765_s_at,0.01773058,0.39496707,,,,
225287_s_at,0.01773784,-0.23761391,,,,
222712_s_at,0.01779323,-1.64768176,,,,
238745_at,0.01779487,-0.14104659,,,,
229247_at,0.01779496,0.6092239,,,,
237820_at,0.01779611,-0.14147763,,,,
244408_at,0.0178173,-0.15985663,,,,
243223_at,0.01783851,-0.12439665,,,,
201254_x_at,0.01784572,-0.1554056,,,,
210611_s_at,0.01786844,0.32018854,,,,
1564822_at,0.01787231,-0.19229835,,,,
243962_at,0.01788749,-0.13330691,,,,
205600_x_at,0.0178978,-0.51642337,,,,
203987_at,0.01790167,0.81504968,,,,
241662_x_at,0.01790419,-0.17980798,,,,
1570629_at,0.01791476,-0.14366005,,,,
1562460_at,0.01792018,-0.18356971,,,,
243013_at,0.01796405,0.35381392,,,,
1562066_at,0.01797031,-0.18315224,,,,
1557002_x_at,0.01798056,-0.17388278,,,,
243743_at,0.01799045,-0.14812005,,,,
1562352_at,0.01799744,-0.10370394,,,,
211796_s_at,0.01799963,-1.004244,,,,
218736_s_at,0.01800514,0.80171055,,,,
1569940_at,0.01800873,0.44578149,,,,
1552355_s_at,0.01802893,-0.17931209,,,,
219861_at,0.01804193,0.27051887,,,,
231633_at,0.0180428,-0.10264778,,,,
212857_x_at,0.01804709,0.24720435,,,,
1559354_a_at,0.01808235,-0.12249322,,,,
236358_at,0.01810853,0.5935286,,,,
208423_s_at,0.01811219,-0.58854577,,,,
227621_at,0.01812147,0.43206064,,,,
1559683_at,0.01812243,-0.1789051,,,,
212266_s_at,0.01813778,-0.32582056,,,,
232821_at,0.01814558,-0.17684029,,,,
204890_s_at,0.01815138,-0.56543323,,,,
1561233_at,0.01815499,-0.20679589,,,,
234013_at,0.01816538,-0.25562178,,,,
218974_at,0.01817647,0.97605537,,,,
224641_at,0.01820936,0.26843975,,,,
202515_at,0.01821734,0.31204305,,,,
221299_at,0.01823907,-0.19877616,,,,
1559461_at,0.01824863,-0.18076046,,,,
1564310_a_at,0.01828373,-0.20296901,,,,
238033_at,0.01828437,-0.17957815,,,,
219410_at,0.01830449,0.79034019,,,,
211692_s_at,0.0183131,-0.26763597,,,,
241570_at,0.01831748,-0.14230255,,,,
201723_s_at,0.01832808,0.37976204,,,,
1556619_at,0.0183282,-0.35747765,,,,
1552629_a_at,0.01833858,-0.13137839,,,,
223183_at,0.01833859,0.43278213,,,,
1566219_at,0.01833934,-0.15034798,,,,
228166_at,0.01834685,-0.29128399,,,,
1553323_a_at,0.01835389,-0.18559156,,,,
1563797_at,0.01835461,-0.10255405,,,,
226155_at,0.01835654,0.3425775,,,,
206455_s_at,0.01836396,-0.14846696,,,,
230098_at,0.01836502,0.47822428,,,,
1565839_a_at,0.01838879,-0.12860894,,,,
218071_s_at,0.01840681,0.24475117,,,,
216972_at,0.01840705,-0.10932033,,,,
202975_s_at,0.01844039,0.77304876,,,,
1559052_s_at,0.01844272,0.46542565,,,,
220237_at,0.01844792,0.24778146,,,,
228284_at,0.0184522,0.54817015,,,,
243672_at,0.0184608,-0.1978959,,,,
206728_at,0.01847296,-0.20610079,,,,
1558164_s_at,0.01853889,0.54131251,,,,
1553079_at,0.01853947,-0.15510442,,,,
200793_s_at,0.01854337,-0.3571302,,,,
241745_at,0.01854341,0.59656104,,,,
231755_at,0.01855324,-0.20209227,,,,
1564248_at,0.01856619,-0.18353926,,,,
218006_s_at,0.01857273,0.55604595,,,,
206398_s_at,0.01858611,-0.36779659,,,,
207577_at,0.01859659,-0.28425201,,,,
239063_at,0.0186093,0.22569971,,,,
207701_at,0.01861146,-0.16287002,,,,
1561538_at,0.01861594,-0.18794023,,,,
241878_at,0.01861935,-0.14857742,,,,
237387_at,0.01862096,-0.35033144,,,,
240553_at,0.01863046,-0.14282522,,,,
240099_at,0.01864616,0.23280283,,,,
214512_s_at,0.01864882,0.34974081,,,,
203379_at,0.0186608,-0.49086735,,,,
218696_at,0.0186656,0.33820681,,,,
243125_x_at,0.01867052,-0.10776514,,,,
204852_s_at,0.0186752,-0.40335781,,,,
237207_at,0.0186759,-0.15800656,,,,
235244_at,0.01868378,0.4445196,,,,
1566703_at,0.01874042,-0.1277466,,,,
1552497_a_at,0.01878128,-0.33927978,,,,
233539_at,0.0187852,-0.30471139,,,,
239967_at,0.01878995,-0.13184711,,,,
241564_at,0.0188164,-0.100848,,,,
213301_x_at,0.01881658,0.43421829,,,,
1556900_at,0.01882184,-0.17946179,,,,
209609_s_at,0.01882354,0.32731238,,,,
224548_at,0.01882741,-0.204151,,,,
1564064_a_at,0.01884604,0.58018398,,,,
232499_at,0.01886343,-0.14990443,,,,
221683_s_at,0.01887152,0.5350902,,,,
241577_at,0.01888826,-0.26885625,,,,
210246_s_at,0.01888969,-0.30684995,,,,
207019_s_at,0.01891409,-0.12840338,,,,
214450_at,0.01894595,-0.33027776,,,,
203591_s_at,0.01895282,-0.53964341,,,,
217981_s_at,0.01896796,-0.27753779,,,,
222639_s_at,0.01897805,-0.2217986,,,,
1552626_a_at,0.0189787,-0.69824312,,,,
238487_at,0.01899773,0.18483889,,,,
243678_at,0.01901006,-0.12408384,,,,
1570479_at,0.01902701,-0.16985599,,,,
223134_at,0.01904378,0.44130608,,,,
237440_at,0.01906758,-0.17569636,,,,
234625_at,0.01907429,-0.13468444,,,,
1563425_at,0.01908091,-0.1215304,,,,
207082_at,0.01908258,-0.2506066,,,,
234665_x_at,0.01908689,-0.31448562,,,,
1569294_at,0.01909117,-0.14658561,,,,
232509_at,0.0191059,-0.17810709,,,,
229253_at,0.01911544,0.48308433,,,,
234319_at,0.01913269,0.20173439,,,,
218406_x_at,0.01913578,-0.21466876,,,,
213366_x_at,0.01913666,0.31854872,,,,
207362_at,0.01915519,0.20704819,,,,
233378_at,0.01916495,-0.17165615,,,,
222587_s_at,0.01921586,-0.82961289,,,,
240198_at,0.01924199,-0.18867274,,,,
1553968_a_at,0.01924255,-0.20825069,,,,
1568613_at,0.0192447,-0.18324247,,,,
243121_x_at,0.01926597,-0.27957688,,,,
1554992_at,0.019273,-0.26037706,,,,
229284_at,0.01930399,-0.46780174,,,,
224184_s_at,0.01931962,0.50178916,,,,
241486_at,0.01932664,-0.14984373,,,,
1570224_at,0.01933169,-0.12461918,,,,
1557342_a_at,0.01935451,-0.17842433,,,,
211885_x_at,0.01937921,-0.65249559,,,,
232348_at,0.01940437,-0.12216911,,,,
244668_at,0.01941042,-0.15518748,,,,
210091_s_at,0.01942494,0.39338585,,,,
208122_x_at,0.01944979,-0.19066046,,,,
224103_at,0.01944983,-0.13406316,,,,
236533_at,0.01945001,-0.692816,,,,
213600_at,0.01945335,-0.38134759,,,,
229965_at,0.01945837,-0.25598629,,,,
221109_at,0.01945975,-0.13317171,,,,
1556717_at,0.0194644,-0.15766919,,,,
218331_s_at,0.01946901,0.3944229,,,,
232625_at,0.01946926,-0.16258998,,,,
202205_at,0.01947495,-0.40264606,,,,
233322_at,0.01948283,-0.24225822,,,,
1560906_at,0.01949575,-0.13808214,,,,
1564472_at,0.01951282,-0.12772844,,,,
219176_at,0.01951683,0.32839903,,,,
225196_s_at,0.01952143,0.40544072,,,,
221724_s_at,0.0195295,-0.68435071,,,,
239187_at,0.01953014,-0.21398408,,,,
233436_at,0.01954085,-0.18713527,,,,
200695_at,0.01955271,-0.48632441,,,,
231047_at,0.01955646,0.33157501,,,,
244221_at,0.01956525,-0.17606991,,,,
239423_at,0.01956567,0.38848745,,,,
207892_at,0.01958642,-0.18982604,,,,
208422_at,0.0196253,-0.30262085,,,,
236912_at,0.01963152,-0.12762815,,,,
220312_at,0.01963224,-0.41809229,,,,
201595_s_at,0.0196715,0.29023178,,,,
243446_at,0.01968751,-0.15060211,,,,
236628_at,0.01968815,-0.12347299,,,,
239854_at,0.01971725,0.34087213,,,,
232144_at,0.01972366,0.32794762,,,,
229934_at,0.01972791,-0.5099979,,,,
215675_at,0.01973124,-0.14212751,,,,
203079_s_at,0.01974662,0.24962828,,,,
223543_at,0.01978136,-0.2146018,,,,
229669_at,0.01979806,0.81579697,,,,
1553043_a_at,0.01981263,-0.61553234,,,,
202876_s_at,0.01982611,0.26545834,,,,
216872_at,0.01983007,-0.14365643,,,,
234557_at,0.01983129,-0.13097516,,,,
205265_s_at,0.01983814,0.27735628,,,,
236231_at,0.01984564,0.41115287,,,,
1570133_at,0.01984653,-0.18651811,,,,
243091_at,0.01985907,0.20508797,,,,
240292_x_at,0.01986484,0.23889707,,,,
1561638_at,0.01989155,-0.10785271,,,,
216213_at,0.0198953,-0.1865312,,,,
1555098_a_at,0.01990256,-0.13703615,,,,
231809_x_at,0.01991404,0.31736558,,,,
221396_at,0.01992914,-0.1170988,,,,
203261_at,0.01994129,0.27380774,,,,
1570040_at,0.01994963,-0.19204835,,,,
1552872_at,0.01995094,-0.18279694,,,,
211852_s_at,0.01998778,0.47341441,,,,
232550_at,0.01999856,-0.13771303,,,,
234396_at,0.02001238,-0.11881808,,,,
243194_at,0.02002646,-0.16266914,,,,
207314_x_at,0.02002837,-0.19432218,,,,
226090_x_at,0.02004905,0.33336392,,,,
233145_at,0.02005982,-0.14153356,,,,
242649_x_at,0.02006274,-0.60393409,,,,
1562891_at,0.02006855,-0.11955832,,,,
234306_s_at,0.02007248,-0.39677157,,,,
217339_x_at,0.02007481,0.5561031,,,,
203586_s_at,0.02007565,0.50606823,,,,
215266_at,0.02008421,-0.18144722,,,,
1556206_at,0.02008442,-0.19822024,,,,
219415_at,0.02013123,1.01569376,,,,
221285_at,0.02017559,-0.16747312,,,,
207150_at,0.02017709,-0.23215467,,,,
210915_x_at,0.02017797,-0.90810371,,,,
1568782_at,0.02019553,-0.13539844,,,,
232011_s_at,0.02019702,-0.43618183,,,,
1553371_at,0.02020926,-0.1392552,,,,
1555554_at,0.02021511,-0.20501344,,,,
1556267_at,0.02021549,0.30715659,,,,
200973_s_at,0.02022496,-0.53472124,,,,
1562617_at,0.02023335,-0.13041181,,,,
232906_at,0.0202672,-0.12935747,,,,
218894_s_at,0.02028776,0.3363525,,,,
223155_at,0.02029667,0.36535315,,,,
239076_at,0.02030951,0.1794765,,,,
220683_at,0.02031518,-0.16334443,,,,
1561860_at,0.02032725,-0.11858901,,,,
217209_at,0.02033743,-0.21773187,,,,
1554259_at,0.02034441,-0.16466989,,,,
1561361_at,0.02035532,0.24555868,,,,
1552865_a_at,0.02035954,-0.18879626,,,,
AFFX-HSAC07/X00351_5_at,0.02036219,-0.81922252,,,,
224208_at,0.02036539,-0.11766373,,,,
1560065_at,0.02036767,-0.1730212,,,,
211991_s_at,0.02036791,-0.64916808,,,,
201463_s_at,0.0203917,-0.35742986,,,,
228541_x_at,0.02039299,0.3293734,,,,
1554208_at,0.02039771,-0.27264341,,,,
230282_at,0.02040118,-0.24770889,,,,
207369_at,0.02043097,-0.13125719,,,,
1570347_at,0.02043123,-0.16296089,,,,
231100_at,0.02044762,-0.2984586,,,,
231389_at,0.02045039,-0.15673646,,,,
1552602_at,0.020472,-0.13591575,,,,
1554566_at,0.02047319,-0.1638334,,,,
221199_at,0.02047417,-0.16547563,,,,
237492_at,0.02049603,-0.1273498,,,,
223480_s_at,0.02049847,0.36513091,,,,
219871_at,0.02055208,0.628457,,,,
218680_x_at,0.02055607,0.32749642,,,,
239334_at,0.02055852,-0.26325857,,,,
231553_s_at,0.0205818,-0.17118119,,,,
206396_at,0.02058877,-0.69699815,,,,
244525_at,0.02063845,-0.1178217,,,,
1569341_at,0.02064035,0.20896253,,,,
219239_s_at,0.02065932,0.41598407,,,,
218241_at,0.02067582,0.22293624,,,,
240582_x_at,0.02067995,-0.13482144,,,,
229571_at,0.02068052,0.35001439,,,,
243766_s_at,0.02068091,0.24656487,,,,
203110_at,0.02070179,-0.27330809,,,,
1553255_at,0.02073018,-0.13229966,,,,
1556210_at,0.02073666,0.22641298,,,,
1560001_at,0.02074187,-0.1768319,,,,
1568868_at,0.02074562,0.87438311,,,,
229205_at,0.02075022,0.65732919,,,,
229926_at,0.02075214,0.53954495,,,,
220585_at,0.02077177,-0.67336874,,,,
244698_at,0.02077698,0.27155314,,,,
1564148_at,0.02077699,-0.14534589,,,,
216932_at,0.02078929,-0.1676125,,,,
229252_at,0.02081366,-0.21663806,,,,
234289_x_at,0.02082256,-0.12485752,,,,
216324_at,0.02082396,-0.1428094,,,,
220639_at,0.02082618,-0.81790478,,,,
221472_at,0.02083769,-0.21210491,,,,
201721_s_at,0.0208515,-0.55564127,,,,
233706_at,0.02087976,-0.11825449,,,,
235026_at,0.02089991,0.45039626,,,,
225364_at,0.02091839,-0.31213979,,,,
233938_at,0.02091947,-0.21006153,,,,
209353_s_at,0.02092317,-0.19830047,,,,
1562644_at,0.02092401,-0.1130135,,,,
1561777_at,0.02092518,0.15011329,,,,
209014_at,0.02092664,0.4712153,,,,
1561726_s_at,0.02093073,0.19465998,,,,
1570180_at,0.02093412,0.13652534,,,,
203077_s_at,0.02095713,0.33656075,,,,
226161_at,0.02097435,0.25916552,,,,
217711_at,0.02099188,-0.24947526,,,,
221966_at,0.0209922,-0.1770186,,,,
220925_at,0.02100975,0.39426769,,,,
204265_s_at,0.02101602,-0.37051902,,,,
226760_at,0.02102408,0.38660075,,,,
202893_at,0.0210496,-0.46512383,,,,
200623_s_at,0.02106427,-0.32283366,,,,
222378_at,0.02107516,-0.26275922,,,,
202690_s_at,0.02109082,0.34802368,,,,
1569763_at,0.02110412,-0.18255586,,,,
222623_s_at,0.02112946,0.35135793,,,,
216002_at,0.02113163,-0.12628223,,,,
226778_at,0.02114313,0.7216067,,,,
216190_x_at,0.0211492,-0.23342506,,,,
236054_at,0.02116002,0.41138866,,,,
AFFX-BioDn-3_at,0.02118275,-0.39361528,,,,
1557517_a_at,0.02118292,-0.15244929,,,,
238413_at,0.02119325,-0.23272576,,,,
217798_at,0.02120639,0.30593813,,,,
220001_at,0.02120983,-0.1483735,,,,
220485_s_at,0.02121423,-0.44986605,,,,
241416_at,0.02121646,-0.23095019,,,,
237722_at,0.0212182,-0.127359,,,,
234077_at,0.02123992,-0.11701982,,,,
203923_s_at,0.02124548,-0.68571847,,,,
1557319_at,0.02126003,-0.15697529,,,,
227938_s_at,0.02127374,-0.13410663,,,,
213578_at,0.02130694,0.42818622,,,,
1555540_at,0.02130742,-0.13400421,,,,
216676_x_at,0.02135789,-0.18962263,,,,
222384_at,0.02136709,0.11740664,,,,
1559497_at,0.02137663,-0.09230611,,,,
232010_at,0.02137767,0.29452552,,,,
34221_at,0.02139024,-0.22528675,,,,
206435_at,0.02139907,-0.25720028,,,,
1562639_at,0.02140032,0.27155997,,,,
35150_at,0.02140337,-0.38503257,,,,
1557290_at,0.02142282,-0.11454312,,,,
227395_at,0.02143259,0.46148161,,,,
201815_s_at,0.02143643,-0.26792327,,,,
1570138_at,0.02144802,-0.12086168,,,,
230140_at,0.0214556,-0.16759934,,,,
1552834_at,0.02146003,-0.57827244,,,,
203532_x_at,0.02146409,0.31158018,,,,
236831_at,0.02146742,0.35046623,,,,
234134_at,0.02147938,-0.11102879,,,,
239468_at,0.02151656,0.74967918,,,,
1567253_at,0.02152095,-0.13549241,,,,
204369_at,0.02154913,0.31464385,,,,
204586_at,0.02155008,-0.22366189,,,,
1569841_x_at,0.02155088,-0.14278749,,,,
205144_at,0.02157604,-0.15335493,,,,
226943_at,0.02158169,0.47301123,,,,
200001_at,0.02159533,-0.47990008,,,,
1554572_a_at,0.02159589,0.49227381,,,,
228906_at,0.02163591,0.7561068,,,,
234661_at,0.02163829,-0.18439588,,,,
208935_s_at,0.02165433,0.51581582,,,,
1566931_at,0.02165793,-0.24548062,,,,
206362_x_at,0.02165961,-0.14034647,,,,
210061_at,0.0216601,-0.28213514,,,,
217036_at,0.02166717,-0.1869683,,,,
211739_x_at,0.02166901,-0.2061732,,,,
210314_x_at,0.02167756,-0.54550192,,,,
239454_at,0.02167846,0.30060887,,,,
238594_x_at,0.02168802,-0.25427904,,,,
1559522_at,0.02173197,-0.1735396,,,,
1554544_a_at,0.02177545,-0.49849098,,,,
213741_s_at,0.02178329,0.35984848,,,,
1555697_at,0.02178778,-0.19173918,,,,
240670_at,0.02181209,-0.130863,,,,
240202_x_at,0.0218265,-0.12881429,,,,
231950_at,0.02187456,0.54842395,,,,
210534_s_at,0.0218857,0.46224141,,,,
241137_at,0.02190418,-0.67996198,,,,
223428_s_at,0.02192006,0.2744343,,,,
240597_at,0.02192428,-0.11368189,,,,
1555423_at,0.02193563,-0.11298943,,,,
241250_at,0.02196018,-0.14439827,,,,
229919_at,0.02196161,-0.23642933,,,,
244658_at,0.02196422,-0.09607242,,,,
218615_s_at,0.02196683,0.37622893,,,,
212574_x_at,0.02197322,-0.55165647,,,,
1558007_s_at,0.0219762,-0.15850626,,,,
204832_s_at,0.02198228,0.38954208,,,,
1555546_a_at,0.02198915,-0.17076157,,,,
1558449_at,0.02199755,0.15360668,,,,
221236_s_at,0.02201679,-0.30374812,,,,
233060_at,0.02202343,-0.17400452,,,,
224378_x_at,0.02203574,-0.32085861,,,,
241912_at,0.02206413,0.31912917,,,,
1564984_at,0.02212041,-0.19489831,,,,
222718_at,0.02212069,-0.29259169,,,,
236373_at,0.02212286,-0.14307263,,,,
228727_at,0.0221343,-0.44201569,,,,
238608_at,0.02213534,0.38627648,,,,
213188_s_at,0.02214169,0.28777768,,,,
1554188_at,0.02214307,-0.18925401,,,,
241415_at,0.02214434,-0.17902743,,,,
1569415_at,0.02215141,-0.19693551,,,,
202099_s_at,0.02215781,-0.22041305,,,,
1566647_s_at,0.0221639,-0.16940251,,,,
222676_at,0.02217819,-0.20720315,,,,
232571_at,0.02218782,-0.17828216,,,,
235773_at,0.02219046,0.51791442,,,,
209757_s_at,0.02219713,0.85250693,,,,
232203_at,0.02220358,-0.57706639,,,,
235755_at,0.02220486,-0.15867342,,,,
1567045_at,0.02221371,-0.152107,,,,
217327_at,0.02221545,-0.12186062,,,,
205741_s_at,0.02226708,0.6164101,,,,
1556675_s_at,0.02227242,-0.13758325,,,,
244469_at,0.02228149,-0.13758877,,,,
1561896_at,0.02228484,-0.12926531,,,,
224537_at,0.02229378,-0.124742,,,,
230391_at,0.02231854,-0.64912752,,,,
215872_at,0.02231865,-0.12068968,,,,
236216_at,0.02232656,0.34026465,,,,
219931_s_at,0.02234086,-0.36034749,,,,
221112_at,0.02234657,-0.1856619,,,,
241645_at,0.02234703,-0.15120313,,,,
1554430_at,0.02235559,0.19747704,,,,
1566602_at,0.02236319,-0.16343287,,,,
229293_at,0.02236322,0.23143422,,,,
237280_at,0.02236959,-0.14676725,,,,
1562802_at,0.02237567,-0.11888411,,,,
220895_at,0.02238911,-0.13881738,,,,
229103_at,0.0224118,0.64902333,,,,
1557312_at,0.02242169,0.15582916,,,,
1556797_at,0.0224621,-0.27417986,,,,
1561683_at,0.02246957,-0.11200864,,,,
206379_at,0.02248356,-0.15369859,,,,
219264_s_at,0.02248396,0.46871931,,,,
213521_at,0.02249211,-0.30620235,,,,
236443_at,0.02250318,-0.10990091,,,,
201757_at,0.02250536,0.29206528,,,,
230762_at,0.02251258,-0.2134745,,,,
203326_x_at,0.0225395,-0.18163747,,,,
1553151_at,0.02254953,-0.54364571,,,,
237793_at,0.02256226,-0.20331237,,,,
207596_at,0.0225628,-0.15584137,,,,
209823_x_at,0.02256699,-0.83374867,,,,
1570194_x_at,0.02261632,-0.10336349,,,,
217307_at,0.02262589,-0.19216415,,,,
217248_s_at,0.02263978,-0.38092109,,,,
1570574_at,0.02265135,-0.13489128,,,,
1563098_at,0.02265458,0.19660216,,,,
239602_at,0.02267758,0.26395783,,,,
1566700_at,0.0226807,-0.14909222,,,,
219472_at,0.0226883,-0.15643674,,,,
230185_at,0.0226922,0.38865604,,,,
237393_at,0.02269265,-0.29705887,,,,
1564603_at,0.02269537,-0.18410513,,,,
1553253_at,0.02269791,-0.18576509,,,,
1569020_at,0.02270748,-0.28806244,,,,
226337_at,0.02271954,0.35507525,,,,
218639_s_at,0.02273284,0.31174407,,,,
1556316_s_at,0.0227388,0.36993699,,,,
224180_x_at,0.02274539,0.33694793,,,,
215165_x_at,0.022752,0.35491704,,,,
230392_at,0.02275615,0.2418974,,,,
204122_at,0.02280019,-0.62518841,,,,
236645_at,0.02281017,0.28550304,,,,
207438_s_at,0.02282273,0.25497913,,,,
236508_at,0.02286007,-0.12206517,,,,
201612_at,0.02287191,0.38138476,,,,
202105_at,0.02288581,-0.40971208,,,,
205688_at,0.02290755,-0.20278967,,,,
1566468_at,0.0229436,-0.1135061,,,,
231004_s_at,0.02294786,0.26485159,,,,
230785_at,0.0229615,-0.16871929,,,,
1554853_at,0.02299693,-0.13954323,,,,
232124_at,0.02300178,0.99871593,,,,
205711_x_at,0.02302031,0.30400444,,,,
236236_at,0.02302063,0.90546689,,,,
244181_at,0.02302272,0.42426456,,,,
1562835_at,0.0230304,-0.14569575,,,,
226890_at,0.02304692,0.27603153,,,,
214862_x_at,0.02304841,0.67343663,,,,
237264_at,0.02306159,-0.17554478,,,,
212438_at,0.02310002,0.22030307,,,,
221180_at,0.02311593,-0.20215299,,,,
242600_at,0.02312003,-0.54424877,,,,
230700_at,0.02312198,0.51569852,,,,
233390_at,0.02312346,-0.12820997,,,,
1555247_a_at,0.02314037,-0.3111561,,,,
206517_at,0.02314506,-0.41589791,,,,
1562478_at,0.02317617,-0.10912449,,,,
1562409_s_at,0.02317907,-0.17284567,,,,
206055_s_at,0.02319849,0.34231128,,,,
236218_at,0.02320167,-0.13693521,,,,
243246_at,0.02321507,-0.17555558,,,,
1561587_at,0.02325969,-0.12670321,,,,
207205_at,0.02326,-0.1707483,,,,
1556947_at,0.02326557,-0.13123679,,,,
231305_at,0.02327223,-0.14911809,,,,
228865_at,0.02329143,-1.08095405,,,,
230806_s_at,0.02330439,-0.23197645,,,,
1553397_at,0.02331048,-0.16030672,,,,
215973_at,0.02331509,-0.1393604,,,,
236174_at,0.02331573,0.34128372,,,,
233873_x_at,0.02332774,0.26841398,,,,
1555425_x_at,0.02334096,-0.13960125,,,,
244220_at,0.02334115,-0.25829612,,,,
1569616_at,0.02334652,-0.14413558,,,,
237200_at,0.02335012,-0.12914032,,,,
234883_x_at,0.02335097,-0.1540877,,,,
32091_at,0.02336756,0.30700833,,,,
203936_s_at,0.02336826,-1.06475653,,,,
230903_s_at,0.02338775,0.69297159,,,,
1554240_a_at,0.02338967,-0.71800729,,,,
1553272_at,0.02339694,-0.21832573,,,,
200066_at,0.02339987,-0.21059831,,,,
1552427_at,0.02341401,0.35344833,,,,
1555326_a_at,0.02343208,-0.6865085,,,,
239410_at,0.02344378,0.39741678,,,,
214212_x_at,0.02344757,0.55967171,,,,
228085_at,0.02345462,-0.17640504,,,,
231320_at,0.02347177,-0.14946994,,,,
38766_at,0.02347544,-0.29006462,,,,
208532_x_at,0.02347687,-0.14790193,,,,
208037_s_at,0.02348258,-0.19333416,,,,
226372_at,0.02348995,-0.65543437,,,,
240073_at,0.02349495,-0.10327781,,,,
234869_at,0.02349806,-0.14837158,,,,
1554624_a_at,0.02350254,-0.37425906,,,,
227474_at,0.02351361,-0.9131704,,,,
221910_at,0.02351437,-0.37419304,,,,
221166_at,0.02354057,-0.17449043,,,,
1566339_at,0.02354983,-0.13825635,,,,
1558481_s_at,0.02355548,-0.15793586,,,,
238127_at,0.02355701,-0.49470553,,,,
221494_x_at,0.02357471,-0.30221208,,,,
1556759_at,0.02358157,-0.09313324,,,,
231624_s_at,0.02358201,-0.18729123,,,,
1556700_a_at,0.02362186,-0.10404153,,,,
234528_at,0.02362419,-0.15258123,,,,
215419_at,0.02362696,-0.15117656,,,,
232734_at,0.02364425,0.47117268,,,,
234757_at,0.0236496,-0.16637805,,,,
208912_s_at,0.02365532,0.25515848,,,,
227681_at,0.02367346,0.26923992,,,,
1553123_at,0.0236845,-0.1229859,,,,
222016_s_at,0.02370735,0.61314151,,,,
216753_at,0.0237076,-0.12118787,,,,
206002_at,0.02373741,1.00162357,,,,
204530_s_at,0.02373976,-0.37355659,,,,
239538_at,0.02374139,0.38816943,,,,
203174_s_at,0.02374397,-0.21611323,,,,
203184_at,0.02376092,1.00685663,,,,
244696_at,0.02376518,-0.33018055,,,,
240151_at,0.02376805,-0.19699108,,,,
203875_at,0.02378587,0.5989163,,,,
214149_s_at,0.02379269,0.36362039,,,,
220814_at,0.02380053,-0.1327915,,,,
1560255_at,0.02380395,-0.16335841,,,,
226085_at,0.02381234,-0.46822928,,,,
211512_s_at,0.0238396,-0.19192218,,,,
216281_at,0.02384251,-0.1431978,,,,
216907_x_at,0.02384971,-0.14580298,,,,
236928_at,0.02386455,-0.17628369,,,,
204958_at,0.0238762,-0.33595171,,,,
240650_at,0.02387891,-0.20182222,,,,
1555535_at,0.02388419,-0.13776088,,,,
226588_at,0.02389736,0.29511656,,,,
218323_at,0.0239006,0.29240913,,,,
214054_at,0.02390781,-0.42873689,,,,
211993_at,0.02391821,0.53227251,,,,
214047_s_at,0.02392095,0.32043456,,,,
234759_at,0.02392342,-0.27993593,,,,
217113_at,0.02392476,-0.21038525,,,,
1552455_at,0.02392779,-0.46442741,,,,
205601_s_at,0.02394499,-0.46894871,,,,
237425_at,0.02395078,-0.14435445,,,,
227273_at,0.02395758,0.48216971,,,,
239940_at,0.02395958,-0.14592538,,,,
209671_x_at,0.02397323,-0.58677571,,,,
209517_s_at,0.02398942,0.32967611,,,,
1555614_at,0.02402679,-0.20521569,,,,
1553088_a_at,0.0240898,-0.18036232,,,,
238921_at,0.02409615,-0.19679317,,,,
1562695_at,0.02410069,-0.17398551,,,,
234527_at,0.02411137,-0.12257748,,,,
AFFX-r2-Ec-bioD-3_at,0.02412113,-0.34393379,,,,
221999_at,0.0241422,-0.25175931,,,,
1562793_at,0.02414428,-0.10790803,,,,
211254_x_at,0.02421979,-0.1637069,,,,
1552839_at,0.02424266,-0.10986036,,,,
237289_at,0.02424868,0.24159062,,,,
222645_s_at,0.02426088,-0.55888497,,,,
224269_at,0.02426395,-0.15202692,,,,
232429_at,0.02427634,0.42112972,,,,
205213_at,0.02428787,-0.32254955,,,,
207990_x_at,0.02428792,-0.20448363,,,,
1563721_at,0.02428897,-0.10640522,,,,
216892_at,0.02430983,-0.19541803,,,,
1560208_at,0.02431989,-0.43199822,,,,
217134_at,0.02434781,-0.19181492,,,,
232234_at,0.02435025,-0.32532729,,,,
208495_at,0.02435814,-0.13341693,,,,
217883_at,0.0243721,0.23790715,,,,
1560132_a_at,0.02438169,-0.11602474,,,,
233748_x_at,0.02438782,-0.43951256,,,,
234513_at,0.02440792,-0.3619835,,,,
243952_at,0.02441372,0.42272946,,,,
1562681_at,0.02441697,-0.23892202,,,,
221318_at,0.02442291,-0.18511971,,,,
1569107_s_at,0.02442485,0.40597326,,,,
237682_at,0.02442677,-0.12797696,,,,
205039_s_at,0.02444268,-0.42162399,,,,
207741_x_at,0.02446799,-0.55181118,,,,
1565998_at,0.02447205,-0.12540685,,,,
228802_at,0.02448662,0.56250499,,,,
1555656_at,0.02449377,-0.17549516,,,,
208110_x_at,0.02450316,-0.16904065,,,,
215201_at,0.02451283,0.14543903,,,,
231770_x_at,0.02451572,0.30554473,,,,
216530_at,0.02451778,-0.13145519,,,,
1557042_at,0.02452505,-0.14604668,,,,
224234_at,0.02453523,-0.10383611,,,,
236178_at,0.02453544,0.38885963,,,,
213487_at,0.02453586,-0.18874767,,,,
202894_at,0.02457252,0.44002662,,,,
223114_at,0.02459377,0.29049644,,,,
238529_at,0.02459436,0.40982546,,,,
1553111_a_at,0.02459905,0.31452279,,,,
206207_at,0.02460066,-0.9230763,,,,
225469_at,0.02460519,0.41710675,,,,
221398_at,0.02461324,-0.10646307,,,,
239343_at,0.02461656,0.41525896,,,,
241301_at,0.02464095,-0.17716268,,,,
229883_at,0.02464202,-0.51624931,,,,
210926_at,0.02464697,-0.32281524,,,,
214750_at,0.02465132,-0.15199193,,,,
239318_at,0.02466406,-0.1559642,,,,
222861_x_at,0.02469324,0.28451579,,,,
228297_at,0.02469777,0.43894807,,,,
231637_at,0.02470634,-0.16232579,,,,
216678_at,0.02472989,-0.16774306,,,,
1560713_a_at,0.02473895,-0.16888312,,,,
1569937_at,0.0247685,-0.1292051,,,,
228884_at,0.02479483,0.13034411,,,,
205988_at,0.02481538,-0.58583044,,,,
1561065_at,0.02486249,-0.18488705,,,,
219580_s_at,0.02486669,-1.46700445,,,,
240120_at,0.02490539,0.4924357,,,,
232798_at,0.02492537,-0.41001003,,,,
33646_g_at,0.02493191,-0.59252804,,,,
221075_s_at,0.02493801,-0.13769944,,,,
240999_at,0.02494081,-0.1322139,,,,
229058_at,0.02497992,0.46465802,,,,
1569741_at,0.02500735,-0.15335202,,,,
201637_s_at,0.02501887,0.29126873,,,,
231016_s_at,0.02502822,0.33686162,,,,
231796_at,0.02503067,-0.20055461,,,,
203001_s_at,0.02503104,-1.10004089,,,,
229897_at,0.02503211,0.28183286,,,,
1563521_at,0.02504669,-0.16734703,,,,
218288_s_at,0.02505036,0.26272747,,,,
1555812_a_at,0.02505433,-0.6849363,,,,
221068_at,0.02506134,0.32834754,,,,
234533_at,0.02506619,-0.14973958,,,,
212648_at,0.02507944,0.27081542,,,,
224072_s_at,0.02508364,-0.12974116,,,,
1564545_a_at,0.02511758,-0.14529797,,,,
242885_at,0.02512622,-0.23290194,,,,
234911_at,0.02514632,-0.18968318,,,,
233509_at,0.02517368,-0.28013836,,,,
1560095_s_at,0.02518082,-0.1405197,,,,
1553871_at,0.02522628,-0.14200772,,,,
231504_at,0.0252657,0.45910249,,,,
215151_at,0.02529056,-0.13278791,,,,
226024_at,0.02530527,0.23269222,,,,
220309_at,0.02531014,-0.18836206,,,,
211856_x_at,0.02531968,-0.2088828,,,,
224682_at,0.02534017,0.31730365,,,,
227416_s_at,0.02534135,0.26517266,,,,
211469_s_at,0.02535136,-0.29893389,,,,
1555792_a_at,0.02537852,-0.13443324,,,,
216474_x_at,0.02538668,-0.69997692,,,,
227098_at,0.02538888,-0.37786796,,,,
224552_s_at,0.02539364,-0.15553023,,,,
1558391_s_at,0.0254073,0.27712959,,,,
1557373_at,0.0254163,-0.1320453,,,,
242735_x_at,0.02542226,-0.15565785,,,,
229875_at,0.0254284,-0.31317004,,,,
216724_at,0.02543381,-0.11558576,,,,
224182_x_at,0.02544398,-0.14221186,,,,
216410_at,0.02546179,0.14684894,,,,
1562915_at,0.02546609,-0.16431868,,,,
1554400_at,0.02547916,-0.1218525,,,,
217922_at,0.02549112,0.30971554,,,,
231742_at,0.02549257,-0.14001131,,,,
241064_at,0.02550527,-0.14364031,,,,
209986_at,0.02550896,-0.15121624,,,,
230041_at,0.02551168,-0.16076139,,,,
219808_at,0.02551236,-0.14886817,,,,
207301_at,0.02554698,-0.14585639,,,,
243747_at,0.0255631,0.39522557,,,,
240493_at,0.02556357,-0.15472327,,,,
233015_at,0.02557227,-0.14138194,,,,
1557652_a_at,0.0255806,-0.11638249,,,,
238522_at,0.02558761,-0.23786149,,,,
211700_s_at,0.02559518,0.48629522,,,,
215256_x_at,0.02559862,-0.17679882,,,,
220240_s_at,0.02561562,-0.54475248,,,,
212312_at,0.02562881,-0.31254518,,,,
242275_at,0.02563879,-0.14601851,,,,
218138_at,0.02564139,0.39178138,,,,
237792_at,0.02564897,-0.13569282,,,,
208403_x_at,0.02565231,-0.27654394,,,,
222755_s_at,0.02567827,-0.34026572,,,,
1553537_at,0.025724,-0.09844019,,,,
215592_at,0.02573835,-0.22583809,,,,
222768_s_at,0.025749,0.40070391,,,,
203653_s_at,0.02575747,0.32144981,,,,
236012_at,0.02576006,0.26621332,,,,
228768_at,0.02576259,-0.26879647,,,,
244471_x_at,0.02576315,-0.12826114,,,,
233445_at,0.02580117,-0.18454004,,,,
236259_at,0.02580124,-0.32103374,,,,
238164_at,0.02583479,0.41102294,,,,
231079_at,0.0258368,-0.15994533,,,,
201366_at,0.02584227,0.21574348,,,,
216283_s_at,0.02584804,-0.37805774,,,,
233180_at,0.025861,0.4339721,,,,
1565826_at,0.02586554,0.10136617,,,,
1555617_x_at,0.02588745,-0.22125557,,,,
232439_at,0.02588826,0.43679526,,,,
233993_at,0.02590929,-0.16532333,,,,
208357_x_at,0.02592358,-0.15212426,,,,
232005_at,0.02594901,-0.20162706,,,,
208809_s_at,0.02595226,0.24699039,,,,
1561268_at,0.02595466,-0.14598446,,,,
1554804_a_at,0.02596558,-0.16906276,,,,
223747_x_at,0.02598699,0.18709538,,,,
206491_s_at,0.02600962,-0.45743035,,,,
204480_s_at,0.02601433,-0.52968052,,,,
206501_x_at,0.02603309,-0.41775841,,,,
210092_at,0.02603765,0.31420007,,,,
236106_at,0.02603912,0.32036977,,,,
1568695_s_at,0.02604183,0.21655313,,,,
219242_at,0.02606961,0.2371115,,,,
238791_at,0.02609249,0.27909456,,,,
222298_at,0.02610243,-0.12874646,,,,
205133_s_at,0.02610369,0.36719378,,,,
204661_at,0.02612813,-0.84294971,,,,
217050_at,0.02613936,-0.35076918,,,,
1554175_at,0.02615918,-0.1774874,,,,
243632_at,0.02615973,-0.09408909,,,,
226807_at,0.02616583,0.40569618,,,,
1552484_at,0.02616761,-0.17204875,,,,
243181_at,0.02616858,0.32879894,,,,
218215_s_at,0.02618222,-0.34432185,,,,
202416_at,0.0262055,-0.20347871,,,,
215917_at,0.02623957,0.10353037,,,,
212987_at,0.02624777,0.30911547,,,,
217804_s_at,0.0262613,-0.20852312,,,,
217661_x_at,0.0262678,0.19532486,,,,
210804_x_at,0.02627076,-0.16059554,,,,
241853_at,0.02627132,0.40434518,,,,
212647_at,0.02632745,-0.52135714,,,,
226389_s_at,0.02632925,-0.27625757,,,,
235097_at,0.02633982,0.13933173,,,,
220920_at,0.02634455,-0.28073101,,,,
231375_at,0.02635513,-0.25503803,,,,
218048_at,0.02636123,0.26678352,,,,
1561923_a_at,0.02638429,-0.16426035,,,,
230068_s_at,0.02639104,0.7195508,,,,
206374_at,0.02639152,-0.33080205,,,,
244578_at,0.02639909,-0.12421374,,,,
213636_at,0.0264264,-0.1438615,,,,
1570116_at,0.0264415,-0.12158013,,,,
210331_at,0.02646268,-0.15635752,,,,
200661_at,0.02646473,-0.42309975,,,,
238312_s_at,0.02647417,-0.1401709,,,,
206451_at,0.02648177,0.31133645,,,,
231425_at,0.02650131,-0.11202583,,,,
214610_at,0.02653006,-0.09541007,,,,
236733_at,0.02653763,0.20646011,,,,
1569590_at,0.02655362,-0.14180853,,,,
1557857_a_at,0.02655601,-0.10460447,,,,
216250_s_at,0.02658006,-0.65070375,,,,
216741_at,0.02659957,-0.15559051,,,,
238194_at,0.02660077,-0.19936606,,,,
207919_at,0.02660111,-0.17646651,,,,
1563319_at,0.02660129,-0.11327842,,,,
221721_s_at,0.02662774,0.17112126,,,,
1553297_a_at,0.02662892,-0.44421663,,,,
223652_at,0.02663755,0.78396416,,,,
203935_at,0.02669802,0.3602572,,,,
224016_at,0.02670701,-0.13114195,,,,
202036_s_at,0.02670718,1.0493214,,,,
1566963_at,0.0267306,-0.150534,,,,
208120_x_at,0.02673397,-0.22167051,,,,
235383_at,0.02673824,-0.37851537,,,,
55872_at,0.02674399,0.75857585,,,,
1557565_a_at,0.02674579,-0.13678796,,,,
229034_at,0.02674847,0.7893002,,,,
1558168_at,0.02677143,-0.12522416,,,,
1564630_at,0.02679811,-0.26198681,,,,
211286_x_at,0.02680564,-0.42393659,,,,
212740_at,0.02682625,0.25948096,,,,
1555407_s_at,0.02682892,-0.34461452,,,,
1554155_at,0.02683056,0.4126085,,,,
242863_at,0.02683131,-0.18683344,,,,
212853_at,0.02683404,0.2751844,,,,
229938_at,0.02683809,-0.31228388,,,,
202402_s_at,0.02686979,-0.29044124,,,,
219367_s_at,0.02688408,-0.46375663,,,,
209597_s_at,0.02690344,-0.15555242,,,,
201929_s_at,0.02690902,0.28168545,,,,
1562839_at,0.02691593,-0.11171361,,,,
229601_at,0.02691995,-0.13192558,,,,
236482_at,0.02693961,-0.17711945,,,,
237698_at,0.02696993,-0.12503818,,,,
236790_s_at,0.02697827,-0.17407143,,,,
1556153_s_at,0.02698261,-0.13333787,,,,
210755_at,0.02698272,-0.42974991,,,,
234553_at,0.02698278,-0.12053889,,,,
208563_x_at,0.0269849,-0.16465216,,,,
1561571_at,0.0269924,-0.14559711,,,,
1553885_x_at,0.02700024,0.19697871,,,,
228626_at,0.02700428,-0.2248601,,,,
1569219_at,0.02700634,-0.13897014,,,,
235552_at,0.02702884,0.17602001,,,,
221526_x_at,0.02703766,0.35458829,,,,
1555651_at,0.02705059,-0.14817228,,,,
1560102_at,0.0270719,-0.10155913,,,,
1557402_at,0.02707547,-0.10870029,,,,
1562969_at,0.02709127,-0.27101401,,,,
240119_at,0.02709489,-0.1372833,,,,
1553723_at,0.02710192,-0.20333417,,,,
218566_s_at,0.02711291,0.37559466,,,,
1557520_a_at,0.02713052,-0.09700118,,,,
229785_at,0.02714129,0.34637717,,,,
1569205_at,0.02714654,-0.14608609,,,,
205147_x_at,0.02717522,-0.53666681,,,,
237016_at,0.02717621,0.21981104,,,,
222797_at,0.02719282,-0.22656905,,,,
207085_x_at,0.02719935,-0.54003794,,,,
1557754_at,0.02723231,0.45297442,,,,
209377_s_at,0.02723278,0.34229688,,,,
234384_at,0.02725615,-0.13941558,,,,
213973_at,0.02726508,-0.16615402,,,,
205253_at,0.02729832,0.76413078,,,,
205622_at,0.02730361,-0.2958783,,,,
218859_s_at,0.02730961,0.4328848,,,,
243659_at,0.02731261,-0.14565858,,,,
205416_s_at,0.0273132,0.35389286,,,,
210514_x_at,0.02732144,-0.4419414,,,,
41856_at,0.02732147,-0.19278849,,,,
226339_at,0.0273241,0.31426688,,,,
238703_at,0.02733342,0.19817486,,,,
1555267_at,0.0273484,-0.21560694,,,,
237758_at,0.02735493,-0.13339687,,,,
1560922_s_at,0.02735898,-0.17835083,,,,
200022_at,0.0273815,-0.24184836,,,,
207777_s_at,0.02739376,-0.33637381,,,,
212716_s_at,0.02740396,-0.2763557,,,,
230344_x_at,0.02740636,0.14158249,,,,
214024_s_at,0.02742633,0.17559465,,,,
241964_at,0.02745362,-0.14125292,,,,
238369_s_at,0.02746143,0.39347009,,,,
234007_at,0.02746554,-0.11259788,,,,
1561509_at,0.02750121,-0.17648094,,,,
243653_at,0.02750129,-0.15815929,,,,
1555088_x_at,0.02751003,-0.19837454,,,,
1566151_at,0.02751438,-0.12973712,,,,
1558028_x_at,0.02751532,-0.51236915,,,,
207670_at,0.02751777,-0.14935437,,,,
1563523_at,0.02752131,-0.14578753,,,,
225732_at,0.02752206,0.27954591,,,,
202910_s_at,0.02752642,-0.61098957,,,,
237500_at,0.02753006,-0.12952122,,,,
236921_at,0.02754728,-0.30872017,,,,
244284_at,0.02754865,-0.17672165,,,,
239293_at,0.02755044,-0.32648785,,,,
205993_s_at,0.02756019,-0.21037541,,,,
1569789_at,0.02759524,-0.14767462,,,,
244259_s_at,0.02761387,0.16768013,,,,
221164_x_at,0.02761977,-0.32515757,,,,
1563244_at,0.02762346,-0.19401201,,,,
218313_s_at,0.02762752,-0.72578973,,,,
233411_at,0.02763035,-0.16038536,,,,
213805_at,0.02763776,0.42676614,,,,
243395_at,0.02764348,-0.31066607,,,,
206198_s_at,0.02766635,-1.28095429,,,,
209733_at,0.02766908,0.43615609,,,,
202044_at,0.02772588,0.32317286,,,,
215735_s_at,0.02773786,-0.28904726,,,,
1566809_a_at,0.0277525,-0.13930033,,,,
226385_s_at,0.02776561,0.21667818,,,,
229705_at,0.0277689,0.48312867,,,,
231470_at,0.02777535,0.31608207,,,,
202974_at,0.02778208,-0.51025344,,,,
221452_s_at,0.02779117,0.27051249,,,,
1566486_at,0.02780029,-0.13829637,,,,
224246_at,0.02782599,-0.16468146,,,,
228550_at,0.02786079,-0.35842916,,,,
1563064_at,0.02787013,-0.12329942,,,,
230042_at,0.02789123,0.29356059,,,,
243980_at,0.02789556,-0.1714817,,,,
234857_at,0.02789602,-0.13562881,,,,
220241_at,0.02792052,-0.42077494,,,,
227821_at,0.02792141,-0.21009214,,,,
1561720_at,0.02793443,0.1590844,,,,
1566734_at,0.02794502,-0.12419407,,,,
222242_s_at,0.02799338,0.70383528,,,,
227632_at,0.02799815,0.45823839,,,,
1559691_at,0.02800153,-0.13691535,,,,
238788_at,0.02800709,0.18692143,,,,
219642_s_at,0.02803663,-0.10857836,,,,
205077_s_at,0.02805289,0.27018962,,,,
209849_s_at,0.02807232,0.35589233,,,,
222072_at,0.02807648,-0.23792821,,,,
1553155_x_at,0.02807781,-0.37283202,,,,
217817_at,0.02807816,-0.27747988,,,,
231090_s_at,0.0280898,0.31171089,,,,
1560973_a_at,0.02808993,0.19659804,,,,
221292_at,0.02809276,-0.13796118,,,,
234216_at,0.02813588,-0.13681922,,,,
220443_s_at,0.02814756,0.3855549,,,,
217906_at,0.02815376,0.27026192,,,,
1560418_at,0.02815736,-0.10846566,,,,
1563119_at,0.02816468,-0.15659027,,,,
1561061_at,0.02820293,-0.16331221,,,,
204020_at,0.02821734,-0.30648127,,,,
1566363_at,0.02822641,-0.14528382,,,,
238952_x_at,0.02823,0.51993019,,,,
1553780_at,0.02823301,-0.15245306,,,,
211688_x_at,0.02824893,-0.13970151,,,,
223891_at,0.0282761,-0.14003518,,,,
227895_at,0.02828105,0.26380628,,,,
208993_s_at,0.02830806,0.23470831,,,,
243467_at,0.02831073,-0.10712967,,,,
1561627_at,0.02831663,-0.09611803,,,,
244492_at,0.02832455,-0.15520549,,,,
1562239_at,0.02832783,-0.17565162,,,,
1559261_a_at,0.02832909,-0.15813024,,,,
1554328_at,0.0283614,0.2520684,,,,
1570496_at,0.0283679,0.17858871,,,,
208477_at,0.02837037,-0.17469029,,,,
234221_at,0.02837782,-0.10717417,,,,
205786_s_at,0.02838494,-0.6945988,,,,
200599_s_at,0.02839498,0.20992897,,,,
1556671_s_at,0.02839777,-0.16277542,,,,
220826_at,0.02840021,-0.12886468,,,,
238136_at,0.02842278,-0.12628504,,,,
235874_at,0.02842647,0.83679813,,,,
225119_at,0.02842972,-0.39569955,,,,
225232_at,0.02843328,0.32402828,,,,
1566185_at,0.02843953,-0.16321539,,,,
220490_at,0.02847971,-0.11399584,,,,
221093_at,0.02848159,-0.10801852,,,,
221573_at,0.02848702,0.22455318,,,,
243648_at,0.02848713,0.52354671,,,,
1561039_a_at,0.02850528,-0.13744739,,,,
217893_s_at,0.02853444,0.3025955,,,,
209331_s_at,0.02853534,-0.37474662,,,,
238543_x_at,0.02856018,-0.20906707,,,,
237273_at,0.02859099,-0.14074633,,,,
232677_at,0.02859297,-0.19307698,,,,
206371_at,0.02860041,-0.27769582,,,,
243423_at,0.02861714,-0.21663698,,,,
1561728_a_at,0.02864409,-0.13712922,,,,
224543_at,0.02865525,-0.18811213,,,,
229005_at,0.02868835,-0.34612601,,,,
206278_at,0.02871435,-0.31958828,,,,
1556460_a_at,0.02876026,-0.13975148,,,,
244598_at,0.02876102,-0.36769729,,,,
226332_at,0.02877245,0.30093895,,,,
1568896_at,0.02878016,-0.10740925,,,,
239031_at,0.02878536,-0.25476846,,,,
227924_at,0.02878925,-0.24514447,,,,
203718_at,0.02879784,-0.38677662,,,,
219839_x_at,0.02881031,-0.11031637,,,,
1560472_at,0.02882998,-0.18522604,,,,
1563849_at,0.02886019,-0.11687825,,,,
216404_at,0.02889495,-0.13462568,,,,
1566786_at,0.0288967,-0.10681395,,,,
240974_at,0.02889779,0.14315022,,,,
229149_at,0.02889998,-0.11640261,,,,
216605_s_at,0.02891303,-0.27976507,,,,
205270_s_at,0.02891775,-0.55040082,,,,
1554564_a_at,0.02892679,0.17420116,,,,
1553354_a_at,0.02893476,-0.19259786,,,,
233211_at,0.02894432,-0.17854202,,,,
215541_s_at,0.02894755,-0.22650354,,,,
218732_at,0.02897325,0.25891764,,,,
200860_s_at,0.02901592,-0.22730776,,,,
220541_at,0.02902909,-0.19261466,,,,
240532_at,0.02903932,-0.11773198,,,,
224091_at,0.02906366,-0.12768252,,,,
201020_at,0.0290659,-0.33641481,,,,
217425_at,0.0290755,-0.11777144,,,,
243602_at,0.02910418,-0.19495177,,,,
221326_s_at,0.02911881,0.27490124,,,,
212239_at,0.02913984,0.48974568,,,,
239728_at,0.02914826,-0.15221979,,,,
1568929_at,0.0291739,-0.16265498,,,,
1556400_at,0.02920432,-0.1388362,,,,
211071_s_at,0.02923275,0.82569239,,,,
1559901_s_at,0.02923487,0.49480227,,,,
229921_at,0.02923605,-0.13388496,,,,
235425_at,0.02925467,0.6406589,,,,
241185_at,0.02927736,-0.14592219,,,,
222140_s_at,0.02928269,0.35758876,,,,
234938_at,0.02928865,-0.1773207,,,,
235712_at,0.02930232,-0.19894773,,,,
242994_at,0.02930433,-0.178319,,,,
230485_at,0.02933797,-0.23218371,,,,
239883_s_at,0.02934139,-0.1004343,,,,
230187_s_at,0.02934785,0.46013258,,,,
236707_at,0.02935452,-0.1722446,,,,
220412_x_at,0.02935464,0.25754139,,,,
222652_s_at,0.02935546,-0.25716734,,,,
222151_s_at,0.02936361,0.23725255,,,,
220558_x_at,0.02937169,-0.17427157,,,,
1555581_a_at,0.02938335,-0.12806427,,,,
1558574_at,0.029415,-0.14003113,,,,
217590_s_at,0.02944558,-0.4054437,,,,
205859_at,0.02944649,-0.55739372,,,,
226210_s_at,0.02945838,0.72364692,,,,
1557644_at,0.02946776,-0.12013456,,,,
234156_at,0.02948026,-0.21942454,,,,
1569276_at,0.02948154,-0.13682392,,,,
239110_s_at,0.02949824,-0.17457481,,,,
1569305_a_at,0.02950405,-0.12466462,,,,
244713_at,0.02952575,-0.14199352,,,,
219767_s_at,0.02953147,0.27917781,,,,
214662_at,0.02953189,0.27490065,,,,
1557660_s_at,0.02953334,-0.12694244,,,,
210972_x_at,0.02958498,-0.62025206,,,,
217211_at,0.02961716,-0.41363107,,,,
244589_at,0.02962549,-0.11987487,,,,
215329_s_at,0.02964991,-0.26074302,,,,
204809_at,0.0296631,0.28604779,,,,
229353_s_at,0.02968368,0.34698627,,,,
237188_x_at,0.02969702,-0.20581659,,,,
243068_at,0.02969815,0.22315234,,,,
1561329_s_at,0.02970719,-0.16607743,,,,
234285_at,0.029708,-0.20313199,,,,
1561100_at,0.02971431,-0.10698731,,,,
205021_s_at,0.02972284,-0.26108992,,,,
211260_at,0.02973155,-0.14917157,,,,
206429_at,0.02974853,-0.84324585,,,,
206812_at,0.02975117,-0.15341309,,,,
232752_at,0.02977694,0.74038015,,,,
203396_at,0.02978181,0.21084535,,,,
237080_at,0.0297845,-0.12417085,,,,
216757_at,0.02978497,-0.17794357,,,,
1569417_at,0.02979247,-0.16794214,,,,
242552_x_at,0.02980005,-0.17190801,,,,
205065_at,0.0298004,0.34026925,,,,
208359_s_at,0.02982222,-0.21707442,,,,
41047_at,0.0298274,-0.3804544,,,,
215891_s_at,0.02983436,-0.61559844,,,,
202582_s_at,0.02985225,0.28323807,,,,
233236_at,0.02985892,-0.13965375,,,,
221260_s_at,0.02986009,0.3850843,,,,
206932_at,0.02991001,-0.87196761,,,,
1552755_at,0.02991718,-0.30065364,,,,
233643_at,0.02991895,-0.15457792,,,,
1553264_a_at,0.02992402,-0.19332844,,,,
204923_at,0.02992517,-0.55531391,,,,
225961_at,0.02994229,0.27891774,,,,
209953_s_at,0.02994286,-0.37558662,,,,
229071_at,0.02995185,0.34987724,,,,
241433_at,0.02996431,0.3403988,,,,
221016_s_at,0.02997343,0.5691334,,,,
1562588_at,0.02997595,-0.09524642,,,,
237655_at,0.02997983,-0.13243264,,,,
209579_s_at,0.03003125,0.3149408,,,,
241280_at,0.03004517,-0.13053772,,,,
234403_at,0.03008316,-0.13525374,,,,
239746_at,0.03009,-0.13288963,,,,
216468_s_at,0.03010114,0.35370827,,,,
208291_s_at,0.03011071,-0.28716438,,,,
228015_s_at,0.03011268,0.23711879,,,,
1555779_a_at,0.03013191,-0.21118479,,,,
1558214_s_at,0.03015975,-0.74297356,,,,
205103_at,0.03017562,-0.23207231,,,,
234053_at,0.03017917,-0.13493164,,,,
226291_at,0.03018404,0.31088066,,,,
230116_at,0.03019629,-0.37686982,,,,
217101_at,0.03020454,0.22064369,,,,
244602_at,0.03021111,-0.09892616,,,,
227077_at,0.03026265,0.51088162,,,,
219036_at,0.03026674,0.53368271,,,,
43934_at,0.03027532,-0.14870458,,,,
217128_s_at,0.03027678,-0.15424993,,,,
202557_at,0.03027754,0.4229322,,,,
1569439_at,0.03028401,0.15241279,,,,
223885_at,0.03031079,-0.16990515,,,,
205138_s_at,0.03031287,0.20721278,,,,
225588_s_at,0.0303178,0.28864261,,,,
228659_at,0.03033493,-0.1472462,,,,
238154_at,0.03033809,0.54781918,,,,
1557723_at,0.03036832,-0.20248936,,,,
222363_at,0.03037257,-0.19213353,,,,
217987_at,0.0303728,0.29083286,,,,
202505_at,0.03038257,0.26998721,,,,
201068_s_at,0.03038302,0.21434808,,,,
1557710_at,0.03040745,-0.1934157,,,,
242926_at,0.03041217,-0.15730373,,,,
78047_s_at,0.03042192,-0.21807184,,,,
240065_at,0.03044015,-0.40544866,,,,
1560891_a_at,0.0304479,-0.17698098,,,,
237510_at,0.03044811,0.36837451,,,,
235089_at,0.03045854,0.33677504,,,,
238484_s_at,0.03046994,0.53091927,,,,
205864_at,0.03050618,-0.32046262,,,,
231434_at,0.03051915,-0.14653269,,,,
208095_s_at,0.03052655,0.28299025,,,,
207893_at,0.03059106,-0.1307582,,,,
1569127_at,0.03059574,-0.2538415,,,,
217745_s_at,0.03059575,0.2795858,,,,
231635_x_at,0.03060125,0.1831314,,,,
204275_at,0.0306056,-0.27844793,,,,
242727_at,0.03060561,0.49160993,,,,
209269_s_at,0.03060642,-0.52839113,,,,
215857_at,0.03061159,-0.15897613,,,,
1556452_a_at,0.03064528,-0.14876292,,,,
207237_at,0.0306626,-0.23879809,,,,
222459_at,0.03066671,0.2641815,,,,
226233_at,0.03068261,0.33408928,,,,
1569679_at,0.03068601,-0.1243599,,,,
207475_at,0.03068915,-0.20082189,,,,
214739_at,0.03073355,0.26578704,,,,
227799_at,0.03073421,-0.42587046,,,,
218461_at,0.03073709,0.24057842,,,,
232102_at,0.03074677,0.17380504,,,,
237931_at,0.03075134,-0.13762182,,,,
207890_s_at,0.03077094,-0.23224723,,,,
37028_at,0.03079058,-0.37795105,,,,
208939_at,0.03080586,0.36161651,,,,
221385_s_at,0.03080614,-0.16001051,,,,
237934_at,0.03080773,-0.11640337,,,,
210905_x_at,0.03081514,-0.25484884,,,,
239081_at,0.03082266,0.2498296,,,,
205274_at,0.03082552,-0.15634009,,,,
232470_at,0.03083596,-0.18791215,,,,
236897_at,0.03084516,0.30203772,,,,
210373_at,0.03085054,-0.14829961,,,,
205269_at,0.03085417,-0.60572241,,,,
229008_at,0.03085963,-0.20135115,,,,
243532_at,0.03087817,0.15442248,,,,
209499_x_at,0.03087995,-0.54468119,,,,
236854_at,0.03090276,-0.19001218,,,,
1558581_at,0.03091766,-0.12637003,,,,
208550_x_at,0.0309219,-0.17648716,,,,
220088_at,0.03092247,-0.62324787,,,,
209256_s_at,0.03093934,0.24122013,,,,
208916_at,0.03093989,-0.4202455,,,,
1560496_at,0.03094962,-0.16595409,,,,
228210_at,0.03095384,-0.16407579,,,,
206222_at,0.03097366,-0.36885086,,,,
232513_x_at,0.03097465,-0.13721973,,,,
242933_at,0.03099753,-0.13842432,,,,
208573_s_at,0.03100883,-0.15770405,,,,
1553467_at,0.031021,-0.13047165,,,,
206199_at,0.0310252,-1.51240386,,,,
241902_at,0.0310584,0.35320275,,,,
1553677_a_at,0.03106297,0.28321427,,,,
244225_x_at,0.03109616,0.12254066,,,,
1562914_a_at,0.03110029,-0.14038485,,,,
218403_at,0.03111707,0.26154528,,,,
205231_s_at,0.03113354,0.3744478,,,,
1558711_at,0.0311361,-0.22184586,,,,
203000_at,0.03113682,-1.03267043,,,,
221543_s_at,0.03114078,0.47450578,,,,
231265_at,0.03115529,-0.11336858,,,,
1557545_s_at,0.03115861,0.49484636,,,,
243857_at,0.03118052,0.41314773,,,,
219418_at,0.03118356,-0.34838151,,,,
205854_at,0.03123282,0.44179571,,,,
225346_at,0.0312347,0.41088987,,,,
1560595_at,0.03123834,-0.11628056,,,,
234208_at,0.03125166,-0.18843228,,,,
215037_s_at,0.0312649,-0.5104292,,,,
201486_at,0.03127239,0.40647898,,,,
218909_at,0.03129139,0.34418498,,,,
205179_s_at,0.03129737,-0.20783737,,,,
224087_at,0.0313123,-0.13065264,,,,
235726_at,0.03131916,-0.13278962,,,,
1569374_at,0.03134319,-0.14733431,,,,
228908_s_at,0.03138366,0.53247578,,,,
209343_at,0.03138939,1.14432608,,,,
206219_s_at,0.03139192,-0.44325434,,,,
240679_at,0.03139451,-0.14084486,,,,
222867_s_at,0.03140325,0.31366176,,,,
235906_at,0.03143323,-0.1286422,,,,
234200_at,0.03143975,-0.14037492,,,,
202838_at,0.03146371,-0.52771981,,,,
210419_at,0.03149061,0.45335414,,,,
210258_at,0.03149074,-1.02108062,,,,
230592_at,0.03150685,0.29215155,,,,
237531_at,0.0315239,-0.09886138,,,,
1555032_at,0.03154684,-0.16645315,,,,
223385_at,0.03155381,-0.78936777,,,,
217596_at,0.0315652,-0.23111978,,,,
234029_at,0.03156867,-0.11287987,,,,
231409_at,0.03161553,-0.12919783,,,,
223647_x_at,0.03162005,0.26311297,,,,
226324_s_at,0.03162573,-0.47674174,,,,
209340_at,0.03163505,0.34985927,,,,
231102_at,0.03163818,0.5385156,,,,
203133_at,0.03163906,0.20399557,,,,
1555306_a_at,0.03166926,-0.11779016,,,,
201543_s_at,0.03167625,0.34817896,,,,
1566138_at,0.03168326,-0.21224903,,,,
243175_at,0.03169537,-0.15012356,,,,
231461_at,0.03175848,-0.19741277,,,,
215511_at,0.03177054,-0.16063249,,,,
232719_at,0.03177273,0.21104545,,,,
222500_at,0.0317763,0.36108482,,,,
217326_x_at,0.0317787,-0.15488331,,,,
210723_x_at,0.03179771,0.13607929,,,,
1565674_at,0.03180992,-0.26386329,,,,
234146_at,0.03181005,-0.17250409,,,,
202895_s_at,0.0318277,-0.2915048,,,,
201635_s_at,0.03183675,0.36895748,,,,
231418_at,0.03184023,-0.28916258,,,,
217509_x_at,0.03184816,-0.13571656,,,,
1569898_a_at,0.03185122,-0.28811153,,,,
1561631_at,0.03188394,0.24224506,,,,
1562102_at,0.03189171,0.77501887,,,,
1563477_at,0.03195539,-0.1074223,,,,
1569852_at,0.03196431,-0.13872703,,,,
234673_at,0.03197155,-0.17133527,,,,
1556721_at,0.03197187,-0.16673534,,,,
208578_at,0.03197388,-0.14345075,,,,
227565_at,0.03199066,0.52148164,,,,
208135_at,0.03199285,-0.21645006,,,,
1557536_at,0.03200254,-0.1760214,,,,
217409_at,0.03200392,-0.12974544,,,,
209851_at,0.03202034,-0.14826065,,,,
223106_at,0.03203388,0.24182496,,,,
231349_at,0.03205132,-0.14818759,,,,
223485_at,0.03205374,-0.25642055,,,,
206907_at,0.03205612,-0.56000743,,,,
1569782_at,0.03206301,-0.11397698,,,,
121_at,0.03207737,-0.40911004,,,,
1553681_a_at,0.03209944,-0.32950651,,,,
1555784_s_at,0.03210302,-0.44381449,,,,
220662_s_at,0.03212026,-0.12614128,,,,
1566471_at,0.03212153,-0.1933354,,,,
210814_at,0.03212357,-0.11005049,,,,
243664_at,0.03212959,0.3784897,,,,
203203_s_at,0.03215778,0.33834568,,,,
234738_s_at,0.03216097,-0.23026371,,,,
1566923_at,0.03217137,-0.16269657,,,,
1562674_at,0.03225817,-0.15058809,,,,
210772_at,0.03225882,-0.45968299,,,,
207270_x_at,0.03226215,-0.28736185,,,,
220172_at,0.03226668,0.43538988,,,,
238940_at,0.03226692,0.29881987,,,,
225353_s_at,0.03227857,-0.6012745,,,,
240937_at,0.03229411,-0.10928529,,,,
234395_at,0.03229425,-0.13599896,,,,
232708_at,0.03229667,-0.21011247,,,,
237176_at,0.0322969,-0.15361552,,,,
1560753_at,0.03230783,-0.1333576,,,,
228895_s_at,0.03233868,-0.13275207,,,,
238879_at,0.03234376,0.33187961,,,,
230941_at,0.03234514,0.19461201,,,,
217065_at,0.03234611,-0.11609366,,,,
1561488_at,0.03235172,-0.10550087,,,,
235092_at,0.03235397,0.69224741,,,,
209797_at,0.03237106,0.32489146,,,,
215890_at,0.03237733,-0.16610545,,,,
238833_at,0.03237767,0.44630398,,,,
207168_s_at,0.03237924,-0.26737055,,,,
239000_at,0.03238342,-0.16572897,,,,
1561097_at,0.03239623,-0.12687718,,,,
1570155_at,0.03240336,-0.15334084,,,,
224720_at,0.03241386,0.38278954,,,,
34210_at,0.03241699,-0.86176387,,,,
234490_at,0.03242136,-0.15132697,,,,
201938_at,0.03242335,0.3668084,,,,
1553096_s_at,0.03242624,-0.23671013,,,,
1557501_a_at,0.03243887,-0.13288055,,,,
1559584_a_at,0.03244478,-0.92640874,,,,
239720_at,0.03245598,-0.17449978,,,,
218075_at,0.03246296,-0.24970564,,,,
1554251_at,0.03247716,0.44144562,,,,
1562168_at,0.0324849,-0.11113978,,,,
239119_at,0.03249031,-0.1774555,,,,
1569154_a_at,0.03249496,-0.25845404,,,,
231822_at,0.03250227,-0.45514865,,,,
1562664_at,0.03250279,-0.20579279,,,,
204487_s_at,0.03250335,-0.59462863,,,,
239777_at,0.03251657,0.30837986,,,,
1558679_at,0.03252889,-0.13505549,,,,
229290_at,0.0325315,1.01248207,,,,
216180_s_at,0.03253618,-0.22713546,,,,
222633_at,0.03257715,0.42182659,,,,
1558163_at,0.03259295,0.31027521,,,,
236070_at,0.03262847,-0.15625299,,,,
217404_s_at,0.03262917,0.75043596,,,,
223839_s_at,0.03262986,-0.63652664,,,,
211747_s_at,0.03266221,0.3356867,,,,
213383_at,0.03267583,-0.22625,,,,
224587_at,0.03268049,0.40219318,,,,
241192_at,0.03268104,-0.15810717,,,,
202294_at,0.03269059,0.29661649,,,,
216357_at,0.03270078,-0.16230977,,,,
211504_x_at,0.03270158,-0.27367094,,,,
1561883_at,0.0327163,-0.1637521,,,,
240677_at,0.03272308,-0.196658,,,,
1560339_s_at,0.03272718,-0.34235969,,,,
234262_at,0.03272739,0.16085377,,,,
202014_at,0.03275222,-0.41913192,,,,
231217_at,0.03277242,0.11965297,,,,
1564960_at,0.03279337,-0.16249885,,,,
203429_s_at,0.03281381,0.41938299,,,,
216876_s_at,0.03281862,-0.11150162,,,,
34689_at,0.03283999,-0.20705585,,,,
242487_at,0.03285118,-0.17338156,,,,
241975_at,0.03288024,0.22267182,,,,
206257_at,0.03288048,-0.14246469,,,,
231335_at,0.03288564,-0.16848455,,,,
224288_x_at,0.03292366,-0.28035124,,,,
232297_at,0.03293814,0.6210177,,,,
205798_at,0.03294485,-0.54427053,,,,
216177_at,0.03294569,-0.2849934,,,,
207790_at,0.03296307,0.2664187,,,,
243448_at,0.03296505,-0.10830101,,,,
202325_s_at,0.03296781,0.2498356,,,,
233458_at,0.03297631,-0.13952315,,,,
1558640_a_at,0.03300379,-0.18896453,,,,
224315_at,0.03302153,0.31937125,,,,
207752_x_at,0.03303437,-0.18919478,,,,
1553524_at,0.03303661,-0.10005776,,,,
210763_x_at,0.03303948,-0.17952134,,,,
243342_at,0.0330573,0.19618331,,,,
1559114_a_at,0.03309122,-0.1277402,,,,
1559747_at,0.03310833,-0.12733131,,,,
1564242_at,0.03311005,-0.14916849,,,,
1564235_at,0.03311229,-0.12307551,,,,
244369_at,0.03311793,0.14514656,,,,
231884_at,0.03313191,-0.19687248,,,,
1557262_at,0.03313802,-0.11738909,,,,
1564129_a_at,0.03314164,-0.15723047,,,,
216842_x_at,0.03314754,-0.16674377,,,,
205049_s_at,0.03315579,-0.3927816,,,,
220131_at,0.03316395,-0.1320229,,,,
226394_at,0.03320976,0.32448174,,,,
225459_at,0.03321803,0.53406742,,,,
218264_at,0.03321879,0.33318909,,,,
215305_at,0.03322041,0.45398047,,,,
241126_at,0.03322579,-0.10148803,,,,
224198_at,0.03326518,-0.17474817,,,,
234521_at,0.03326555,-0.13553446,,,,
224721_at,0.03326761,0.33009765,,,,
226314_at,0.03335461,0.33725385,,,,
224992_s_at,0.03337971,-0.38362467,,,,
1558404_at,0.03343602,0.7464846,,,,
233746_x_at,0.03345714,0.29995232,,,,
233781_s_at,0.03345826,0.16305221,,,,
211614_at,0.03347685,-0.17476642,,,,
211163_s_at,0.03348466,-0.58580715,,,,
222093_s_at,0.03348628,-0.22966191,,,,
207187_at,0.03349137,-0.17272461,,,,
1561477_at,0.03349798,0.10364387,,,,
215420_at,0.03350109,-0.45948968,,,,
229392_s_at,0.03350602,0.20035622,,,,
221300_at,0.03356895,-0.20926272,,,,
201722_s_at,0.03357829,0.32541846,,,,
213887_s_at,0.03359076,-0.48866798,,,,
232923_at,0.03363924,-0.15924267,,,,
244653_at,0.03364673,0.25331764,,,,
1552329_at,0.03366916,0.46364197,,,,
231477_at,0.03367333,-0.1514513,,,,
219748_at,0.03371543,-0.20484176,,,,
211656_x_at,0.03372995,-0.632579,,,,
229837_s_at,0.03373166,-0.14474454,,,,
231243_s_at,0.03373292,-0.31474304,,,,
1567069_at,0.03373647,-0.18601134,,,,
242131_at,0.03374064,-0.27084475,,,,
228299_at,0.03374084,0.23743325,,,,
232125_at,0.0337452,0.68027418,,,,
233339_s_at,0.03374557,-0.15833951,,,,
1562829_at,0.03379921,-0.13936248,,,,
1570516_s_at,0.03381788,-0.11763485,,,,
231629_x_at,0.0338246,-0.27912843,,,,
217490_at,0.03383553,-0.17381302,,,,
227024_s_at,0.0338356,-0.12639662,,,,
221509_at,0.03383923,0.28152004,,,,
1554911_at,0.03385123,-0.18952619,,,,
236020_s_at,0.03386218,-0.12191389,,,,
239477_at,0.03386298,0.37319918,,,,
222182_s_at,0.03386452,0.28424248,,,,
232987_at,0.03386934,-0.12507938,,,,
215259_s_at,0.03390473,0.58438818,,,,
213683_at,0.03393313,-0.64462206,,,,
234842_at,0.03393493,-0.12896734,,,,
236565_s_at,0.0339378,0.58923228,,,,
244228_at,0.03393832,0.10143814,,,,
225407_at,0.03397097,-0.45635163,,,,
200029_at,0.03397205,-0.15256225,,,,
1560785_at,0.03402109,-0.12312156,,,,
209134_s_at,0.03404198,-0.15396614,,,,
231378_at,0.03406021,-0.20203487,,,,
213815_x_at,0.0340667,-0.22513961,,,,
209144_s_at,0.034073,-0.25477245,,,,
238481_at,0.03407661,0.84908347,,,,
201659_s_at,0.03407831,0.26177017,,,,
225360_at,0.0340903,-0.2060237,,,,
222904_s_at,0.03409511,-1.15494337,,,,
237111_at,0.03409721,-0.16367873,,,,
220059_at,0.03410726,-0.41056731,,,,
232622_at,0.03410896,-0.13382643,,,,
222546_s_at,0.03411612,-0.47882112,,,,
1554872_a_at,0.03412214,-0.16892625,,,,
221490_at,0.03413853,-0.21310987,,,,
203082_at,0.03416265,0.27573318,,,,
203638_s_at,0.03417036,0.97207586,,,,
234777_at,0.03417369,-0.16576794,,,,
234143_at,0.0342115,-0.11445103,,,,
224661_at,0.03422769,0.28376355,,,,
215302_at,0.03423156,0.25471547,,,,
206725_x_at,0.03423599,-0.18492102,,,,
213837_at,0.03425711,-0.17362829,,,,
211916_s_at,0.03427335,-0.75418547,,,,
218171_at,0.03429769,0.28749341,,,,
1567248_at,0.03430254,-0.10921236,,,,
1567044_s_at,0.03431928,0.20950712,,,,
203565_s_at,0.03434053,0.37425645,,,,
219022_at,0.03434284,0.24840004,,,,
222690_s_at,0.03434992,0.31354557,,,,
205860_x_at,0.03437431,0.92908774,,,,
238490_at,0.03440186,-0.30211247,,,,
1563745_a_at,0.03440461,-0.2156604,,,,
1555490_s_at,0.03440584,-0.16526677,,,,
220644_at,0.03440713,-0.1153602,,,,
230864_at,0.03441582,-0.28537412,,,,
207702_s_at,0.03442013,0.3863074,,,,
241753_at,0.03442548,0.11557587,,,,
244847_at,0.0344662,-0.13590679,,,,
201180_s_at,0.03447907,0.23918519,,,,
233570_at,0.03448251,-0.15903396,,,,
218213_s_at,0.03449879,0.17574575,,,,
205359_at,0.03455982,-0.26557621,,,,
1561362_at,0.03456028,0.1211494,,,,
243240_at,0.03456139,-0.20535166,,,,
201610_at,0.03456713,-0.14207785,,,,
230784_at,0.03457783,-0.96070397,,,,
212487_at,0.034622,-0.34296542,,,,
244333_at,0.03462353,-0.12088674,,,,
212440_at,0.03462543,0.17135693,,,,
206211_at,0.03465853,0.8642965,,,,
1557669_at,0.03466041,-0.16221133,,,,
1562078_at,0.03466084,-0.16000504,,,,
1554049_s_at,0.03466852,0.36104781,,,,
239870_at,0.03467478,-0.12714793,,,,
244874_at,0.03470275,0.24472158,,,,
232300_at,0.03471493,-0.2373223,,,,
1561408_at,0.03471617,-0.13196401,,,,
216084_at,0.03471954,-0.09231352,,,,
210746_s_at,0.03476213,-0.17669638,,,,
237087_at,0.03476635,-0.14927796,,,,
214780_s_at,0.03476901,-0.21832197,,,,
206310_at,0.03476961,-0.41447196,,,,
238128_at,0.03483447,-0.150663,,,,
232961_at,0.03483981,0.14864584,,,,
202367_at,0.03484031,-0.26776485,,,,
1555486_a_at,0.0348419,-0.41784058,,,,
240378_at,0.03486296,-0.11796322,,,,
1564392_at,0.03487038,-0.09367564,,,,
241881_at,0.03487145,-0.15970951,,,,
209268_at,0.03488734,0.37109292,,,,
209649_at,0.03489287,0.26896063,,,,
210433_at,0.03490915,-0.14019649,,,,
241939_at,0.03491827,-0.16018621,,,,
1568126_at,0.0349278,-0.38159615,,,,
239210_at,0.03493021,0.60439112,,,,
211145_x_at,0.0349326,-0.14335743,,,,
216295_s_at,0.03494028,-0.2902628,,,,
223475_at,0.03495376,1.28358667,,,,
206126_at,0.03495649,-0.26722206,,,,
223954_x_at,0.03499116,-0.19198099,,,,
242081_at,0.03501015,0.20001297,,,,
224485_s_at,0.03501088,-0.2134818,,,,
1564413_at,0.03501224,-0.18476403,,,,
223935_at,0.03503246,-0.1717238,,,,
1564008_at,0.0350589,-0.14063767,,,,
240836_at,0.03506372,0.13916885,,,,
211594_s_at,0.03507021,0.31215377,,,,
211227_s_at,0.03509378,0.10310177,,,,
207026_s_at,0.0350996,-0.14722355,,,,
235451_at,0.03511419,0.25578408,,,,
242479_s_at,0.03512434,-0.15135358,,,,
1566622_at,0.03517139,-0.12257852,,,,
230778_at,0.03517945,-0.71111955,,,,
1568931_at,0.03518164,-0.11829222,,,,
234334_s_at,0.03518198,-0.11971795,,,,
1569732_at,0.03520093,-0.14146994,,,,
234848_at,0.03520109,-0.15312493,,,,
211893_x_at,0.03520387,-0.21537416,,,,
232880_at,0.03523087,-0.15877128,,,,
221140_s_at,0.03524656,-0.17009462,,,,
222965_at,0.03524685,-0.13787866,,,,
205409_at,0.0352483,-0.31591727,,,,
1556172_at,0.03526506,-0.33231023,,,,
241087_at,0.03528085,-0.15467673,,,,
212436_at,0.03529128,0.30194514,,,,
240303_at,0.03532094,-0.94475846,,,,
203175_at,0.0353452,-0.31194181,,,,
229881_at,0.03536876,0.41971954,,,,
238661_at,0.03537359,-0.14013264,,,,
226513_at,0.03539174,0.32436606,,,,
217544_at,0.03543743,0.35344398,,,,
234046_at,0.03544543,-0.12312971,,,,
1570151_at,0.03544591,-0.15085777,,,,
207311_at,0.03546107,-0.18165321,,,,
223336_s_at,0.03548157,0.27650868,,,,
232076_at,0.03548729,0.24649787,,,,
227581_at,0.03548752,-0.19725515,,,,
229911_at,0.03550809,-0.14876977,,,,
202742_s_at,0.03554607,-0.59041889,,,,
234674_at,0.03554612,-0.15714528,,,,
206260_at,0.03554779,-0.35627738,,,,
207569_at,0.03555032,-0.29288415,,,,
230873_at,0.03555129,-0.216685,,,,
203589_s_at,0.0355544,0.35604409,,,,
1561355_at,0.03558053,-0.18010054,,,,
200890_s_at,0.03559407,0.30163153,,,,
240473_at,0.03560692,-0.11647409,,,,
218044_x_at,0.03562254,0.27211261,,,,
1569900_at,0.03562866,-0.12030514,,,,
235896_s_at,0.03563188,0.24462379,,,,
233078_at,0.03564082,0.42844788,,,,
1563587_at,0.03564204,-0.17517292,,,,
232556_at,0.03566029,-0.14457043,,,,
218376_s_at,0.03567256,-0.47287146,,,,
237716_at,0.03567841,0.43110537,,,,
228378_at,0.03568661,0.35298962,,,,
239185_at,0.03569538,0.54110568,,,,
232184_at,0.0356971,0.30736121,,,,
222466_s_at,0.03569901,0.32119165,,,,
202136_at,0.03571402,0.28315546,,,,
1553527_at,0.03572529,-0.16284911,,,,
211436_at,0.03574346,-0.09330665,,,,
213119_at,0.03574881,-0.41185187,,,,
220007_at,0.03576213,0.31993478,,,,
216117_at,0.03576276,-0.12679619,,,,
206353_at,0.03577045,0.59133919,,,,
208228_s_at,0.03580722,0.93378208,,,,
236311_at,0.03580925,0.3846163,,,,
225968_at,0.03584525,0.51062191,,,,
1554023_s_at,0.03586731,-0.15850876,,,,
240327_at,0.03588778,-0.11359772,,,,
232310_at,0.0358928,-0.15657534,,,,
220928_s_at,0.03589316,-0.15251682,,,,
227365_at,0.03590162,-0.21580482,,,,
1554556_a_at,0.03590325,0.37669865,,,,
212894_at,0.03591128,0.29738324,,,,
215230_x_at,0.03591997,-0.27669625,,,,
200960_x_at,0.03591998,-0.29355309,,,,
1566183_at,0.03592339,-0.14404215,,,,
215503_at,0.03592857,-0.12125411,,,,
206181_at,0.03594075,-0.49248941,,,,
214294_at,0.03596341,0.15144301,,,,
212690_at,0.0359782,0.43149883,,,,
1554117_at,0.03598464,-0.14032454,,,,
214675_at,0.0359994,-0.12068022,,,,
214286_at,0.03600454,-0.16740964,,,,
202445_s_at,0.03602145,0.32234716,,,,
213406_at,0.03602984,-0.43429261,,,,
241297_at,0.03603107,-0.12344607,,,,
241254_at,0.03603202,-0.12908813,,,,
208985_s_at,0.03603724,0.21537987,,,,
237773_at,0.03604077,-0.14639255,,,,
1570076_at,0.03604474,-0.09806067,,,,
240189_at,0.03604789,-0.26068244,,,,
207834_at,0.03607058,-0.15194581,,,,
202583_s_at,0.03607798,0.35147734,,,,
1569268_at,0.03608746,-0.13026064,,,,
1561298_at,0.03609386,-0.13933951,,,,
228838_at,0.03609509,-0.12890376,,,,
205676_at,0.03610345,-0.38877789,,,,
233928_at,0.03611206,-0.1732529,,,,
204942_s_at,0.03611849,1.02839349,,,,
1569786_at,0.03611976,-0.11347685,,,,
223963_s_at,0.03615952,-0.32320454,,,,
1558383_at,0.03618157,-0.10178465,,,,
218425_at,0.03619431,0.25162166,,,,
201961_s_at,0.03620517,-0.29132378,,,,
202786_at,0.03621505,-0.61188018,,,,
216451_at,0.0362276,-0.17130722,,,,
202293_at,0.03624365,0.3151132,,,,
218687_s_at,0.03624853,-1.41584932,,,,
224916_at,0.03627014,-0.53888909,,,,
232695_at,0.03628252,0.14747648,,,,
206836_at,0.03628517,-0.19051829,,,,
228519_x_at,0.0363025,-0.34879359,,,,
229346_at,0.03630942,0.52038699,,,,
232282_at,0.03632991,0.81287309,,,,
1553553_at,0.0363348,-0.16750122,,,,
1557833_at,0.0363548,-0.14911164,,,,
235435_at,0.03635738,0.34961583,,,,
1552386_at,0.03636912,-0.58470307,,,,
236939_at,0.03637764,-0.12246405,,,,
237603_at,0.03639079,-0.13802914,,,,
240969_at,0.03641006,-0.11880899,,,,
218020_s_at,0.0364101,0.20834057,,,,
218529_at,0.03642608,-0.45109909,,,,
223429_x_at,0.03645175,0.25982735,,,,
219386_s_at,0.03645326,-0.66563737,,,,
240746_s_at,0.03645561,-0.19181256,,,,
239427_at,0.03647577,-0.19504601,,,,
240763_at,0.03648963,-0.15157987,,,,
226001_at,0.03649078,0.45857038,,,,
241709_s_at,0.03649521,0.3446736,,,,
1569351_at,0.03649899,-0.12604909,,,,
234973_at,0.0365041,-0.76939633,,,,
227547_at,0.03650475,-0.38531689,,,,
209500_x_at,0.03657287,-0.46199637,,,,
1557258_a_at,0.03657292,-0.20249724,,,,
1566777_at,0.03657387,-0.11563416,,,,
228649_at,0.0365748,-0.2739538,,,,
216480_x_at,0.03657485,-0.25977759,,,,
1560870_a_at,0.03662878,-0.13720328,,,,
233718_at,0.03663429,-0.12514599,,,,
237547_at,0.03664241,-0.10014299,,,,
208045_at,0.03665285,-0.09626806,,,,
236702_at,0.03665676,0.26475687,,,,
225124_at,0.03666677,-0.30516358,,,,
222165_x_at,0.03667149,-0.30841219,,,,
211419_s_at,0.0366754,-0.59463204,,,,
242985_x_at,0.03667684,0.302674,,,,
216060_s_at,0.036692,0.36083965,,,,
225493_at,0.03669498,0.27472258,,,,
242151_at,0.0367121,-0.16454081,,,,
213297_at,0.03672692,-0.25793107,,,,
227267_at,0.0367384,0.27426994,,,,
1554440_at,0.03673994,-0.1582222,,,,
229629_at,0.0367478,-0.43366153,,,,
1552468_a_at,0.03678149,-0.12093478,,,,
233227_at,0.0367981,-0.20501437,,,,
201244_s_at,0.03679942,0.20727013,,,,
203331_s_at,0.03680609,-0.32631489,,,,
225833_at,0.0368469,-0.43363069,,,,
224491_at,0.03686352,-0.14679972,,,,
1566302_at,0.03686371,-0.153427,,,,
208934_s_at,0.0368737,0.45555035,,,,
241155_at,0.03688224,-0.22952788,,,,
208488_s_at,0.03690504,-0.31765446,,,,
201265_at,0.03691882,-0.14643275,,,,
241928_at,0.03692896,-0.14773215,,,,
229918_at,0.03694738,-0.16685914,,,,
237986_at,0.03694808,0.1978491,,,,
1559930_at,0.03696829,-0.07484453,,,,
242780_at,0.03699,-0.17925079,,,,
241008_at,0.03700148,0.17767679,,,,
234591_at,0.03701935,-0.16681697,,,,
1556553_at,0.03702544,-0.12769686,,,,
229045_at,0.03703106,-0.31256346,,,,
216791_at,0.03703201,-0.15373474,,,,
1554047_at,0.03703642,0.3654971,,,,
222131_x_at,0.03704746,-0.21456313,,,,
212991_at,0.03705544,0.4410687,,,,
1556190_s_at,0.03705741,0.66993337,,,,
1559404_a_at,0.03706155,0.28450355,,,,
231231_at,0.03708662,-0.11123151,,,,
225351_at,0.03709335,0.24864063,,,,
244621_x_at,0.03710573,0.10853909,,,,
201781_s_at,0.03711793,-0.39767623,,,,
203667_at,0.03712226,0.20824449,,,,
207684_at,0.03712729,-0.15094777,,,,
208237_x_at,0.03713225,-0.17505682,,,,
1560898_at,0.03715554,-0.13449312,,,,
206255_at,0.0371636,-0.20801793,,,,
1556917_a_at,0.03717119,0.10328004,,,,
225069_at,0.03717739,0.30635055,,,,
235975_at,0.03718426,-0.20761201,,,,
243874_at,0.03719035,0.34597769,,,,
242717_at,0.03720135,-0.1513415,,,,
220291_at,0.03720611,-0.3047128,,,,
208521_at,0.03721205,-0.14908172,,,,
205294_at,0.03721331,-0.35022749,,,,
244179_x_at,0.03721441,-0.17892207,,,,
225990_at,0.03722148,0.8689797,,,,
228138_at,0.03724839,0.25103444,,,,
1562562_at,0.03726762,-0.12112286,,,,
231922_at,0.03726974,-0.15886187,,,,
231086_at,0.03727536,-0.1982558,,,,
213284_at,0.03727634,-0.15043705,,,,
1561398_at,0.03727967,-0.12612337,,,,
1560154_a_at,0.03728614,-0.11923369,,,,
235648_at,0.03730475,0.41924683,,,,
211661_x_at,0.03732124,-0.50330584,,,,
211403_x_at,0.03733156,0.42440093,,,,
240511_at,0.03734604,-0.1665945,,,,
1560812_at,0.03735927,-0.11251819,,,,
222124_at,0.03737969,-0.20283518,,,,
224437_s_at,0.03739095,0.26173838,,,,
215578_at,0.03740374,0.16849857,,,,
1559915_at,0.03740546,-0.10798066,,,,
202100_at,0.03741136,-0.30760287,,,,
226602_s_at,0.03741837,-0.37175513,,,,
238157_at,0.03742327,-0.11293827,,,,
35201_at,0.03742486,-0.18489132,,,,
233544_at,0.03742997,-0.14234658,,,,
232326_at,0.03744046,-0.1529385,,,,
204118_at,0.03744136,-0.603977,,,,
211102_s_at,0.03745074,-0.23234357,,,,
1566688_at,0.03745968,-0.11350749,,,,
204050_s_at,0.03746644,-0.31664565,,,,
1560141_at,0.03748409,0.19273459,,,,
1553208_s_at,0.03749784,-0.13010547,,,,
1553019_at,0.03749893,-0.13798692,,,,
233146_at,0.03751113,-0.15732968,,,,
229456_s_at,0.03751224,-0.19254566,,,,
234302_s_at,0.0375357,0.2164185,,,,
241408_at,0.03758093,-0.19431233,,,,
203580_s_at,0.0375877,-0.42388115,,,,
1561402_at,0.03758806,0.14068792,,,,
224010_at,0.03760388,-0.168253,,,,
1561626_at,0.03760477,-0.12552728,,,,
212751_at,0.03761697,0.27949515,,,,
228822_s_at,0.0376172,0.26031071,,,,
1560818_at,0.03762751,-0.19143064,,,,
227322_s_at,0.0376302,0.32249881,,,,
209924_at,0.03763083,-0.97299636,,,,
230074_s_at,0.03764856,-0.31384866,,,,
208885_at,0.03765159,-0.61527348,,,,
1565669_at,0.03766277,-0.1077566,,,,
231554_at,0.03767601,-0.18605585,,,,
33148_at,0.03768986,0.44067824,,,,
1557126_a_at,0.03769411,0.3210144,,,,
235343_at,0.03769432,1.06432062,,,,
242358_at,0.03769635,0.54954231,,,,
229492_at,0.0377027,0.40528501,,,,
221170_at,0.03770684,-0.2982436,,,,
1553656_at,0.03771667,-0.12787459,,,,
237024_at,0.03771976,-0.16538014,,,,
1555168_a_at,0.03772636,-0.14199373,,,,
205884_at,0.03773421,-0.43264746,,,,
216416_at,0.03773451,-0.12737161,,,,
1557148_at,0.03774459,-0.16005953,,,,
241899_at,0.03775555,-0.12183994,,,,
244325_at,0.03775949,-0.11531426,,,,
204960_at,0.03776469,-0.42644782,,,,
231731_at,0.03777153,-0.10494536,,,,
230385_at,0.0377847,-0.26781372,,,,
1555025_at,0.03778847,-0.09684221,,,,
218270_at,0.03785024,0.29589145,,,,
220908_at,0.03785831,-0.15948371,,,,
241697_at,0.03786429,-0.14261306,,,,
232488_at,0.03789179,-0.28239249,,,,
213529_at,0.03793325,-0.21910059,,,,
209001_s_at,0.03793798,0.24164188,,,,
230510_at,0.03793994,0.37000103,,,,
205904_at,0.03794303,0.42337949,,,,
211144_x_at,0.03794533,-0.64266715,,,,
230805_at,0.03795469,-0.27575142,,,,
1570140_at,0.0379681,-0.14863335,,,,
222591_at,0.03797921,-0.24599941,,,,
227859_at,0.03799651,0.35952383,,,,
225479_at,0.03801493,0.20096567,,,,
1561682_at,0.03802156,-0.12809337,,,,
1563947_a_at,0.03803206,0.47006095,,,,
211672_s_at,0.03807213,-0.59329594,,,,
1565852_at,0.0380727,-0.11999119,,,,
241743_at,0.03807716,-0.19145264,,,,
205793_x_at,0.03808593,-0.19848185,,,,
233819_s_at,0.03811152,0.4844633,,,,
1562247_at,0.03812109,-0.198861,,,,
207104_x_at,0.03813261,-0.38254608,,,,
214562_at,0.03813301,0.12459973,,,,
244559_at,0.03815162,0.25546987,,,,
1561680_at,0.03816697,-0.09970729,,,,
227433_at,0.03816879,0.26616282,,,,
1569853_at,0.0381693,-0.14015472,,,,
238734_at,0.03817825,0.27013256,,,,
201577_at,0.0381911,0.34646973,,,,
215490_at,0.03821181,-0.10920018,,,,
1557052_at,0.03822996,0.21568445,,,,
214375_at,0.03823018,0.45592971,,,,
1561506_at,0.03823119,-0.10127843,,,,
236609_at,0.03824061,0.27603355,,,,
1558136_s_at,0.03825038,0.30925502,,,,
206497_at,0.0382738,0.36279287,,,,
34187_at,0.03828634,-0.26695846,,,,
1566814_at,0.03828657,-0.1489619,,,,
1557044_at,0.03835783,0.19215369,,,,
233185_at,0.03836137,-0.12246297,,,,
228139_at,0.03836652,-0.40109697,,,,
241096_at,0.03839889,-0.17349727,,,,
1563614_at,0.03840431,-0.23077505,,,,
203579_s_at,0.03841261,-0.4440913,,,,
91826_at,0.03841427,-0.54585538,,,,
242783_at,0.03844899,-0.13308234,,,,
243418_at,0.03847542,-0.14370073,,,,
209792_s_at,0.03848432,-1.17836253,,,,
220492_s_at,0.03849196,-0.10820988,,,,
1553883_at,0.0385259,0.19476315,,,,
1566569_at,0.03856692,-0.15628935,,,,
1566646_at,0.03858059,-0.13847924,,,,
224370_s_at,0.0385847,0.51624082,,,,
1559674_at,0.03858989,-0.17590235,,,,
222497_x_at,0.03860248,0.25645836,,,,
233054_at,0.03861481,0.22627763,,,,
1567624_at,0.03862842,-0.13850772,,,,
213601_at,0.03865244,-0.18637065,,,,
216130_at,0.0386544,-0.1655393,,,,
1555238_at,0.03867478,-0.15745662,,,,
241614_at,0.03869238,-0.17454647,,,,
237907_at,0.03869642,-0.11933292,,,,
61297_at,0.03870071,0.24222091,,,,
226963_at,0.0387154,0.2855604,,,,
211113_s_at,0.0387338,-0.45123508,,,,
239391_at,0.03873479,-0.17930197,,,,
232939_at,0.03875062,-0.17707772,,,,
1562223_at,0.03878072,0.06782668,,,,
1555275_a_at,0.0387814,-0.24537203,,,,
243383_at,0.03878209,-0.25909847,,,,
204764_at,0.03878801,-0.34929546,,,,
1554809_at,0.03879375,-0.11063413,,,,
242680_at,0.03880298,1.08708831,,,,
228909_at,0.03880387,0.53544393,,,,
225869_s_at,0.03881691,-0.51218543,,,,
235620_x_at,0.03882099,0.27468885,,,,
207176_s_at,0.03882492,-0.20024265,,,,
227219_x_at,0.03882863,-0.28382505,,,,
1556348_at,0.03884006,0.26480106,,,,
225472_at,0.03884077,0.23928242,,,,
1556969_at,0.03887653,-0.1371578,,,,
243760_at,0.03888056,0.13424309,,,,
219009_at,0.03889445,-0.25315544,,,,
1561133_at,0.03890687,-0.13985538,,,,
214514_at,0.0389131,-0.10585295,,,,
234720_s_at,0.03893647,0.15620815,,,,
221717_at,0.03895868,-0.12673371,,,,
235863_at,0.03895907,0.24957645,,,,
223927_at,0.03896476,-0.13378731,,,,
1557943_at,0.0389744,-0.16532948,,,,
207570_at,0.03897562,-0.14107569,,,,
1567054_at,0.03899173,-0.1059293,,,,
205875_s_at,0.03899593,-0.26095666,,,,
1561618_at,0.0390384,-0.11852978,,,,
223265_at,0.03903901,0.22590364,,,,
201745_at,0.03908809,0.33571055,,,,
217458_at,0.03909097,-0.20502662,,,,
1553115_at,0.03910241,-0.19353544,,,,
234698_at,0.03910532,-0.15811531,,,,
217215_s_at,0.03917203,-0.13785614,,,,
215596_s_at,0.03919778,0.23737623,,,,
1561076_at,0.03921559,-0.09850809,,,,
201138_s_at,0.03922256,0.24595003,,,,
208870_x_at,0.03923402,0.26716037,,,,
206914_at,0.0392348,-0.57452819,,,,
1559045_at,0.03923638,0.21318299,,,,
220719_at,0.03925304,0.1309827,,,,
224852_at,0.03926172,0.39436431,,,,
201768_s_at,0.03926521,-0.36213899,,,,
213303_x_at,0.0392815,-0.19400621,,,,
201903_at,0.03930548,-0.43820964,,,,
205137_x_at,0.03930644,-0.91588637,,,,
216240_at,0.03934313,-0.13381766,,,,
214527_s_at,0.03934487,-0.42491649,,,,
1561335_at,0.0393545,-0.13557992,,,,
1564327_at,0.03935749,-0.10854497,,,,
222923_s_at,0.03935889,-0.44198974,,,,
240651_at,0.03939486,-0.12319524,,,,
213701_at,0.0393951,0.29365437,,,,
215524_x_at,0.03941976,-0.23170085,,,,
240260_at,0.03943383,-0.13483216,,,,
239847_at,0.03946816,0.62741055,,,,
233606_at,0.03947682,-0.14682123,,,,
243964_at,0.03948076,0.39933883,,,,
1566235_at,0.03948216,-0.13851339,,,,
243403_x_at,0.03949461,-0.61517354,,,,
243601_at,0.0395028,-0.30079472,,,,
222575_at,0.03951278,0.20982742,,,,
240333_at,0.03951546,-0.11683245,,,,
1569916_at,0.03951612,0.0904968,,,,
244104_at,0.03951744,-0.29422303,,,,
229207_x_at,0.03952326,-0.30282247,,,,
200764_s_at,0.03953017,-0.2902066,,,,
207591_s_at,0.03954605,-0.19137134,,,,
220346_at,0.03956672,0.39267343,,,,
48117_at,0.03959112,-0.24083578,,,,
1566934_at,0.03961964,-0.12633453,,,,
201476_s_at,0.0396368,-0.47795207,,,,
220867_s_at,0.0396378,-0.13600635,,,,
210043_at,0.03963942,-0.14505106,,,,
213679_at,0.03964522,0.48116329,,,,
223089_at,0.03965055,0.42196378,,,,
227244_s_at,0.03966968,-0.5975231,,,,
214734_at,0.03970342,-0.59751689,,,,
235727_at,0.03971755,-0.29809657,,,,
1557867_s_at,0.03972548,-0.12927477,,,,
210173_at,0.0397412,-0.21213389,,,,
1552734_at,0.03974924,0.23719108,,,,
217315_s_at,0.0397639,-0.15448582,,,,
223562_at,0.03978817,-0.35914391,,,,
206695_x_at,0.03978899,0.52182205,,,,
203958_s_at,0.03981543,0.25207048,,,,
232564_at,0.03981849,-0.14334804,,,,
244416_at,0.03983227,-0.12240893,,,,
201548_s_at,0.03985831,0.45153625,,,,
244152_at,0.0398638,-0.14327172,,,,
209727_at,0.0398692,-0.36243299,,,,
205038_at,0.03987104,-0.26124145,,,,
1553729_s_at,0.03989088,0.12385534,,,,
210136_at,0.03989767,-0.49619603,,,,
235297_at,0.03990517,-0.16621176,,,,
221594_at,0.03992923,-0.25010292,,,,
244386_at,0.03995296,-0.27700939,,,,
228756_at,0.03995457,-0.151468,,,,
1554952_s_at,0.03995664,-0.21853245,,,,
209578_s_at,0.0399866,0.26862662,,,,
216036_x_at,0.03999507,-0.14860288,,,,
202902_s_at,0.03999876,-0.62767268,,,,
228769_at,0.03999928,-0.18109809,,,,
211818_s_at,0.04002728,-0.14191264,,,,
1559777_at,0.04003277,-0.1436291,,,,
1566862_at,0.04005466,-0.10992501,,,,
237546_at,0.04006198,-0.10772835,,,,
223952_x_at,0.04007264,-0.87010249,,,,
1565814_at,0.04007523,-0.17647519,,,,
228413_s_at,0.0401127,0.19912806,,,,
1559050_at,0.04012993,-0.14017806,,,,
230987_at,0.04013409,-0.17116504,,,,
239059_at,0.04013663,-0.15273288,,,,
1560219_at,0.04014752,-0.12717062,,,,
1562166_at,0.04014921,-0.12897874,,,,
1564765_at,0.0401523,-0.11918357,,,,
206341_at,0.04017344,-0.36331799,,,,
214245_at,0.04017845,-0.2738303,,,,
241752_at,0.04018016,-0.37647574,,,,
244555_at,0.04018384,-0.19144071,,,,
221173_at,0.04019967,-0.49860005,,,,
1553078_at,0.04020234,-0.15111738,,,,
1560899_at,0.04021668,-0.0979623,,,,
233323_at,0.0402271,-0.17651315,,,,
201855_s_at,0.04022761,0.25061029,,,,
220774_at,0.04022869,0.14413547,,,,
241212_at,0.04023709,-0.1109228,,,,
33579_i_at,0.04025612,-0.16046244,,,,
235744_at,0.04029251,-0.46699815,,,,
201355_s_at,0.04031775,-0.12206604,,,,
232086_at,0.04032432,0.3115883,,,,
205321_at,0.04034697,-0.54585233,,,,
225778_at,0.04036202,-0.33054014,,,,
1570528_at,0.04037211,-0.11919491,,,,
235767_x_at,0.04039019,0.29807327,,,,
41329_at,0.04041301,0.36716352,,,,
31637_s_at,0.04042754,-0.29948188,,,,
241249_at,0.04043374,0.15179554,,,,
236235_at,0.04044992,0.32539754,,,,
231121_at,0.04045601,0.41504913,,,,
219212_at,0.04047937,0.39178443,,,,
232039_at,0.04048304,0.10752676,,,,
1567219_at,0.04048438,-0.24613138,,,,
217478_s_at,0.04051376,-0.60634908,,,,
213731_s_at,0.04052372,-0.14889389,,,,
203874_s_at,0.04053797,0.59221675,,,,
236152_at,0.04056134,0.18522379,,,,
34726_at,0.04056444,0.41584845,,,,
224397_s_at,0.04058197,0.65695309,,,,
232973_at,0.04059075,-0.15313229,,,,
238974_at,0.04059508,0.21000493,,,,
215668_s_at,0.04059925,-0.18825828,,,,
205920_at,0.04062117,-0.40191149,,,,
222340_at,0.04063276,-0.15096401,,,,
230338_x_at,0.04064316,-0.13361378,,,,
241781_at,0.04064697,-0.29988561,,,,
207812_s_at,0.04065175,0.2118682,,,,
1557893_a_at,0.04066388,-0.13297535,,,,
224086_at,0.04067525,-0.11639408,,,,
207549_x_at,0.04067529,-0.61548488,,,,
1554072_s_at,0.0407024,0.14780618,,,,
234648_s_at,0.04071058,-0.14503984,,,,
1561432_at,0.04073077,-0.09087256,,,,
222643_s_at,0.04073463,-0.19249087,,,,
231147_at,0.04073788,-0.19772405,,,,
228167_at,0.04075232,-0.58196517,,,,
1554080_at,0.04076239,0.32972464,,,,
238371_s_at,0.04079418,-0.10397076,,,,
216042_at,0.040804,-0.19251352,,,,
231636_s_at,0.04081206,-0.12478995,,,,
237606_at,0.04082064,-0.09723399,,,,
1556831_at,0.04086389,-0.10656159,,,,
228778_at,0.04089259,0.3047198,,,,
225543_at,0.04089367,0.30432386,,,,
211911_x_at,0.04091891,-0.51151605,,,,
1565597_at,0.04092215,-0.13500306,,,,
1552908_at,0.04092453,-0.15762032,,,,
1564776_at,0.04092838,-0.09787115,,,,
238274_at,0.040944,-0.11383482,,,,
40687_at,0.04094556,0.33751869,,,,
222160_at,0.04096327,0.19610726,,,,
232800_at,0.0409749,0.40565902,,,,
1558113_at,0.04099906,-0.17038977,,,,
215829_at,0.04099963,-0.12424425,,,,
226550_at,0.04101081,0.58456554,,,,
241644_at,0.04102576,-0.1355996,,,,
1554103_at,0.04104096,-0.12903505,,,,
211226_at,0.04107635,0.19804219,,,,
243431_at,0.04108287,-0.47560884,,,,
211529_x_at,0.04112387,-0.43704374,,,,
233213_at,0.04114807,-0.120671,,,,
231052_at,0.04116832,-0.34812156,,,,
234892_at,0.04118636,-0.09859047,,,,
219611_s_at,0.04120164,-0.19936166,,,,
1557283_a_at,0.04120215,0.2224963,,,,
239305_at,0.04121586,-0.10997798,,,,
208263_at,0.04122577,-0.10803319,,,,
224951_at,0.04124425,0.25114384,,,,
1561449_at,0.04124425,-0.13034305,,,,
222175_s_at,0.0412749,-0.25568793,,,,
232773_at,0.04128395,0.3702914,,,,
209237_s_at,0.04130063,0.3193754,,,,
207868_at,0.0413055,-0.12957687,,,,
226917_s_at,0.04132585,0.31886193,,,,
243885_x_at,0.04132799,-0.16394682,,,,
1559629_at,0.0413297,-0.1644575,,,,
225856_at,0.04133721,0.35339105,,,,
1560897_a_at,0.04134764,-0.13668394,,,,
242713_at,0.04135561,-0.16194909,,,,
1559808_at,0.04137241,-0.13705723,,,,
1567274_at,0.04137923,-0.18176722,,,,
1561434_at,0.04138231,-0.10375366,,,,
240780_at,0.04138354,0.09683852,,,,
1565843_s_at,0.04138677,-0.15141782,,,,
237884_x_at,0.04140791,0.14298799,,,,
33768_at,0.041416,-0.14504777,,,,
210111_s_at,0.04143217,0.21425349,,,,
2028_s_at,0.04143449,-0.25855449,,,,
220398_at,0.04143821,-0.13217905,,,,
230793_at,0.04143851,0.51846589,,,,
1554346_at,0.04144418,-0.15051776,,,,
1554539_a_at,0.04144899,-0.54067896,,,,
211107_s_at,0.04146636,-0.18741919,,,,
1565080_at,0.04147031,-0.2233482,,,,
242123_at,0.04147227,0.25710673,,,,
1566203_at,0.04147509,-0.10501482,,,,
216066_at,0.04147743,-0.14156634,,,,
1563345_at,0.04149719,-0.17717577,,,,
243700_x_at,0.04150613,-0.09673907,,,,
1557684_at,0.04151731,0.50697904,,,,
210536_s_at,0.04152128,-0.10935318,,,,
244334_at,0.04152461,0.72583281,,,,
226676_at,0.04155025,1.00322387,,,,
1570070_at,0.04155325,-0.14397895,,,,
202316_x_at,0.04156334,-0.41943004,,,,
209672_s_at,0.04158103,0.3362171,,,,
1566438_at,0.04158364,-0.08634644,,,,
226847_at,0.04162444,1.03681778,,,,
232366_at,0.04163397,0.38513578,,,,
1561490_at,0.04163606,-0.15591318,,,,
201040_at,0.04164137,-0.46488538,,,,
224369_s_at,0.04164137,-0.22958666,,,,
219187_at,0.0416652,0.26997178,,,,
233259_at,0.04169017,-0.13135035,,,,
1555131_a_at,0.0416911,-0.25691389,,,,
239919_at,0.04170074,-0.48603662,,,,
202881_x_at,0.04171594,0.25198531,,,,
210188_at,0.04173175,0.31452078,,,,
221455_s_at,0.04175478,0.32013339,,,,
1553936_a_at,0.04179389,-0.12118117,,,,
1564685_a_at,0.04180172,-0.09134868,,,,
1555014_x_at,0.04181072,0.31858937,,,,
214483_s_at,0.04182038,-0.40424597,,,,
200094_s_at,0.04183687,-0.19069576,,,,
211825_s_at,0.04184761,-0.46461245,,,,
213774_s_at,0.04185818,-0.28867802,,,,
242683_at,0.04186084,-0.44153525,,,,
216965_x_at,0.04188144,-0.12834691,,,,
1565582_at,0.04190585,-0.13103839,,,,
232406_at,0.04191505,0.51860271,,,,
213161_at,0.04193284,0.297299,,,,
244449_at,0.04194358,-0.15917355,,,,
236684_at,0.04194749,-0.16626706,,,,
239772_x_at,0.04196494,0.29555742,,,,
202798_at,0.04197969,0.19599607,,,,
244455_at,0.04198016,0.77329086,,,,
222830_at,0.04198274,1.0085488,,,,
240195_at,0.04199889,0.1616635,,,,
217182_at,0.04200832,0.22899166,,,,
239006_at,0.04201968,-0.34844149,,,,
217324_at,0.04203647,-0.14548415,,,,
1564803_at,0.04206496,-0.15361492,,,,
231285_at,0.04210616,0.32050433,,,,
217537_x_at,0.04212268,-0.12029632,,,,
205114_s_at,0.04212769,-0.7212701,,,,
223806_s_at,0.04214465,-0.87753677,,,,
233195_at,0.04214645,-0.10783614,,,,
227211_at,0.04218643,-0.46286376,,,,
225417_at,0.04223448,0.19885736,,,,
225461_at,0.04226114,0.24625659,,,,
216571_at,0.04226577,-0.13099704,,,,
214759_at,0.04229523,-0.2712524,,,,
236008_at,0.04229969,-0.15637122,,,,
231564_at,0.04230178,-0.18474784,,,,
1569674_at,0.04233188,-0.08737869,,,,
1552890_a_at,0.0423362,-0.2305214,,,,
220359_s_at,0.04235108,-0.08976408,,,,
241214_at,0.04235839,-0.13593793,,,,
219599_at,0.04237208,-0.49790118,,,,
238083_at,0.04238005,-0.11199178,,,,
1563639_a_at,0.04238466,-0.15287735,,,,
237754_at,0.04239477,-0.1248133,,,,
214565_s_at,0.04239835,-0.11097557,,,,
241009_at,0.04241076,-0.17052202,,,,
213450_s_at,0.04242018,-0.16420129,,,,
205228_at,0.04242525,-0.29187935,,,,
1555019_at,0.04242782,-0.51897973,,,,
202778_s_at,0.04244926,0.34246797,,,,
244322_at,0.04246289,-0.1266001,,,,
217466_x_at,0.04248015,-0.22286964,,,,
237540_at,0.04248889,-0.09854984,,,,
1554733_at,0.04249043,-0.12015419,,,,
1561345_at,0.04249315,-0.09804952,,,,
212230_at,0.04250998,0.50195303,,,,
1569519_at,0.04251478,0.24712058,,,,
206923_at,0.04252208,-0.27131922,,,,
203761_at,0.04252632,-0.45902222,,,,
244570_at,0.04254839,0.32236965,,,,
206652_at,0.04257154,0.4071639,,,,
224049_at,0.0426442,-0.29559159,,,,
226173_at,0.04264931,-0.16625521,,,,
201947_s_at,0.04265849,0.36322965,,,,
215477_at,0.04265874,-0.11903678,,,,
211528_x_at,0.04267442,-0.40682492,,,,
229496_at,0.04268303,-0.16445357,,,,
242592_at,0.04268635,0.50011945,,,,
227478_at,0.04270199,0.6708984,,,,
216490_x_at,0.04271068,-0.17276118,,,,
220699_s_at,0.04271145,-0.12088006,,,,
234324_at,0.04271603,-0.18492765,,,,
229137_at,0.04273216,-0.22118816,,,,
227261_at,0.04274247,0.50780712,,,,
1558390_at,0.04276622,0.2021285,,,,
213986_s_at,0.04276861,-0.54755072,,,,
225202_at,0.04277215,0.67747798,,,,
1569867_at,0.04277452,-0.24418071,,,,
230537_at,0.04278413,-0.489298,,,,
240169_at,0.04279695,0.11277091,,,,
235578_at,0.04279731,-0.11278185,,,,
221412_at,0.04279731,-0.12409517,,,,
236339_at,0.04279751,0.23862546,,,,
227321_at,0.04280515,0.27334468,,,,
227852_at,0.04281898,0.33907721,,,,
223217_s_at,0.04281898,0.48844904,,,,
207214_at,0.04282887,-1.01264675,,,,
234905_at,0.04283526,-0.11673018,,,,
215044_s_at,0.04284479,0.28979178,,,,
235107_at,0.04284528,0.41535256,,,,
1554341_a_at,0.04286132,0.29060289,,,,
219227_at,0.04286301,-0.32867068,,,,
231780_at,0.04286869,-0.38235905,,,,
218268_at,0.04288266,0.23100397,,,,
201835_s_at,0.0429028,-0.49809156,,,,
1570135_at,0.04290326,0.11779504,,,,
226413_at,0.04292866,0.37675252,,,,
216854_at,0.04294647,-0.11326638,,,,
226720_at,0.04296509,-0.34787013,,,,
231572_at,0.04297028,-0.14702729,,,,
1559002_at,0.04297987,-0.13501832,,,,
229976_at,0.04300737,-0.1729011,,,,
203222_s_at,0.04302408,0.48590981,,,,
205078_at,0.04303474,0.30248367,,,,
230326_s_at,0.04303937,0.25131471,,,,
1561322_at,0.04306041,-0.07543704,,,,
1552373_s_at,0.0430717,0.10929438,,,,
206587_at,0.0430838,0.35928426,,,,
1552630_a_at,0.04308411,-0.22153903,,,,
201607_at,0.04308575,0.2562501,,,,
232966_at,0.04308747,-0.1588605,,,,
205936_s_at,0.04311677,-0.39063246,,,,
211207_s_at,0.04313682,-0.75523998,,,,
219792_at,0.04314334,-0.14561767,,,,
1561942_x_at,0.04315515,-0.16713187,,,,
1554237_at,0.04316198,0.37346134,,,,
1554816_at,0.04316282,-0.09973906,,,,
200938_s_at,0.04317202,0.18191126,,,,
222742_s_at,0.04317428,0.37068809,,,,
221804_s_at,0.04318383,0.23491055,,,,
201528_at,0.04321935,0.28277243,,,,
1560764_at,0.04322578,-0.12708426,,,,
204961_s_at,0.04323733,-0.56724097,,,,
221171_at,0.04324877,-0.13640515,,,,
241405_at,0.04325649,0.2417929,,,,
225508_at,0.04326088,0.36870387,,,,
37004_at,0.04326914,-1.08905695,,,,
225432_s_at,0.04327759,0.30454859,,,,
222422_s_at,0.04328694,-0.29414593,,,,
216780_at,0.04329237,-0.13728283,,,,
230219_at,0.04329443,-0.27849879,,,,
208036_at,0.04330598,0.13327031,,,,
232273_at,0.04331982,0.25578442,,,,
215906_at,0.04333111,-0.18147012,,,,
208033_s_at,0.0433447,-0.26485144,,,,
233257_at,0.04335187,0.21133871,,,,
214406_s_at,0.04335423,-0.16268045,,,,
212671_s_at,0.04335442,-0.70098457,,,,
224486_s_at,0.0433582,0.32019845,,,,
1567440_at,0.04335829,-0.15009836,,,,
240301_at,0.04335842,-0.13947337,,,,
1566102_at,0.04336549,-0.12699967,,,,
238485_at,0.04338066,0.42852499,,,,
230566_at,0.04338345,-0.15100711,,,,
222794_x_at,0.04338416,0.27213554,,,,
201881_s_at,0.04338883,0.25242807,,,,
1557945_at,0.04339244,0.40341633,,,,
1565641_at,0.04341242,-0.14180753,,,,
211887_x_at,0.04341666,-0.52556625,,,,
201283_s_at,0.04342428,-0.41146069,,,,
206582_s_at,0.04345943,-0.33224845,,,,
235686_at,0.04346484,0.26105907,,,,
243480_at,0.04349203,0.20748512,,,,
239121_at,0.04349327,0.22291531,,,,
209813_x_at,0.04350788,-0.69149166,,,,
206097_at,0.0435232,-0.34472733,,,,
215638_at,0.04353108,-0.17840926,,,,
217266_at,0.04353179,-0.22523954,,,,
220263_at,0.04356488,0.21638967,,,,
1553239_at,0.04359364,-0.107796,,,,
203226_s_at,0.04359935,-0.30101459,,,,
217963_s_at,0.04360087,0.44674033,,,,
216825_s_at,0.04360237,-0.12167237,,,,
1566182_at,0.04361891,-0.15656949,,,,
219401_at,0.04362342,0.23941696,,,,
217291_at,0.04362769,-0.1362182,,,,
228094_at,0.0436316,-0.56144169,,,,
210045_at,0.04363975,0.46854759,,,,
238867_at,0.04366934,0.45644545,,,,
1556490_a_at,0.04367742,-0.09030839,,,,
1559921_at,0.04367841,-0.1727812,,,,
217084_at,0.04368876,-0.22076501,,,,
219735_s_at,0.0437099,-0.63646018,,,,
232393_at,0.04371537,-0.10357765,,,,
215811_at,0.04374457,-0.19783156,,,,
234585_at,0.04376868,-0.12798434,,,,
1569097_at,0.04377688,0.13219609,,,,
1555569_a_at,0.04378167,-0.14965715,,,,
234626_at,0.04378593,-0.16521972,,,,
218835_at,0.04379837,-1.02389344,,,,
219992_at,0.04381538,-0.19257141,,,,
1555053_at,0.04386451,-0.12438428,,,,
1564212_at,0.04388663,-0.12445146,,,,
213936_x_at,0.04390762,-0.80324008,,,,
1569978_x_at,0.04393647,-0.10560595,,,,
231368_at,0.04395703,-0.12566602,,,,
235563_at,0.04396654,-0.43408099,,,,
203265_s_at,0.04396688,0.30957281,,,,
211574_s_at,0.04396932,-0.58569883,,,,
221431_s_at,0.04397141,-0.16952874,,,,
200831_s_at,0.04398273,-0.6246358,,,,
218725_at,0.04398344,-0.23588227,,,,
1557488_at,0.04398387,0.12401635,,,,
207659_s_at,0.04399645,-0.104029,,,,
203786_s_at,0.04400041,0.80741519,,,,
1568900_a_at,0.04400277,0.38608414,,,,
232917_at,0.04400421,-0.12753616,,,,
206333_at,0.04403708,-0.13358077,,,,
206665_s_at,0.04404948,-0.45370608,,,,
201592_at,0.04406181,-0.28605643,,,,
1557089_at,0.04407553,-0.27579387,,,,
220611_at,0.04408603,-0.14062595,,,,
233719_s_at,0.04412976,0.28026824,,,,
221601_s_at,0.04413929,-0.55087038,,,,
234277_at,0.04417456,-0.13351744,,,,
229474_at,0.04419127,-0.24456045,,,,
236983_at,0.04419619,-0.29411332,,,,
225446_at,0.04420158,0.33854454,,,,
211660_at,0.04422005,-0.17517621,,,,
204791_at,0.04425227,0.28923678,,,,
207196_s_at,0.04425558,-0.33007497,,,,
1557511_at,0.04426179,-0.11489863,,,,
225044_at,0.04427417,0.29865923,,,,
216551_x_at,0.04429357,-0.17734372,,,,
223022_s_at,0.04429719,0.25643441,,,,
243750_x_at,0.04429903,0.24505166,,,,
1568812_at,0.04430595,-0.12780803,,,,
1553458_at,0.04432935,-0.14312091,,,,
233887_at,0.04433581,0.31822443,,,,
219456_s_at,0.04435085,-0.29435309,,,,
214187_x_at,0.04435278,-0.25711932,,,,
217716_s_at,0.04436811,0.2461181,,,,
216837_at,0.04440292,-0.1370062,,,,
243270_at,0.04442081,-0.12328391,,,,
244211_at,0.04443667,-0.08911575,,,,
220203_at,0.04443844,-0.16131169,,,,
232430_at,0.04444594,-0.13511137,,,,
207568_at,0.04446701,-0.10677316,,,,
239609_s_at,0.04447689,-0.26141507,,,,
222375_at,0.04450989,-0.12657838,,,,
205162_at,0.04453483,0.27752363,,,,
223583_at,0.0445466,-0.40187199,,,,
242975_s_at,0.0445487,0.2228961,,,,
219244_s_at,0.0445704,0.27354101,,,,
226516_at,0.04457352,-0.27009998,,,,
1554086_at,0.04461111,-0.26423932,,,,
244087_at,0.04462101,-0.12368876,,,,
1552867_at,0.04463227,0.13281393,,,,
214068_at,0.04465261,-0.44795101,,,,
213463_s_at,0.04468512,0.28749732,,,,
223263_s_at,0.04469118,0.3762358,,,,
1563254_a_at,0.04469498,0.08342269,,,,
200746_s_at,0.04470253,-0.24608143,,,,
240448_at,0.04472726,-0.10406271,,,,
225539_at,0.04474708,0.25252671,,,,
226967_at,0.04474879,-0.20118166,,,,
213106_at,0.04475707,-0.79689258,,,,
242464_at,0.04477056,-0.12193441,,,,
217722_s_at,0.04478661,0.24011531,,,,
218045_x_at,0.04480144,0.32257642,,,,
203356_at,0.04480922,0.2331666,,,,
207310_s_at,0.04483767,-0.11803906,,,,
219998_at,0.04484354,0.43670644,,,,
1558475_at,0.0448456,-0.14244357,,,,
242567_at,0.04484721,-0.12821778,,,,
219608_s_at,0.04485121,-0.32524099,,,,
232732_at,0.04485551,-0.10321771,,,,
204006_s_at,0.04487208,-0.72079995,,,,
244773_at,0.04490672,-0.12277165,,,,
205443_at,0.04490872,0.43679799,,,,
1559578_at,0.04492602,-0.13319848,,,,
1552965_a_at,0.04492813,-0.14602325,,,,
215722_s_at,0.04494394,0.34983705,,,,
241669_x_at,0.04496011,0.52984394,,,,
1565585_at,0.04496373,-0.09620088,,,,
216045_at,0.04498058,0.11414546,,,,
242574_at,0.04498657,-0.16936003,,,,
240634_x_at,0.04501501,-0.17495615,,,,
236137_at,0.04503259,-0.13256679,,,,
244373_at,0.04503569,-0.18971444,,,,
214668_at,0.04504622,-0.4287789,,,,
1553478_at,0.04506026,-0.15499634,,,,
231536_at,0.04506721,-0.10981091,,,,
236442_at,0.0450844,0.29150187,,,,
215910_s_at,0.04509262,-0.38164291,,,,
222435_s_at,0.04510578,-0.34032213,,,,
227451_s_at,0.04512247,0.35901531,,,,
207305_s_at,0.04515612,0.25654237,,,,
215554_at,0.04517747,0.38325505,,,,
210506_at,0.0451924,-0.28121753,,,,
222248_s_at,0.04519594,0.22837096,,,,
1563063_at,0.04519831,-0.14923623,,,,
240235_at,0.04521223,-0.13213964,,,,
238302_at,0.04521262,-0.137754,,,,
1553126_a_at,0.04521523,0.09301062,,,,
1553292_s_at,0.04523005,0.46869863,,,,
AFFX-r2-Ec-bioC-3_at,0.04525522,-0.3996361,,,,
1561984_at,0.04525748,-0.09344419,,,,
202217_at,0.04527531,0.29248065,,,,
233640_x_at,0.04528049,-0.14783334,,,,
1554157_a_at,0.04529434,-0.13919061,,,,
231767_at,0.04530509,-0.26087213,,,,
224111_x_at,0.04531459,-0.15675167,,,,
205069_s_at,0.04531935,-0.17907874,,,,
208080_at,0.04535275,-0.2737825,,,,
208505_s_at,0.04537477,-0.38789371,,,,
208440_at,0.04537497,-0.11905086,,,,
243661_at,0.04537855,0.50775057,,,,
219911_s_at,0.0453836,-0.81444873,,,,
209999_x_at,0.04539037,-0.29988572,,,,
1567222_x_at,0.04539137,-0.18521146,,,,
209606_at,0.04542677,-0.6797184,,,,
1562327_at,0.04543284,-0.09086372,,,,
221956_at,0.04544934,-0.19572692,,,,
208226_x_at,0.04544968,-0.14381657,,,,
244398_x_at,0.04545104,0.3599113,,,,
223990_at,0.04546041,-0.12259353,,,,
227634_at,0.04546807,0.24578304,,,,
242239_at,0.04547195,0.46777595,,,,
240380_at,0.04549978,-0.15707036,,,,
1552426_a_at,0.04554216,0.27894344,,,,
229411_at,0.04554773,-0.13567573,,,,
207681_at,0.04555221,-0.22416216,,,,
1562254_at,0.04555481,-0.12206467,,,,
1566139_at,0.04557911,-0.11717079,,,,
225748_at,0.04559965,0.2387904,,,,
211381_x_at,0.04559976,-0.16859444,,,,
239850_at,0.0456086,-0.11486082,,,,
208410_x_at,0.04561691,-0.11861002,,,,
210192_at,0.04563187,-0.30733897,,,,
1558425_x_at,0.04564544,-0.1548413,,,,
1569243_at,0.04566673,0.14208321,,,,
211009_s_at,0.04567467,0.3993712,,,,
233456_at,0.04567695,-0.12947038,,,,
1555279_at,0.04568361,0.36352119,,,,
1567080_s_at,0.04568807,-0.29968552,,,,
238316_at,0.04570889,0.22482329,,,,
217482_at,0.04570923,0.28780468,,,,
207483_s_at,0.04573221,0.34287711,,,,
235238_at,0.04575812,0.86870712,,,,
204226_at,0.04577646,0.43543936,,,,
1553190_s_at,0.04578563,-0.11843677,,,,
232849_at,0.04579108,-0.16796076,,,,
203974_at,0.04581846,-0.4357836,,,,
203879_at,0.04582171,-0.49311999,,,,
201194_at,0.04588781,-0.45403339,,,,
217954_s_at,0.04589249,0.23666791,,,,
241851_x_at,0.04591215,0.14983003,,,,
217810_x_at,0.04592832,-0.25268798,,,,
213093_at,0.04593403,-0.75168077,,,,
200978_at,0.04593815,0.20952636,,,,
227435_at,0.04598563,0.24360629,,,,
232257_s_at,0.04600076,0.47512532,,,,
217180_at,0.04602033,-0.15698394,,,,
222868_s_at,0.04602248,-0.45981893,,,,
232781_at,0.04602539,-0.16615645,,,,
217187_at,0.04606179,-0.24166853,,,,
215558_at,0.04606534,0.17100715,,,,
206776_x_at,0.04606697,-0.13860622,,,,
237749_at,0.046105,-0.1120145,,,,
239729_at,0.04610529,-0.31853356,,,,
200081_s_at,0.04610552,-0.18373304,,,,
1555409_a_at,0.04612123,-0.34410539,,,,
205750_at,0.04612255,0.47700615,,,,
1565771_at,0.0461313,-0.13309557,,,,
242441_at,0.04614079,-0.1313004,,,,
226036_x_at,0.04614271,-0.17288956,,,,
200601_at,0.04618652,-0.34567073,,,,
206718_at,0.04623582,-0.16612276,,,,
234740_at,0.04625347,-0.1140264,,,,
232334_at,0.04625585,-0.13778634,,,,
238609_at,0.04627725,0.33034118,,,,
204760_s_at,0.04628704,-0.3121594,,,,
226840_at,0.04629615,-0.29722337,,,,
230191_at,0.04631079,-0.1495303,,,,
209363_s_at,0.04632659,0.32536804,,,,
231416_at,0.04633074,-0.32649811,,,,
224279_s_at,0.04633087,0.35592336,,,,
221115_s_at,0.04633792,-0.14706483,,,,
232181_at,0.0463537,-0.5113014,,,,
226257_x_at,0.046355,0.21175937,,,,
204816_s_at,0.04638437,0.11229058,,,,
200055_at,0.04638673,-0.20014375,,,,
229865_at,0.04640348,0.53134752,,,,
231805_at,0.04643319,-0.12158587,,,,
AFFX-HSAC07/X00351_M_at,0.04643695,-0.36610438,,,,
1561258_at,0.0464383,-0.17014109,,,,
44783_s_at,0.04646501,0.79009044,,,,
241746_at,0.04647596,0.22005403,,,,
221007_s_at,0.04647868,0.25197033,,,,
1562341_at,0.04650525,-0.10564928,,,,
1569191_at,0.04651848,0.66008469,,,,
242445_at,0.04651849,-0.30129807,,,,
233181_at,0.04653345,0.19819555,,,,
1552637_at,0.04654596,-0.12484396,,,,
1555083_at,0.04656058,-0.11152327,,,,
235544_x_at,0.04656498,-0.13557816,,,,
1563945_at,0.04657013,-0.10960277,,,,
AFFX-r2-Ec-bioD-5_at,0.04657526,-0.3476341,,,,
218444_at,0.04658078,-0.23650097,,,,
201316_at,0.0466091,0.26283935,,,,
1562841_at,0.04661497,-0.12688673,,,,
243630_at,0.04662028,-0.18896214,,,,
235442_at,0.0466332,0.40228493,,,,
205375_at,0.04663901,0.42423919,,,,
242533_at,0.04665164,-0.11442866,,,,
1555291_at,0.04667992,-0.12073452,,,,
239460_at,0.04669136,-0.1064804,,,,
1568854_at,0.04670714,0.28668211,,,,
1560318_at,0.04671789,0.12216142,,,,
226562_at,0.04674781,0.23342132,,,,
222725_s_at,0.04674793,0.71857022,,,,
216673_at,0.04675602,-0.13332237,,,,
218597_s_at,0.04676757,0.28619669,,,,
236333_at,0.04677083,-0.14343168,,,,
228161_at,0.0467979,-0.50222382,,,,
242846_at,0.04680573,0.21386201,,,,
232959_at,0.04682374,-0.29977103,,,,
228024_at,0.0468375,0.31561997,,,,
215955_x_at,0.04685743,-0.29548187,,,,
233356_at,0.046859,-0.13833288,,,,
1566874_at,0.04687864,-0.11270043,,,,
216672_s_at,0.04688092,-0.3061583,,,,
206200_s_at,0.04689743,-0.32387163,,,,
1570451_at,0.04689797,-0.12493925,,,,
242714_at,0.04692839,-0.61387668,,,,
203507_at,0.04694168,-0.4053347,,,,
1553429_at,0.04694289,-0.13591399,,,,
1566236_at,0.04697221,-0.13814216,,,,
230072_at,0.0469771,0.36754431,,,,
1560865_a_at,0.04699059,-0.10147282,,,,
204509_at,0.04699298,-0.27266434,,,,
1568662_at,0.04700089,-0.08704444,,,,
1561390_at,0.04700495,-0.14698068,,,,
1553355_at,0.04701617,-0.16223206,,,,
208654_s_at,0.04703915,-0.35567912,,,,
230291_s_at,0.04705324,0.64451511,,,,
1554871_at,0.04705382,-0.10390681,,,,
230030_at,0.04705643,1.34100988,,,,
226891_at,0.04707859,0.41908022,,,,
202467_s_at,0.04708026,0.24682333,,,,
202180_s_at,0.04708044,-0.48800851,,,,
1561652_at,0.0471044,-0.10813767,,,,
243675_at,0.0471145,-0.22160768,,,,
214021_x_at,0.04712437,0.39064733,,,,
227160_s_at,0.04713076,0.31789083,,,,
239274_at,0.04713265,0.21501373,,,,
207703_at,0.04717595,0.72137622,,,,
222681_at,0.04718162,0.27305603,,,,
215479_at,0.0471851,-0.17466148,,,,
205063_at,0.04720631,0.44586804,,,,
231728_at,0.04720936,0.78235239,,,,
237134_at,0.04721366,0.125292,,,,
244244_at,0.04722966,0.11436404,,,,
1555671_at,0.04723729,-0.11509069,,,,
218574_s_at,0.04724938,0.59789538,,,,
217957_at,0.04724961,0.19050403,,,,
203177_x_at,0.0472749,0.33526307,,,,
214994_at,0.04728445,0.30998781,,,,
236680_at,0.04728783,-0.13103489,,,,
234482_at,0.04730057,-0.12028988,,,,
223999_at,0.04730621,0.11452204,,,,
244529_at,0.04733197,0.19528313,,,,
1553464_at,0.04733762,-0.1505651,,,,
234149_at,0.04736963,-0.09896083,,,,
242185_at,0.04741526,-0.13706606,,,,
223367_at,0.04744866,0.22177474,,,,
232907_at,0.04744871,-0.14643516,,,,
221572_s_at,0.04745208,-0.45033097,,,,
241695_s_at,0.04745807,-0.10137469,,,,
200651_at,0.04746606,-0.18578316,,,,
1570600_at,0.04747694,-0.18244025,,,,
236426_at,0.04748788,-0.11752504,,,,
220136_s_at,0.04749621,-0.33610806,,,,
231997_at,0.04750124,0.30430026,,,,
230089_s_at,0.04750569,-0.13807277,,,,
214025_at,0.04752766,-0.13831662,,,,
1552836_at,0.04753197,-0.14770185,,,,
222299_x_at,0.04754158,-0.08007833,,,,
216947_at,0.04758298,-0.08961214,,,,
228143_at,0.04758495,1.17175759,,,,
243886_at,0.04758911,-0.1336892,,,,
223640_at,0.04759834,-0.47366234,,,,
1563801_at,0.04764952,-0.12098783,,,,
219258_at,0.04770754,0.32838043,,,,
1565928_at,0.0477114,-0.10417926,,,,
224450_s_at,0.04772591,0.37291567,,,,
1558691_a_at,0.04773867,-0.1009393,,,,
204807_at,0.04774561,0.39229832,,,,
218668_s_at,0.04775351,0.36399476,,,,
230591_at,0.04775805,0.32753539,,,,
233507_at,0.04778631,-0.11155209,,,,
232711_at,0.04781953,0.1613626,,,,
238239_at,0.04782846,-0.14571469,,,,
223665_at,0.04783249,0.40707085,,,,
236708_at,0.047833,-0.12497723,,,,
221178_at,0.04784893,-0.45379597,,,,
226252_at,0.04785613,0.48952364,,,,
224009_x_at,0.04786402,-0.87796096,,,,
1555016_at,0.04789151,-0.11936085,,,,
202976_s_at,0.04789579,0.67519605,,,,
239256_at,0.04789932,-0.14148944,,,,
1553357_at,0.04790117,-0.09401753,,,,
204461_x_at,0.04791196,0.35037086,,,,
221693_s_at,0.0479166,0.29488899,,,,
217001_x_at,0.04791725,-0.19168832,,,,
214174_s_at,0.04793936,0.35175758,,,,
1555215_a_at,0.04797372,-0.14336622,,,,
214700_x_at,0.04799784,0.31174561,,,,
1554291_at,0.04800578,0.24863006,,,,
236990_at,0.0480114,0.18228809,,,,
239438_at,0.04801401,-0.11542935,,,,
1557582_at,0.04808504,-0.17105118,,,,
207134_x_at,0.04808686,-0.58715017,,,,
230670_at,0.04808809,-0.40403929,,,,
1562264_at,0.0481062,-0.12798743,,,,
225530_at,0.04811981,-0.36045502,,,,
226901_at,0.04812501,0.47353981,,,,
222733_x_at,0.0481272,0.19746166,,,,
236736_at,0.04814246,-0.14997436,,,,
204346_s_at,0.04815715,-0.21625243,,,,
236510_at,0.04817234,-0.13487271,,,,
1555638_a_at,0.04818293,-0.51284512,,,,
231304_at,0.04818722,-0.13304071,,,,
33736_at,0.04819058,0.25027869,,,,
202933_s_at,0.04819813,0.34798949,,,,
229607_at,0.04820298,-0.16677907,,,,
243974_at,0.04820652,0.50036398,,,,
201404_x_at,0.04821767,-0.16632281,,,,
1567010_at,0.04822429,-0.13174974,,,,
237323_at,0.04823036,-0.27590644,,,,
1562748_at,0.04823184,-0.14832584,,,,
228991_at,0.04823763,0.24879955,,,,
219185_at,0.04824317,0.35679358,,,,
230614_at,0.04826967,-0.12517836,,,,
1569812_at,0.04828269,-0.10356347,,,,
236580_at,0.04829439,0.19391674,,,,
207472_at,0.04831141,-0.09025706,,,,
235498_at,0.04831228,0.44321689,,,,
215182_x_at,0.04834439,-0.16601916,,,,
240840_s_at,0.04834825,0.17807018,,,,
219208_at,0.04835372,0.39763254,,,,
1553949_at,0.04835917,-0.12445803,,,,
230810_at,0.04837269,-0.14784989,,,,
219262_at,0.0483775,0.35805128,,,,
1557636_a_at,0.04837927,-0.27962122,,,,
229481_at,0.04841581,-0.29299709,,,,
229595_at,0.04842332,0.17403479,,,,
222266_at,0.0484263,0.44627549,,,,
215833_s_at,0.04842972,-0.24663838,,,,
202587_s_at,0.04843591,-0.51888665,,,,
230738_at,0.04845919,0.45458061,,,,
203227_s_at,0.04846605,-0.31856387,,,,
217231_s_at,0.04853051,-0.19355949,,,,
218174_s_at,0.04853379,0.4901036,,,,
233961_at,0.04855482,-0.13068127,,,,
215045_at,0.04857169,-0.24734872,,,,
201111_at,0.04858534,0.42348966,,,,
228836_at,0.04859142,-0.19360863,,,,
229309_at,0.04859438,-0.79201038,,,,
207496_at,0.04861475,-0.61306641,,,,
207073_at,0.04863318,-0.22069321,,,,
212536_at,0.04864067,0.38714319,,,,
232563_at,0.0486481,0.36892811,,,,
202547_s_at,0.04864957,-0.24221791,,,,
241688_at,0.04865245,0.12128417,,,,
1554324_s_at,0.04865634,0.28779036,,,,
243439_at,0.04867706,0.35116171,,,,
1559654_s_at,0.04870586,-0.20273762,,,,
206772_at,0.04870897,0.88313486,,,,
237896_at,0.04872866,-0.13417265,,,,
231345_s_at,0.04876489,-0.1596451,,,,
229076_s_at,0.0487728,0.25928351,,,,
1555230_a_at,0.04877383,-0.13463763,,,,
203893_at,0.04878615,0.28234368,,,,
201445_at,0.04881209,0.36803472,,,,
218608_at,0.04882492,-0.2984859,,,,
1557571_at,0.04886916,-0.10043893,,,,
224475_at,0.04889228,-0.1414127,,,,
211924_s_at,0.04889595,-0.64436833,,,,
230845_at,0.04889848,-0.40770925,,,,
243863_at,0.04891034,0.16731683,,,,
1559489_a_at,0.04894292,-0.10521356,,,,
1554819_a_at,0.04897423,-0.09667963,,,,
1553519_at,0.04901302,0.0776861,,,,
223090_x_at,0.04901392,0.27995871,,,,
1568836_at,0.04901906,-0.11632628,,,,
205647_at,0.04902835,0.31485583,,,,
1559444_at,0.04904966,-0.19176195,,,,
215429_s_at,0.04906171,0.28044861,,,,
231186_at,0.04906514,-0.08879253,,,,
238711_s_at,0.04907046,0.2194229,,,,
227640_s_at,0.04908145,0.27019031,,,,
226260_x_at,0.04908766,-0.17898321,,,,
214084_x_at,0.04909605,-0.49771204,,,,
230533_at,0.04911622,-0.13930568,,,,
222894_x_at,0.04911949,0.32727111,,,,
239834_at,0.04914227,0.60212143,,,,
208222_at,0.04915324,-0.12579384,,,,
46947_at,0.04916006,0.28018691,,,,
219739_at,0.04916841,-0.79134303,,,,
1553070_a_at,0.04919996,-0.11776793,,,,
210501_x_at,0.04920366,-0.25576258,,,,
209802_at,0.04921456,0.17923674,,,,
226902_at,0.0492164,0.4525485,,,,
223221_at,0.04924946,0.26402808,,,,
231833_at,0.04926842,-0.18661079,,,,
1554834_a_at,0.04929151,-0.47245501,,,,
223603_at,0.04929652,-0.20673828,,,,
201242_s_at,0.04931007,-0.53083383,,,,
239927_at,0.04932329,-0.11278967,,,,
200622_x_at,0.04934348,-0.33882981,,,,
216048_s_at,0.04934599,0.60991069,,,,
208360_s_at,0.04934689,-0.13985709,,,,
232371_at,0.04935172,0.25597501,,,,
243031_at,0.04935176,0.21347987,,,,
240590_at,0.04936498,-0.17405904,,,,
220670_at,0.04937388,0.10436219,,,,
213204_at,0.04937444,0.27970099,,,,
230366_at,0.04937941,-0.1652866,,,,
242256_x_at,0.0493997,-0.10762121,,,,
220967_s_at,0.04940099,0.31451516,,,,
1563674_at,0.04940878,-0.24038953,,,,
1569069_s_at,0.04942392,-0.37374732,,,,
211799_x_at,0.04943843,-0.44505793,,,,
1562044_at,0.04945432,-0.11409744,,,,
240523_at,0.04946382,0.19771608,,,,
205905_s_at,0.04950301,0.27841805,,,,
218176_at,0.04950567,0.38891278,,,,
232977_x_at,0.04951824,-0.46488717,,,,
217202_s_at,0.04953813,-0.53618906,,,,
228205_at,0.04954146,-0.31632291,,,,
214986_x_at,0.04956982,-0.15784274,,,,
1562625_at,0.04963665,-0.12985418,,,,
236086_at,0.04963835,-0.14187239,,,,
213475_s_at,0.04964591,-0.37100521,,,,
1564451_at,0.04965604,-0.16252685,,,,
241138_at,0.04966323,-0.14137661,,,,
239998_at,0.04966895,-0.1394598,,,,
202037_s_at,0.04968043,1.18009963,,,,
205124_at,0.04971653,-0.14567234,,,,
241521_at,0.04972519,-0.15090264,,,,
202244_at,0.049726,0.19881747,,,,
236774_at,0.04972675,-0.15581676,,,,
234166_at,0.04972824,-0.09972755,,,,
238480_at,0.04973574,0.68918565,,,,
216544_at,0.04975633,-0.11785572,,,,
216882_s_at,0.04976765,-0.13855318,,,,
1561018_at,0.04976786,-0.14623541,,,,
1562701_at,0.04977094,0.32366868,,,,
1555164_at,0.0497747,0.12406063,,,,
242429_at,0.04977725,0.50665471,,,,
214502_at,0.04977864,0.26885746,,,,
203960_s_at,0.04979238,0.2778737,,,,
212557_at,0.04979802,0.24226775,,,,
204588_s_at,0.04979881,-0.46062038,,,,
205511_at,0.04983303,0.48880288,,,,
204638_at,0.04983323,-0.68423253,,,,
242404_at,0.04986988,0.21692947,,,,
1552598_at,0.04987965,-0.12731288,,,,
240921_at,0.04988624,0.19595645,,,,
231571_at,0.04988962,-0.13100734,,,,
233503_at,0.04989241,-0.10902352,,,,
224398_at,0.04989568,-0.13185064,,,,
235181_at,0.04989621,0.28786457,,,,
1565974_at,0.04990948,-0.15769553,,,,
223836_at,0.0499409,0.59889007,,,,
1563781_at,0.04994995,-0.14389952,,,,
207796_x_at,0.04996293,-0.16411259,,,,
206687_s_at,0.04998738,-0.4257807,,,,
220087_at,0.05001357,-0.38604455,,,,
209083_at,0.05001907,-0.57852016,,,,
230549_at,0.05003556,-0.10617581,,,,
226489_at,0.05003622,-0.50505691,,,,
229791_at,0.05003735,-0.23269746,,,,
200701_at,0.05004766,-0.36866876,,,,
1558648_at,0.05005992,-0.12829132,,,,
216210_x_at,0.05006899,0.25383292,,,,
235687_at,0.05007216,0.40268831,,,,
224297_s_at,0.05007928,0.18056182,,,,
1555809_at,0.05009954,-0.14042348,,,,
243030_at,0.0501003,0.28374846,,,,
206485_at,0.05012813,-0.15320854,,,,
210423_s_at,0.05015082,-0.41481618,,,,
210261_at,0.05016302,0.29320637,,,,
65770_at,0.05016519,-0.156354,,,,
227968_at,0.05017621,-0.25037708,,,,
230751_at,0.05019934,-0.19011221,,,,
203582_s_at,0.05020988,-0.33733011,,,,
244232_at,0.0502172,-0.1495104,,,,
222592_s_at,0.0502435,-0.98525661,,,,
1560030_at,0.05027173,-0.10613297,,,,
229715_at,0.05027287,-0.63153658,,,,
1560476_at,0.05028342,-0.13566764,,,,
201137_s_at,0.05029013,-0.55494048,,,,
235827_at,0.0502981,-0.1330443,,,,
220767_at,0.0503169,-0.13925718,,,,
242911_at,0.05031713,0.2546372,,,,
240064_at,0.05032002,-0.35916317,,,,
204789_at,0.05034777,-0.23229029,,,,
203118_at,0.05034895,-0.23042238,,,,
1570396_at,0.05037517,0.11609676,,,,
209243_s_at,0.05038633,1.09862599,,,,
1556701_at,0.05040989,-0.10943933,,,,
216079_at,0.0504114,-0.12250604,,,,
212332_at,0.05044562,-0.36521274,,,,
212873_at,0.05045704,-0.41486244,,,,
225297_at,0.05045747,0.40138261,,,,
231870_s_at,0.05046295,0.23348018,,,,
206991_s_at,0.0504803,-0.54374324,,,,
1557450_s_at,0.05048801,-0.17320866,,,,
205291_at,0.05049856,-0.47052398,,,,
215952_s_at,0.05050301,-0.22958349,,,,
215186_at,0.050506,-0.14701319,,,,
204174_at,0.05050662,-0.67711929,,,,
233656_s_at,0.05051882,0.25648736,,,,
214324_at,0.05055923,-0.73713973,,,,
219961_s_at,0.05058868,0.43476958,,,,
1560405_at,0.05059927,-0.10802808,,,,
201927_s_at,0.05060108,0.40361832,,,,
1568752_s_at,0.05061162,-0.51668478,,,,
228394_at,0.05061681,-0.28144654,,,,
201958_s_at,0.05061692,-0.21172319,,,,
207766_at,0.0506184,-0.19839626,,,,
207960_at,0.05064107,-0.16612495,,,,
208994_s_at,0.05065028,0.2489412,,,,
231646_at,0.05066071,-0.83358178,,,,
236885_at,0.05066577,0.3883948,,,,
242284_at,0.05067261,-0.10868166,,,,
214671_s_at,0.05068331,-0.43304844,,,,
220713_at,0.05072238,-0.1106321,,,,
212473_s_at,0.05073,-0.50056993,,,,
241238_at,0.05073472,-0.09304854,,,,
212160_at,0.05073638,0.30451244,,,,
235180_at,0.05074567,0.26437349,,,,
217633_at,0.05077855,-0.12502998,,,,
1562496_at,0.05078361,-0.11728924,,,,
200972_at,0.05078765,-0.38349595,,,,
1562068_at,0.05079523,-0.09653624,,,,
1557123_a_at,0.05080839,0.19871895,,,,
216481_at,0.0508527,-0.16989477,,,,
241485_at,0.05086897,-0.0937553,,,,
210225_x_at,0.05087074,-0.26749104,,,,
224154_at,0.0508721,-0.10649551,,,,
231287_s_at,0.05088014,-0.13002752,,,,
1565911_at,0.05088256,-0.11392483,,,,
216630_at,0.05088447,-0.12354071,,,,
221443_x_at,0.05088813,-0.12303533,,,,
231299_at,0.05089558,-0.28298768,,,,
203552_at,0.05089941,0.31952388,,,,
1556296_at,0.05091705,-0.12580222,,,,
201699_at,0.05093988,0.24414654,,,,
1555814_a_at,0.05095162,-0.49400169,,,,
215184_at,0.05096496,-0.31615206,,,,
203528_at,0.0509704,-0.45402812,,,,
234494_x_at,0.05098111,-0.12568254,,,,
220750_s_at,0.05098518,0.40697471,,,,
212306_at,0.05098869,-0.20458303,,,,
238324_at,0.05099474,-0.15989032,,,,
231970_at,0.05099839,0.28913765,,,,
215835_at,0.05099876,-0.0936963,,,,
1554889_at,0.05100704,0.10777504,,,,
220165_at,0.05100708,-0.16073821,,,,
232315_at,0.05101148,-0.75290391,,,,
1566113_at,0.05101298,-0.11007877,,,,
213969_x_at,0.05102221,-0.18548995,,,,
1565754_x_at,0.05104492,-0.16157919,,,,
1565673_at,0.05104968,-0.10393558,,,,
206986_at,0.05105366,0.22230623,,,,
240720_at,0.05108973,0.134646,,,,
223510_at,0.05109242,-0.28655783,,,,
238796_at,0.05113236,-0.12639307,,,,
224401_s_at,0.05114747,-0.12957373,,,,
202650_s_at,0.05115051,-0.21974058,,,,
1554578_at,0.05118354,-0.11349748,,,,
1561093_at,0.05118598,-0.18319352,,,,
235176_at,0.05121014,0.2682594,,,,
221599_at,0.05123118,0.31690321,,,,
216201_at,0.05123346,-0.13573248,,,,
208887_at,0.05123904,-0.26035548,,,,
227656_at,0.05125309,0.26560882,,,,
215747_s_at,0.0512675,-0.31654267,,,,
232857_at,0.05128115,-0.13464113,,,,
235319_at,0.05129318,-0.12051991,,,,
209522_s_at,0.05129556,0.49229722,,,,
228125_at,0.05129748,0.29153756,,,,
219445_at,0.05131788,-0.18137904,,,,
237381_at,0.05135131,-0.08252715,,,,
232205_at,0.05137279,0.46404199,,,,
204536_s_at,0.05138334,-0.17191022,,,,
209694_at,0.05140308,0.35040136,,,,
206681_x_at,0.05141377,-0.50666465,,,,
230986_at,0.05141405,0.46850272,,,,
211457_at,0.05141623,-0.13206291,,,,
201401_s_at,0.0514314,-0.31790851,,,,
1556158_at,0.05144461,0.18513477,,,,
212037_at,0.05144791,0.28721655,,,,
210675_s_at,0.05145651,-0.98387661,,,,
211589_at,0.05146147,-0.11427286,,,,
202691_at,0.05146465,0.28790151,,,,
228595_at,0.05146801,0.30219527,,,,
1560101_at,0.05149899,0.18805502,,,,
208729_x_at,0.05151708,-0.475238,,,,
1556319_at,0.05152083,-0.16091229,,,,
206573_at,0.05152364,-0.18643489,,,,
212222_at,0.05152783,0.29010529,,,,
206296_x_at,0.05153098,-0.28108948,,,,
209670_at,0.05154229,-0.62395245,,,,
206107_at,0.05156771,-0.22851904,,,,
235277_at,0.0515847,0.28290537,,,,
228867_at,0.05163603,0.28794064,,,,
244314_at,0.05164404,-0.09395687,,,,
1559795_at,0.05164843,-0.14251213,,,,
242864_at,0.05166127,0.20707803,,,,
236688_at,0.05166413,-0.14689753,,,,
236356_at,0.05168568,0.40496909,,,,
243611_at,0.05170561,-0.39901376,,,,
1556365_at,0.05170738,-0.11688322,,,,
1570327_at,0.0517148,-0.09645534,,,,
237150_at,0.05171758,-0.12940035,,,,
215449_at,0.05172015,-0.17418258,,,,
1554176_a_at,0.05172225,0.23132695,,,,
239009_at,0.05172745,-0.13572099,,,,
204935_at,0.05173105,0.36844225,,,,
1557457_at,0.05173361,-0.13859659,,,,
1555171_at,0.05174829,0.11318354,,,,
229462_at,0.05174854,-0.14574461,,,,
1560942_at,0.05175455,-0.09966112,,,,
237733_at,0.05177961,-0.17517987,,,,
1561420_a_at,0.05178816,-0.10168698,,,,
202494_at,0.05179277,0.24179433,,,,
1554526_at,0.05181358,0.15587162,,,,
233725_at,0.05183283,-0.13095656,,,,
221244_s_at,0.0519032,-0.27341678,,,,
232949_at,0.05190496,-0.15396588,,,,
238953_at,0.05190549,0.36821356,,,,
1563842_at,0.05190732,-0.15447722,,,,
207170_s_at,0.05192178,-0.28862109,,,,
200647_x_at,0.05192791,-0.26331551,,,,
241099_at,0.05193767,0.08347523,,,,
215951_at,0.05196823,-0.14347356,,,,
213666_at,0.05199434,0.32966292,,,,
1558484_s_at,0.05201552,-0.17633068,,,,
225450_at,0.05206,0.56301683,,,,
201519_at,0.05209308,0.21823002,,,,
1560241_at,0.05209758,-0.12881172,,,,
206453_s_at,0.05210337,0.57667174,,,,
244693_at,0.0521228,-0.21136775,,,,
227811_at,0.05213027,-0.41211155,,,,
228689_at,0.05213464,-0.13671069,,,,
224144_at,0.05214008,-0.11759684,,,,
219191_s_at,0.05214667,-0.43022064,,,,
223468_s_at,0.05216162,0.57145388,,,,
215607_x_at,0.0521758,-0.14530069,,,,
1555797_a_at,0.05218385,-0.36362703,,,,
204891_s_at,0.05219888,-0.62967266,,,,
221727_at,0.05220357,0.41033262,,,,
224179_s_at,0.05222267,-0.11178921,,,,
202811_at,0.05222731,0.23465804,,,,
1561127_at,0.05222862,-0.14439475,,,,
202120_x_at,0.0522439,-0.32441745,,,,
244675_at,0.0522688,-0.11110117,,,,
224211_at,0.05228225,-0.11733035,,,,
1560347_at,0.05234066,-0.1016795,,,,
233686_at,0.05237011,-0.15425557,,,,
243005_at,0.05237947,0.1705514,,,,
202059_s_at,0.05239133,0.30248122,,,,
244768_at,0.05240565,-0.16428826,,,,
219485_s_at,0.05242295,0.27369314,,,,
1554862_at,0.05242975,-0.10291403,,,,
237779_at,0.05243418,-0.15701908,,,,
206583_at,0.05245987,0.29994716,,,,
231695_at,0.05248034,-0.15441028,,,,
236521_at,0.05248183,0.21211196,,,,
221332_at,0.05248662,-0.11376806,,,,
221531_at,0.0524934,0.22275642,,,,
223074_s_at,0.052511,0.23833324,,,,
208572_at,0.05256455,0.16037615,,,,
244875_at,0.05258297,-0.12975799,,,,
244550_at,0.0526061,-0.24807096,,,,
210073_at,0.05260727,0.81735004,,,,
221445_at,0.05264492,-0.09794697,,,,
1560510_at,0.05265355,-0.12007182,,,,
226089_at,0.05265425,0.2910589,,,,
226201_at,0.05266557,-0.22825786,,,,
232110_at,0.05267352,-0.40941711,,,,
244394_at,0.05270355,-0.12575264,,,,
1561202_at,0.05271566,-0.11085115,,,,
214969_at,0.05271934,-0.20159705,,,,
1569503_at,0.0527331,0.11228669,,,,
230795_at,0.05273971,0.49666352,,,,
244472_at,0.05276038,0.38454094,,,,
236705_at,0.05283062,0.08931759,,,,
233158_at,0.05283806,-0.15514196,,,,
233990_at,0.05284933,-0.13317689,,,,
229303_at,0.05285984,0.37044717,,,,
218881_s_at,0.05288224,-0.31704611,,,,
211001_at,0.05288638,-0.17556664,,,,
214181_x_at,0.0528866,-0.55050272,,,,
219736_at,0.05289679,-0.75025602,,,,
207765_s_at,0.05289865,-0.24106515,,,,
1555105_a_at,0.05290353,-0.32284814,,,,
217108_at,0.05293514,-0.13568411,,,,
236857_at,0.05295493,-0.13874837,,,,
202035_s_at,0.05297286,0.92016546,,,,
1560589_a_at,0.05299332,-0.16396147,,,,
1553039_a_at,0.05299339,-0.12911156,,,,
221010_s_at,0.05300974,0.1966785,,,,
210928_at,0.0530434,-0.09545652,,,,
236562_at,0.05305484,0.5349767,,,,
211841_s_at,0.05306194,-0.29351839,,,,
1561610_at,0.05307053,-0.10740846,,,,
209336_at,0.05308556,0.23978713,,,,
218839_at,0.05310935,0.6815038,,,,
241056_at,0.05314082,-0.11613834,,,,
1569808_at,0.05315789,0.10416474,,,,
217076_s_at,0.05317853,-0.21937411,,,,
242088_at,0.05319025,0.29721149,,,,
211608_at,0.05319588,-0.12778276,,,,
203413_at,0.05320732,-0.92443571,,,,
213602_s_at,0.05320868,-0.1434324,,,,
AFFX-BioC-5_at,0.05321924,-0.4261483,,,,
228936_at,0.05321982,-0.12254741,,,,
244541_x_at,0.05323625,-0.12398695,,,,
206537_at,0.05325046,-0.19252453,,,,
207259_at,0.05325449,-0.93879296,,,,
1559682_at,0.05330787,-0.13918924,,,,
239583_x_at,0.05330911,-0.12235847,,,,
223594_at,0.05330931,0.58269689,,,,
1570484_at,0.05332698,-0.10170642,,,,
1569805_at,0.05336209,-0.11073182,,,,
205630_at,0.05336803,-0.1448335,,,,
229983_at,0.05337191,0.48726223,,,,
1555000_at,0.05339178,-0.11380613,,,,
215621_s_at,0.05339419,-0.3201543,,,,
229577_at,0.05340029,-0.18142542,,,,
211005_at,0.0534018,-0.40692004,,,,
224096_at,0.05348311,-0.13392011,,,,
231264_at,0.05349033,-0.09482475,,,,
1559361_at,0.05349385,-0.53269511,,,,
1556133_s_at,0.05349598,-0.09457146,,,,
222241_at,0.05350223,0.12766007,,,,
219600_s_at,0.05350666,0.31804776,,,,
213133_s_at,0.05354274,0.34913791,,,,
1564362_x_at,0.05356159,-0.13227793,,,,
217498_at,0.05356191,-0.18079607,,,,
215236_s_at,0.05357104,-0.46475988,,,,
216415_at,0.05357318,-0.10646255,,,,
224936_at,0.05358082,-0.33704943,,,,
237944_at,0.05358516,0.12074357,,,,
226461_at,0.05359013,-0.6339427,,,,
224510_s_at,0.05359444,-0.1373589,,,,
237502_at,0.05359659,0.30112458,,,,
241020_at,0.05360286,-0.15345764,,,,
214444_s_at,0.05360646,-0.3213524,,,,
226060_at,0.05361653,0.20848253,,,,
243059_at,0.05362069,-0.14690344,,,,
215363_x_at,0.05362317,0.8328628,,,,
221677_s_at,0.05362586,0.4210832,,,,
221426_s_at,0.05363838,-0.1421867,,,,
241633_x_at,0.053654,0.14624882,,,,
229742_at,0.05365657,0.2872793,,,,
224191_x_at,0.05368417,0.66947113,,,,
228674_s_at,0.05369391,-0.32346459,,,,
202637_s_at,0.05369756,-0.52551594,,,,
220250_at,0.05370403,0.42133661,,,,
225100_at,0.05370846,0.44136704,,,,
216615_s_at,0.05372024,-0.25889045,,,,
1565900_at,0.05372844,-0.1209014,,,,
221001_at,0.05373532,-0.15474536,,,,
202371_at,0.05375254,0.42648882,,,,
1566511_at,0.05377893,-0.08817894,,,,
234372_at,0.05378296,-0.12499235,,,,
212437_at,0.05378991,0.25732965,,,,
222855_s_at,0.05380366,-0.25377668,,,,
1555429_at,0.05380777,-0.11982956,,,,
234001_s_at,0.05380922,-0.28835254,,,,
214178_s_at,0.05381426,-0.14157059,,,,
1553028_at,0.05382461,-0.14373509,,,,
231535_x_at,0.05382604,0.69713544,,,,
204673_at,0.05382899,-0.56457253,,,,
214871_x_at,0.05383316,0.30944202,,,,
233520_s_at,0.05384273,0.5794126,,,,
1557057_a_at,0.05384753,-0.06946924,,,,
202260_s_at,0.05387699,-0.53730831,,,,
237349_at,0.05388268,-0.15742136,,,,
227603_at,0.05390066,0.40136143,,,,
220902_at,0.05390222,-0.13150008,,,,
219317_at,0.05390346,0.4942441,,,,
232974_at,0.05391558,-0.23283909,,,,
223491_at,0.05394023,0.32824504,,,,
219930_at,0.05396516,0.18731046,,,,
224836_at,0.05397241,-0.35857004,,,,
219171_s_at,0.05401958,0.36086741,,,,
212220_at,0.05403181,0.35706374,,,,
209734_at,0.05407038,-0.448593,,,,
230436_s_at,0.05410057,-0.19811358,,,,
225630_at,0.05410505,-0.39822893,,,,
223982_s_at,0.05410537,0.22777607,,,,
1565684_at,0.05412915,-0.09263878,,,,
1557866_at,0.05413161,-0.11572703,,,,
225519_at,0.05413638,0.2621413,,,,
1558401_at,0.05413921,0.31898543,,,,
219439_at,0.05414169,0.48859079,,,,
215806_x_at,0.05414808,-0.68339229,,,,
1556128_a_at,0.0541701,-0.16206665,,,,
224725_at,0.05417334,0.33268078,,,,
206280_at,0.05418697,-0.25366115,,,,
214390_s_at,0.05419203,-0.39910054,,,,
217159_x_at,0.05419283,-0.21881783,,,,
234810_at,0.0541945,-0.11150243,,,,
1554914_at,0.05419904,-0.09412896,,,,
217637_at,0.05420318,-0.12202217,,,,
221079_s_at,0.05422056,0.21931952,,,,
221274_s_at,0.05424256,0.25218881,,,,
232338_at,0.05424279,0.40312313,,,,
210738_s_at,0.05426391,-0.40822666,,,,
233712_at,0.05426785,-0.15930648,,,,
243706_at,0.05427489,0.24579927,,,,
223585_x_at,0.05427995,-0.38361908,,,,
1564449_at,0.05428769,-0.10093882,,,,
213369_at,0.05429196,-0.48370464,,,,
213603_s_at,0.05431125,-0.55478927,,,,
205919_at,0.05431299,-0.15273994,,,,
1553178_a_at,0.05432675,-0.12594807,,,,
1561006_at,0.05434019,-0.08530511,,,,
234696_at,0.05434202,-0.16530089,,,,
1563549_a_at,0.05434657,0.20007366,,,,
218251_at,0.0543584,-0.28368868,,,,
227845_s_at,0.05436534,-0.31229303,,,,
219138_at,0.05436619,-0.4722317,,,,
1553997_a_at,0.05438471,-0.58819879,,,,
240885_at,0.05440387,-0.13655111,,,,
1566816_at,0.05440872,-0.12317375,,,,
223399_x_at,0.05441181,-0.18632622,,,,
231976_at,0.05441725,0.23931681,,,,
207733_x_at,0.0544199,-0.15417795,,,,
1565358_at,0.05444379,-0.15984787,,,,
224011_at,0.05444857,-0.17031258,,,,
221540_x_at,0.05445227,0.33255295,,,,
1562661_at,0.05448427,-0.13585084,,,,
243775_at,0.05450107,0.11502406,,,,
213761_at,0.05451612,0.44956317,,,,
36612_at,0.05451874,0.37341288,,,,
219886_at,0.05453522,0.24166031,,,,
205925_s_at,0.05453814,-0.28961384,,,,
207677_s_at,0.05454396,-0.51938766,,,,
201340_s_at,0.05455542,0.57950905,,,,
206430_at,0.05455682,-0.65344337,,,,
240114_s_at,0.05455814,-0.13449823,,,,
243076_x_at,0.05456217,0.12088688,,,,
228204_at,0.05456355,0.28595172,,,,
234683_at,0.05461018,-0.14396239,,,,
225952_at,0.05461553,-0.13054716,,,,
228468_at,0.0546235,0.43850734,,,,
242761_s_at,0.05462662,0.39035722,,,,
228591_at,0.05463813,-0.11407532,,,,
1555892_s_at,0.05466581,0.36356894,,,,
237883_at,0.05472158,-0.20231016,,,,
242677_at,0.05475499,-0.19473844,,,,
210369_at,0.05476663,-0.1817526,,,,
211460_at,0.05476853,-0.1326311,,,,
210018_x_at,0.0547702,0.42317362,,,,
1561391_at,0.05477419,-0.15857343,,,,
213547_at,0.05480681,0.45633091,,,,
215533_s_at,0.05482834,-0.41620442,,,,
239428_at,0.05484029,-0.18063709,,,,
1563121_at,0.05484447,-0.13940503,,,,
210870_s_at,0.05486288,0.18916598,,,,
213492_at,0.05487784,0.92571465,,,,
1556649_at,0.05489279,-0.14951965,,,,
1560295_at,0.05492637,-0.10997512,,,,
214820_at,0.05492927,0.28362713,,,,
222931_s_at,0.05494344,0.42149213,,,,
229174_at,0.05494755,0.29057569,,,,
221110_x_at,0.05500907,-0.14756949,,,,
220339_s_at,0.05501279,-0.20263522,,,,
222559_s_at,0.05502924,0.29691569,,,,
216449_x_at,0.05503582,0.2844147,,,,
1557850_at,0.05506558,-0.12314616,,,,
208933_s_at,0.05507515,0.46560428,,,,
243696_at,0.05507639,0.15590678,,,,
228782_at,0.05508104,-1.08335985,,,,
200648_s_at,0.05508123,-0.51965676,,,,
221370_at,0.05509199,-0.11052003,,,,
1562643_at,0.05510622,-0.12004731,,,,
215142_at,0.05513173,-0.16549521,,,,
1294_at,0.0551613,-0.29805543,,,,
1559914_at,0.05520182,-0.10049825,,,,
206059_at,0.05521159,0.57861225,,,,
240299_at,0.05525186,-0.09376098,,,,
204102_s_at,0.05525282,-0.15502835,,,,
240329_at,0.0552582,-0.11675126,,,,
205687_at,0.05526086,0.36111648,,,,
1565338_x_at,0.05526462,-0.09642929,,,,
222739_at,0.05528173,-0.14186865,,,,
215674_at,0.05528283,0.08515518,,,,
244618_at,0.05531571,-0.13619354,,,,
230216_at,0.05532088,-0.12105128,,,,
200641_s_at,0.05535357,-0.50018085,,,,
211410_x_at,0.05535632,-0.12675401,,,,
1554876_a_at,0.05535974,-0.15504382,,,,
242804_at,0.05537084,0.14766493,,,,
207536_s_at,0.05537533,-0.29589691,,,,
234618_at,0.05538317,-0.12544254,,,,
203420_at,0.05538388,0.35288331,,,,
210279_at,0.05538841,-0.4978891,,,,
1570383_at,0.05539389,-0.14514841,,,,
222434_at,0.0553958,0.48895931,,,,
216453_at,0.05546374,-0.13547909,,,,
242813_at,0.05547532,-0.12331959,,,,
233646_at,0.05549041,-0.12133625,,,,
237940_s_at,0.05550323,-0.11977716,,,,
243075_at,0.05550634,-0.11654411,,,,
228255_at,0.05555131,0.55920529,,,,
1561164_at,0.05558138,-0.09341002,,,,
1566775_at,0.0555851,-0.12532374,,,,
222949_at,0.05559778,-0.1420347,,,,
216726_at,0.05561554,-0.12935974,,,,
237743_at,0.05563279,-0.10409619,,,,
215787_at,0.05563398,-0.13992672,,,,
227030_at,0.05565714,-0.28947648,,,,
1562641_at,0.05566917,-0.12027907,,,,
1559890_a_at,0.05566926,-0.08091039,,,,
206915_at,0.0556733,-0.60678779,,,,
200910_at,0.055728,0.31088757,,,,
244390_at,0.0557447,-0.10590193,,,,
205705_at,0.05575494,0.31905978,,,,
1554667_s_at,0.05576064,0.34461643,,,,
241313_at,0.05577486,-0.16187516,,,,
219039_at,0.05581852,0.20878836,,,,
1555129_at,0.05582048,-0.12205171,,,,
208214_at,0.05582732,-0.20423791,,,,
1569948_at,0.05583842,0.09944121,,,,
1566176_at,0.0558406,-0.12138068,,,,
224729_s_at,0.0558923,0.31188561,,,,
244054_at,0.05589972,-0.19723027,,,,
232641_at,0.05590634,0.37764211,,,,
222668_at,0.05591363,0.5647054,,,,
244375_at,0.05591808,-0.21553851,,,,
62987_r_at,0.05592603,-0.18960944,,,,
220851_at,0.05593875,-0.10108025,,,,
240294_at,0.05595176,-0.16200913,,,,
226537_at,0.05598011,0.43295633,,,,
236448_at,0.05600978,-0.55566211,,,,
1561702_at,0.05601385,-0.08484651,,,,
234311_s_at,0.05601403,0.3214699,,,,
218657_at,0.05601822,-0.38969193,,,,
1560638_a_at,0.05604148,0.11722047,,,,
1553769_at,0.05605623,-0.1977548,,,,
219293_s_at,0.05606425,0.2774273,,,,
244155_x_at,0.0560755,-0.12244859,,,,
1561503_at,0.05609483,-0.1546157,,,,
210157_at,0.05613868,0.38670441,,,,
209810_at,0.05616851,-1.03724979,,,,
242941_x_at,0.05617883,0.17546067,,,,
230118_at,0.05617888,-0.14125292,,,,
216538_at,0.05619602,-0.17851016,,,,
207339_s_at,0.05623654,-0.58903103,,,,
237082_at,0.05624304,-0.1396855,,,,
212500_at,0.05625366,0.28246118,,,,
221338_at,0.05627425,-0.13783648,,,,
223675_s_at,0.05628523,0.26347847,,,,
205664_at,0.05635025,0.27289557,,,,
240391_at,0.05635814,0.23375612,,,,
206798_x_at,0.05637617,-0.13387084,,,,
1569980_x_at,0.05638222,-0.10634661,,,,
231298_at,0.0563917,-0.1364356,,,,
208538_at,0.05639528,0.1158059,,,,
210384_at,0.05639721,0.11895812,,,,
215809_at,0.05641061,-0.14096699,,,,
226398_s_at,0.05641798,0.24491068,,,,
243135_x_at,0.05643936,0.29567928,,,,
210629_x_at,0.05646624,-0.50775541,,,,
220463_at,0.05646706,-0.14338969,,,,
204721_s_at,0.05648799,-0.07866876,,,,
217283_at,0.05649074,0.25826717,,,,
1561323_at,0.05649095,-0.10851874,,,,
212006_at,0.05649444,0.22212523,,,,
234895_at,0.05651096,-0.12819118,,,,
214633_at,0.05653325,0.12287632,,,,
1560760_s_at,0.05655503,0.12647735,,,,
239615_at,0.05656787,-0.18356984,,,,
230484_at,0.05657712,-0.13493817,,,,
1562783_at,0.05659725,-0.25873161,,,,
221991_at,0.05661226,-0.21554185,,,,
225924_at,0.05661365,-0.33149102,,,,
1552854_a_at,0.05661775,-0.13058847,,,,
229723_at,0.05663108,-0.60715963,,,,
217880_at,0.05664027,0.22251717,,,,
233025_at,0.05664989,0.35645171,,,,
1557970_s_at,0.05665116,-0.15674336,,,,
228710_at,0.05670521,-0.30516477,,,,
230437_s_at,0.05670959,-0.17009129,,,,
205427_at,0.05671123,0.32300636,,,,
1559471_s_at,0.05671317,-0.15716675,,,,
226229_s_at,0.05674949,-0.29906884,,,,
201146_at,0.0567506,0.25814455,,,,
1556354_s_at,0.05677704,0.10929589,,,,
224784_at,0.05677813,-0.30414877,,,,
225394_s_at,0.05679656,0.27734955,,,,
208938_at,0.05682195,0.35954897,,,,
202124_s_at,0.05682524,-0.40775384,,,,
1563997_at,0.05686574,-0.13612354,,,,
224134_at,0.05689395,0.22959349,,,,
1569772_x_at,0.05691184,-0.08527221,,,,
1569540_at,0.05692404,0.19445243,,,,
209795_at,0.05693874,-0.72335812,,,,
230046_at,0.05696258,-0.15911741,,,,
226424_at,0.05697678,0.6800852,,,,
203743_s_at,0.0569868,0.32534288,,,,
1570166_a_at,0.05699873,-0.14783668,,,,
211878_at,0.05701069,-0.09398581,,,,
231800_s_at,0.05701539,0.40207713,,,,
235909_at,0.05702863,-0.12098233,,,,
226724_s_at,0.05703243,-0.17342669,,,,
234152_at,0.05703505,-0.1324182,,,,
1557981_at,0.05704162,-0.14336116,,,,
225140_at,0.05704886,-0.41815373,,,,
218809_at,0.05704889,0.22024743,,,,
230759_at,0.05705517,-0.23663036,,,,
216546_s_at,0.05708044,-0.15927839,,,,
216570_x_at,0.05710515,-0.22649213,,,,
1568636_a_at,0.05710901,-0.12781481,,,,
229079_at,0.05712054,-0.1355276,,,,
225648_at,0.05712518,0.23292569,,,,
221226_s_at,0.05718107,-0.13913138,,,,
222112_at,0.05718377,-0.11140718,,,,
202015_x_at,0.0571967,0.10435758,,,,
228410_at,0.057199,-0.44079135,,,,
224079_at,0.05720018,-0.17590972,,,,
240926_at,0.05722356,0.1943531,,,,
232474_at,0.05724723,-0.14478879,,,,
221092_at,0.05725366,-0.2793097,,,,
237937_x_at,0.0572772,-0.07405684,,,,
48659_at,0.05728956,-0.18575287,,,,
228965_s_at,0.05730195,-0.16309277,,,,
206328_at,0.05735129,0.22069785,,,,
1564262_at,0.05736241,-0.12158226,,,,
214907_at,0.05737179,-0.24021785,,,,
1566841_at,0.0573773,-0.12641958,,,,
1565838_at,0.0573899,-0.13174673,,,,
220531_at,0.05739466,-0.13860863,,,,
234820_at,0.0574101,-0.1300501,,,,
218214_at,0.05742552,0.26073572,,,,
1569316_at,0.05743354,0.3194881,,,,
207068_at,0.05744154,0.46575937,,,,
211530_x_at,0.05745847,-0.3546053,,,,
1564190_x_at,0.05747875,0.1839984,,,,
1554940_a_at,0.05750974,-0.12829622,,,,
220499_at,0.05751221,-0.11857084,,,,
1561914_at,0.05752019,-0.09026554,,,,
218886_at,0.05753081,0.29548308,,,,
234144_at,0.05753675,-0.19902147,,,,
242397_at,0.05753693,-0.11160015,,,,
239196_at,0.05754397,-0.67026177,,,,
231471_at,0.05754706,-0.10976612,,,,
1562557_at,0.05757498,-0.13613071,,,,
1558804_at,0.05759766,-0.12931482,,,,
221129_at,0.05761228,-0.13227246,,,,
210015_s_at,0.05764299,-0.51737286,,,,
1561820_at,0.05766749,-0.14251923,,,,
1558839_at,0.05768204,-0.1558134,,,,
1555923_a_at,0.05768458,0.44159832,,,,
229642_at,0.05769913,-0.19168215,,,,
1564050_at,0.05772861,-0.13102918,,,,
228665_at,0.05773593,0.54984068,,,,
213896_x_at,0.05775713,0.31767184,,,,
244797_at,0.05776552,-0.12931691,,,,
200923_at,0.05776785,-0.58085659,,,,
1568922_at,0.05776916,-0.13137652,,,,
224554_at,0.05778517,-0.10881226,,,,
225902_at,0.05778888,0.22752324,,,,
227574_at,0.05781438,0.35126999,,,,
241691_at,0.0578426,-0.11042742,,,,
240000_at,0.05784618,0.24278912,,,,
205770_at,0.05784817,-0.4277783,,,,
203281_s_at,0.05785133,-0.35174971,,,,
1566477_at,0.05788864,-0.14307172,,,,
229364_at,0.05789765,-0.17754991,,,,
1554691_a_at,0.0579023,-0.44727082,,,,
243137_at,0.05790945,-0.12186152,,,,
242915_at,0.05792571,0.59047745,,,,
201485_s_at,0.05793153,0.42169238,,,,
217477_at,0.05795016,-0.21506805,,,,
201621_at,0.05795302,-0.61003665,,,,
244545_at,0.05797945,-0.53260284,,,,
205627_at,0.05798753,-0.89588127,,,,
222350_at,0.05800386,0.28799026,,,,
231428_at,0.05800737,-0.18485115,,,,
220313_at,0.05801592,0.7897063,,,,
233200_at,0.05802955,-0.12586972,,,,
208787_at,0.05809319,0.24527409,,,,
244663_at,0.05809486,0.49237156,,,,
230054_at,0.05817317,0.26490154,,,,
237708_at,0.05821017,-0.11425847,,,,
237060_at,0.05821777,-0.21705489,,,,
217106_x_at,0.05821894,0.21312404,,,,
234183_at,0.05823282,-0.08777655,,,,
210017_at,0.05823829,0.41090424,,,,
1552367_a_at,0.05824027,-0.61369723,,,,
226619_at,0.05824561,0.26810292,,,,
1555738_at,0.05825666,-0.15600671,,,,
208390_s_at,0.05829524,-0.16044722,,,,
241447_at,0.05830631,-0.12770152,,,,
229665_at,0.05830873,0.51487892,,,,
215098_at,0.05830979,-0.11947687,,,,
237602_at,0.05832354,0.08653349,,,,
239323_at,0.05833854,0.16591902,,,,
206604_at,0.05834273,-0.28511238,,,,
243210_at,0.05837313,-0.18396545,,,,
228393_s_at,0.0583898,0.53241487,,,,
234965_at,0.05841435,-0.11740185,,,,
226660_at,0.05841581,0.25609841,,,,
226977_at,0.05844118,-0.35030425,,,,
218768_at,0.05844673,0.40793044,,,,
202960_s_at,0.05846989,0.39570477,,,,
244524_at,0.05847501,-0.43853253,,,,
1563260_at,0.05848311,-0.11257907,,,,
236133_x_at,0.05848616,0.35217781,,,,
1553646_at,0.05848632,0.37099487,,,,
231098_at,0.05851117,0.73594149,,,,
230697_at,0.05853151,0.27921859,,,,
1568779_a_at,0.05853879,0.39498678,,,,
224429_x_at,0.05854522,-0.14782112,,,,
213206_at,0.05854631,0.25865215,,,,
205665_at,0.05858916,0.33365089,,,,
206205_at,0.05862551,0.36324605,,,,
1553993_s_at,0.05863607,-0.26954257,,,,
239125_at,0.05863683,0.19314057,,,,
200614_at,0.0586398,0.18629543,,,,
230334_at,0.05864541,0.22240258,,,,
239706_x_at,0.05867121,-0.15348669,,,,
244110_at,0.05867935,-0.32217683,,,,
236483_at,0.05868814,0.19693854,,,,
55705_at,0.05869626,-0.18351941,,,,
229101_at,0.05869676,-0.26921859,,,,
207674_at,0.05871015,-0.17872925,,,,
219988_s_at,0.05871053,-0.23975969,,,,
243321_at,0.05872618,-0.11105166,,,,
202629_at,0.05873875,0.27295161,,,,
1559344_at,0.05874165,-0.09752369,,,,
230747_s_at,0.05879141,0.42578941,,,,
241815_at,0.05883458,0.53326985,,,,
237992_at,0.05884392,-0.13964297,,,,
211742_s_at,0.05884581,-0.55732985,,,,
227814_at,0.05887329,0.28020558,,,,
1557878_at,0.05888624,-0.09817676,,,,
231788_at,0.05890052,-0.3228635,,,,
221655_x_at,0.05890807,-0.40229772,,,,
220666_at,0.0589151,0.09710341,,,,
210341_at,0.05893683,-0.3445134,,,,
41657_at,0.05894903,-0.18682904,,,,
1558365_at,0.05895741,-0.42361567,,,,
212756_s_at,0.05896119,0.21861614,,,,
221420_at,0.0589843,-0.13566459,,,,
1553033_at,0.05902109,-0.1404808,,,,
216260_at,0.05903355,0.19031843,,,,
211121_s_at,0.05903737,-0.27212297,,,,
216736_at,0.05905413,-0.13682939,,,,
239715_at,0.05907511,0.38887451,,,,
1553227_s_at,0.05909815,0.28429694,,,,
1554646_at,0.05914272,-0.14769511,,,,
241491_at,0.05914622,-0.10471288,,,,
235093_at,0.05917297,0.27135486,,,,
212030_at,0.05920125,0.25192998,,,,
1555294_a_at,0.05920441,0.29589624,,,,
210974_s_at,0.05921212,-0.42784581,,,,
1557649_at,0.05921959,-0.18136705,,,,
217022_s_at,0.05922286,-1.23082057,,,,
239362_at,0.05922318,-0.13227101,,,,
230275_at,0.0592246,0.34143639,,,,
205607_s_at,0.05923086,0.29345875,,,,
223853_at,0.05924879,-0.22531295,,,,
219203_at,0.05925167,0.27107928,,,,
234942_s_at,0.05925943,-0.45844025,,,,
1569300_at,0.05926283,-0.09059749,,,,
219765_at,0.05927034,0.32711462,,,,
1561693_at,0.0592722,-0.14481044,,,,
244439_at,0.05928219,-0.52284605,,,,
200748_s_at,0.0592842,-0.2158938,,,,
212752_at,0.05928965,0.22563462,,,,
233230_s_at,0.05929375,-0.41578517,,,,
228169_s_at,0.05931027,0.1389583,,,,
217748_at,0.05932575,-0.26965926,,,,
226477_at,0.05933432,-0.26963874,,,,
1552766_at,0.05934132,0.78817265,,,,
210009_s_at,0.05934969,0.23878911,,,,
1552516_a_at,0.05935113,-0.35672506,,,,
202706_s_at,0.05935515,0.28430461,,,,
218629_at,0.05936466,0.22691256,,,,
233574_at,0.05937721,-0.13156247,,,,
237851_at,0.05937955,0.17509797,,,,
240479_at,0.05938711,-0.20571833,,,,
234423_x_at,0.05939075,0.22701955,,,,
236807_at,0.05939233,-0.12620456,,,,
1569172_a_at,0.05941484,-0.15741189,,,,
1566973_at,0.0594265,-0.15343138,,,,
205504_at,0.05943807,-0.4209871,,,,
242003_at,0.05945057,0.20259665,,,,
235801_at,0.05945349,0.68477052,,,,
231978_at,0.0594772,0.2991017,,,,
221460_at,0.05948089,-0.16226103,,,,
227397_at,0.0594871,-0.14707682,,,,
222180_at,0.05949186,0.22033747,,,,
242299_at,0.05950166,-0.09856787,,,,
236679_x_at,0.05951395,0.22386772,,,,
1558334_a_at,0.05952818,-0.17077515,,,,
228696_at,0.05953025,-0.51741266,,,,
244788_at,0.05953716,0.33053004,,,,
203519_s_at,0.05958272,0.18506719,,,,
211133_x_at,0.05959981,-0.25715666,,,,
243185_at,0.0596012,-0.10809257,,,,
232543_x_at,0.05960172,-0.41780244,,,,
212930_at,0.05960333,0.42960186,,,,
222377_at,0.05961153,-0.28902482,,,,
1569709_at,0.05961843,-0.10338981,,,,
216342_x_at,0.05965144,-0.18739135,,,,
214214_s_at,0.05966229,0.25032892,,,,
236936_at,0.05967035,0.62704891,,,,
1552698_at,0.05967149,-0.20465245,,,,
216503_s_at,0.05967852,0.27409046,,,,
206444_at,0.05970695,-0.10662613,,,,
225153_at,0.05974095,0.27075898,,,,
1570569_at,0.05974583,-0.10834469,,,,
240376_s_at,0.05978007,0.27101591,,,,
220424_at,0.05979034,-0.14211612,,,,
230707_at,0.05979828,-0.24630148,,,,
209617_s_at,0.05981225,0.64533264,,,,
242411_at,0.05981685,-0.14269461,,,,
202659_at,0.05982012,-0.36503761,,,,
242390_at,0.05982053,-0.14291661,,,,
215544_s_at,0.05983674,0.16168031,,,,
214220_s_at,0.05984128,0.29575714,,,,
234760_at,0.05984959,-0.14841739,,,,
210470_x_at,0.05986984,-0.30973565,,,,
240019_at,0.05987868,-0.11037744,,,,
214685_at,0.05990783,0.07339923,,,,
219812_at,0.05993308,-0.47769304,,,,
237554_at,0.05994272,0.18742923,,,,
1554448_at,0.05994646,-0.15215373,,,,
1556426_at,0.05994666,-0.11421225,,,,
229088_at,0.05995473,0.66072979,,,,
232701_at,0.05996947,-0.19098646,,,,
228227_at,0.05998681,-0.15351066,,,,
225449_at,0.05999784,-0.27483573,,,,
240628_at,0.06002551,-0.11094892,,,,
216573_at,0.06003281,-0.32068476,,,,
210739_x_at,0.06003559,-0.43836018,,,,
230138_at,0.06004574,-0.14640036,,,,
233069_at,0.06004892,-0.15946197,,,,
213833_x_at,0.06005673,-0.13986101,,,,
234165_at,0.06007063,-0.26053754,,,,
240732_at,0.06007292,-0.14618494,,,,
202527_s_at,0.06008332,0.32637037,,,,
202365_at,0.06008915,0.25401948,,,,
204905_s_at,0.06009356,0.33465394,,,,
1569013_s_at,0.06010621,-0.26805432,,,,
213818_x_at,0.06010716,-0.22445279,,,,
239142_at,0.06011957,0.31708215,,,,
205986_at,0.06012152,-0.2406418,,,,
1557993_at,0.06012327,-0.12835042,,,,
1563077_at,0.06013161,0.16990774,,,,
215739_s_at,0.06017235,-0.4897272,,,,
229498_at,0.06021518,0.66089294,,,,
1560397_s_at,0.06021731,-0.20059017,,,,
238636_at,0.06023787,-0.24010119,,,,
227389_x_at,0.06023865,-0.1265528,,,,
231920_s_at,0.06025189,0.24539768,,,,
235941_s_at,0.06025286,0.26039135,,,,
208151_x_at,0.06025919,-0.42110055,,,,
242747_at,0.06026309,-0.1149792,,,,
214487_s_at,0.06029114,-0.41848341,,,,
202543_s_at,0.06032736,0.32299418,,,,
234486_at,0.06036531,-0.16211296,,,,
1561003_at,0.06037766,-0.08885724,,,,
208230_s_at,0.06038488,-0.17097673,,,,
216488_s_at,0.06042121,-0.38628291,,,,
1557370_s_at,0.06042177,-0.28413192,,,,
225635_s_at,0.06043037,-0.27737748,,,,
212663_at,0.06043771,-0.23438257,,,,
208158_s_at,0.06045727,0.42836911,,,,
1560372_at,0.06047825,-0.07232268,,,,
1552676_at,0.06048787,-0.12560557,,,,
203290_at,0.06049038,-1.17353758,,,,
211156_at,0.06049221,-0.14343566,,,,
209793_at,0.06050454,-0.21123224,,,,
1568734_a_at,0.06051036,-0.10523787,,,,
214388_at,0.0605194,-0.10365375,,,,
240252_at,0.06053863,-0.13327344,,,,
1563655_at,0.06054252,-0.11653421,,,,
201247_at,0.06054372,-0.30646636,,,,
215717_s_at,0.06054405,0.19375496,,,,
226011_at,0.06055659,-0.15683384,,,,
203341_at,0.06058723,0.2391406,,,,
1570623_at,0.06058865,0.14519711,,,,
228258_at,0.06060458,-0.36248315,,,,
235044_at,0.06061414,0.59200765,,,,
234849_at,0.06061809,-0.15886751,,,,
202079_s_at,0.06062407,-0.31636872,,,,
223032_x_at,0.06063445,-0.25854239,,,,
240754_at,0.06064846,-0.10215555,,,,
222110_at,0.06065545,0.22995439,,,,
212055_at,0.06065698,0.38494702,,,,
1569042_at,0.0606576,-0.12499308,,,,
218386_x_at,0.06066627,0.2333916,,,,
230142_s_at,0.06066739,-0.30450604,,,,
1555722_at,0.0606732,-0.1356274,,,,
1569545_at,0.06068528,-0.09803769,,,,
217670_at,0.0606874,-0.12814779,,,,
215698_at,0.06069195,0.37642597,,,,
213633_at,0.06069527,-0.20311025,,,,
238078_at,0.06071289,0.28260654,,,,
226691_at,0.06074332,-0.22533574,,,,
217826_s_at,0.06074456,-0.31364671,,,,
215264_at,0.06074677,-0.08587476,,,,
212569_at,0.0607581,0.34690064,,,,
242914_at,0.060762,-0.10241739,,,,
238261_at,0.06080047,-0.14969816,,,,
1561365_at,0.06081276,-0.18098147,,,,
230129_at,0.0608237,0.35146867,,,,
1560257_at,0.06084118,-0.11976159,,,,
239366_at,0.06084224,0.22860938,,,,
239019_at,0.06085007,0.28274532,,,,
1562245_a_at,0.06086093,0.37728262,,,,
213609_s_at,0.06088027,-0.36021705,,,,
225937_at,0.06090319,0.44594964,,,,
215066_at,0.06093101,0.29090134,,,,
1555815_a_at,0.0609331,-0.27653079,,,,
228189_at,0.06094448,0.27125273,,,,
200861_at,0.060959,-0.21026607,,,,
233742_at,0.06096775,-0.13356002,,,,
1553032_at,0.0609781,-0.13608988,,,,
216498_at,0.06099226,-0.10120539,,,,
211730_s_at,0.06099439,-0.29254966,,,,
240913_at,0.06099464,0.23410005,,,,
1556412_at,0.06099955,-0.13938676,,,,
224368_s_at,0.06100266,-0.40152503,,,,
1562330_s_at,0.06105089,-0.10375467,,,,
238089_at,0.06106107,0.25312605,,,,
211666_x_at,0.06107411,-0.23657231,,,,
212559_at,0.061094,-0.19866026,,,,
221508_at,0.06112442,-0.1933793,,,,
207366_at,0.0611287,-0.20386944,,,,
212245_at,0.06113825,0.23478432,,,,
218432_at,0.06113996,0.22915608,,,,
232765_x_at,0.06114877,-0.16171925,,,,
223714_at,0.06114977,0.47179073,,,,
213452_at,0.06115539,0.33431857,,,,
208105_at,0.06116395,-0.09249937,,,,
207353_s_at,0.06116674,-0.18585231,,,,
205218_at,0.06116929,0.25314571,,,,
233043_at,0.06118056,-0.10581653,,,,
1555664_at,0.06118793,-0.0965758,,,,
1562384_at,0.061196,-0.09608783,,,,
232707_at,0.06120817,-0.83123318,,,,
220414_at,0.06120952,1.26556891,,,,
239875_at,0.06122027,-0.11507967,,,,
244553_at,0.06122664,-0.27119532,,,,
216447_at,0.06127347,0.11158056,,,,
206676_at,0.06128163,-0.51320942,,,,
1560552_a_at,0.06130513,-0.10707373,,,,
236963_at,0.06131011,0.26029506,,,,
1569840_at,0.0613156,-0.10190847,,,,
226988_s_at,0.06132441,-0.47798808,,,,
1561572_at,0.06133601,-0.14328209,,,,
219959_at,0.0613498,0.66585098,,,,
234867_at,0.06134992,-0.11521341,,,,
1559675_at,0.06137398,-0.19702109,,,,
211988_at,0.0614151,0.27072622,,,,
244053_at,0.06142815,-0.22702699,,,,
230703_at,0.06143238,-0.39481258,,,,
215606_s_at,0.06143479,0.34691621,,,,
239518_at,0.06146456,-0.10928906,,,,
225359_at,0.06146664,0.28339152,,,,
210638_s_at,0.06148993,0.22519605,,,,
227510_x_at,0.06149456,-0.69735539,,,,
205498_at,0.06153917,1.05762237,,,,
222764_at,0.06154142,-0.6955164,,,,
231522_at,0.06154281,-0.11728126,,,,
1556697_at,0.0615451,-0.18287588,,,,
1559400_s_at,0.0615884,0.25864508,,,,
1557348_at,0.06159985,-0.24133369,,,,
209227_at,0.06161544,0.682949,,,,
1556492_a_at,0.06163852,0.10989785,,,,
217170_at,0.06164626,-0.12305782,,,,
221344_at,0.06166533,-0.10383722,,,,
1554234_at,0.06168161,0.1981105,,,,
221463_at,0.06171026,-0.46369778,,,,
211581_x_at,0.06171313,-0.48836551,,,,
1561346_at,0.06175213,-0.24999295,,,,
203035_s_at,0.06176719,0.38143847,,,,
1562032_at,0.06177736,-0.0997416,,,,
1556082_a_at,0.06181022,-0.20716163,,,,
226325_at,0.06182595,0.57176995,,,,
205903_s_at,0.06184258,0.25292852,,,,
226464_at,0.06185057,0.3150741,,,,
207646_s_at,0.06185932,-0.11430239,,,,
222005_s_at,0.0618725,-0.11376566,,,,
212781_at,0.06187778,0.19533137,,,,
217693_x_at,0.06189339,0.18967001,,,,
1561225_at,0.06189801,-0.12375846,,,,
243340_at,0.06191739,-0.15927203,,,,
1567035_at,0.06194071,-0.16230601,,,,
243248_at,0.06196147,-0.13383878,,,,
208130_s_at,0.06197142,-0.39706333,,,,
221060_s_at,0.06198426,-0.5051655,,,,
213078_x_at,0.06198555,-0.42185756,,,,
216650_at,0.06199733,-0.19965032,,,,
231080_at,0.06200882,-0.15583254,,,,
1563743_at,0.06202193,-0.14734371,,,,
1553024_at,0.06208247,-0.0663764,,,,
210508_s_at,0.06209164,-0.50740054,,,,
1558972_s_at,0.0621022,-0.5241608,,,,
220003_at,0.06210711,-0.23858147,,,,
202574_s_at,0.06210843,-0.2508675,,,,
1570106_at,0.06211472,-0.10687387,,,,
227316_at,0.06212079,-0.22837646,,,,
1557707_at,0.06213958,0.14902301,,,,
238845_at,0.06214333,0.13020732,,,,
240389_at,0.06215853,-0.20285738,,,,
214863_at,0.06217575,-0.12613638,,,,
219784_at,0.06218985,-0.13960266,,,,
243413_at,0.06220042,0.37478581,,,,
208117_s_at,0.06220168,-0.19211008,,,,
231729_s_at,0.06220938,0.87550205,,,,
219616_at,0.06221116,0.56528779,,,,
1554938_a_at,0.06224263,-0.24310504,,,,
243099_at,0.06225848,-0.2975919,,,,
242895_x_at,0.06230079,-0.15345534,,,,
241374_at,0.06232378,0.22284209,,,,
209415_at,0.06232554,-0.12411135,,,,
204625_s_at,0.06233376,-0.21731075,,,,
1555004_a_at,0.06233828,-0.30486418,,,,
218440_at,0.06237594,0.38544691,,,,
1559044_at,0.06237611,0.13397929,,,,
223448_x_at,0.06238592,0.17432687,,,,
224529_s_at,0.0623962,-0.11219336,,,,
224258_at,0.06242018,-0.11905861,,,,
1556796_at,0.06244553,-0.10396838,,,,
238830_at,0.06248439,-0.09907364,,,,
1570039_at,0.06249757,0.40703357,,,,
229316_at,0.06249967,-0.14910068,,,,
209869_at,0.06251,-0.80442382,,,,
227054_at,0.06252573,0.35024069,,,,
1553857_at,0.06253165,-0.24534674,,,,
1566285_at,0.06254826,-0.08693589,,,,
202248_at,0.06256731,-0.18358831,,,,
207005_s_at,0.06257814,0.14286672,,,,
223176_at,0.06259639,0.26657488,,,,
215403_at,0.06260747,-0.10527319,,,,
216830_at,0.06261908,-0.14371007,,,,
207224_s_at,0.06265412,-0.44181419,,,,
204405_x_at,0.06265701,0.19895489,,,,
1562765_at,0.06265715,-0.10289027,,,,
227907_at,0.06266109,-0.16692175,,,,
206880_at,0.06266221,-0.13465102,,,,
204269_at,0.0627103,-0.3289941,,,,
1558466_at,0.06271564,0.24588709,,,,
1560034_a_at,0.062726,-0.33737356,,,,
222933_at,0.06272697,-0.12076482,,,,
227124_at,0.06273885,0.26254321,,,,
201050_at,0.06275592,-0.45288219,,,,
236394_at,0.06276671,-0.13669581,,,,
217074_at,0.06278501,-0.15801311,,,,
241879_at,0.06282351,0.36772321,,,,
203352_at,0.0628416,0.28171307,,,,
211185_s_at,0.0628744,0.19990904,,,,
202698_x_at,0.06288701,-0.18177964,,,,
237662_at,0.06292253,-0.14428981,,,,
229511_at,0.06299996,0.51199235,,,,
1567244_at,0.06300226,-0.08998496,,,,
242402_x_at,0.06305794,0.21573229,,,,
1560300_a_at,0.06305934,-0.13895675,,,,
240487_at,0.06309461,-0.09315103,,,,
224512_s_at,0.06309558,0.26321439,,,,
234376_at,0.06314933,-0.12815546,,,,
1561595_x_at,0.06316425,-0.14195495,,,,
226884_at,0.06316468,0.99995525,,,,
221278_at,0.06317874,-0.22312969,,,,
229850_at,0.06318101,0.35916552,,,,
201588_at,0.06319754,0.18641764,,,,
224778_s_at,0.06320008,0.3138034,,,,
203608_at,0.06320039,0.70875208,,,,
1561699_a_at,0.06320516,-0.07933367,,,,
215788_at,0.06323005,-0.1511688,,,,
206511_s_at,0.06325605,0.42664619,,,,
244124_at,0.06326115,-0.11154686,,,,
215389_s_at,0.0632669,0.41370561,,,,
1558345_a_at,0.0632683,0.37792552,,,,
229738_at,0.06328128,-0.30223341,,,,
232453_at,0.06328906,0.28783415,,,,
241457_at,0.06329021,0.73228715,,,,
1569596_at,0.06331474,-0.09747557,,,,
1566861_at,0.06331905,-0.1074909,,,,
213970_at,0.06336151,0.26038131,,,,
238766_at,0.06336762,0.34249363,,,,
205079_s_at,0.06336993,0.54804689,,,,
241571_at,0.06338806,-0.1135288,,,,
225164_s_at,0.0634018,0.28515105,,,,
1570388_a_at,0.06340519,-0.1372269,,,,
1557404_at,0.06341216,-0.12398504,,,,
229741_at,0.06342982,0.25694407,,,,
226460_at,0.06343331,-0.37891024,,,,
1552737_s_at,0.06343717,-0.35555459,,,,
1566709_at,0.06345169,-0.12328808,,,,
220321_s_at,0.06346559,0.32283581,,,,
234487_at,0.06346956,-0.10383967,,,,
227184_at,0.06347227,-0.36537525,,,,
1568859_a_at,0.06349449,-0.14514974,,,,
220233_at,0.06350021,0.53382134,,,,
238365_s_at,0.06352768,-0.16880283,,,,
239978_at,0.06353516,0.37942638,,,,
206814_at,0.06353658,0.1725206,,,,
227768_at,0.06355032,0.1854061,,,,
243559_at,0.06356,0.11320152,,,,
207611_at,0.06357108,-0.13340765,,,,
1559956_at,0.06358477,-0.09547709,,,,
1563357_at,0.06359051,0.38989183,,,,
214500_at,0.0636073,-0.41145266,,,,
1553482_at,0.06360785,0.10112438,,,,
210825_s_at,0.06360904,0.39587123,,,,
1564691_at,0.06362265,-0.09807738,,,,
1557372_at,0.06362551,0.27284899,,,,
212925_at,0.06362703,-0.69719638,,,,
1553204_at,0.06363269,-0.12605594,,,,
210273_at,0.06364013,-0.35919593,,,,
225992_at,0.06364237,0.25445432,,,,
221203_s_at,0.06364474,0.31303903,,,,
216937_s_at,0.06367859,-0.12052574,,,,
202097_at,0.06369071,0.26241424,,,,
1552453_a_at,0.06369446,-0.09229647,,,,
207309_at,0.06371087,-0.12840439,,,,
219878_s_at,0.06371829,-0.3304252,,,,
209537_at,0.06372341,0.36408301,,,,
201599_at,0.06373389,0.38686701,,,,
214366_s_at,0.06374296,-0.55834999,,,,
228774_at,0.06377122,0.2816098,,,,
231854_at,0.06378394,0.23042244,,,,
237048_at,0.06380385,0.29625624,,,,
1563296_at,0.0638241,-0.10180224,,,,
1569532_a_at,0.06382428,-0.37809335,,,,
1561846_s_at,0.06383441,-0.10417952,,,,
1554588_a_at,0.0638466,0.35939027,,,,
221399_at,0.06385861,-0.17479661,,,,
217854_s_at,0.06386347,-0.31705424,,,,
218232_at,0.06389084,-0.559703,,,,
201822_at,0.06393575,0.27215029,,,,
200059_s_at,0.06393931,-0.17567663,,,,
216003_at,0.06394668,-0.1173263,,,,
203830_at,0.06395426,0.354767,,,,
202101_s_at,0.06395507,-0.35644434,,,,
237861_at,0.06396506,-0.12872599,,,,
223140_s_at,0.06402727,0.25661269,,,,
222313_at,0.06403137,0.42886253,,,,
229453_at,0.06404158,0.33684496,,,,
234771_at,0.06405816,-0.10294619,,,,
239154_at,0.06408994,0.3721793,,,,
214306_at,0.06410364,0.32510293,,,,
241685_x_at,0.06410657,-0.37420989,,,,
208730_x_at,0.06413361,0.34754004,,,,
218633_x_at,0.06414227,0.20541318,,,,
238693_at,0.06414517,0.39610327,,,,
201633_s_at,0.06414796,-0.39119683,,,,
219946_x_at,0.06416781,-0.37047695,,,,
1564637_a_at,0.0641682,0.2154313,,,,
217096_at,0.06416872,-0.11548986,,,,
228389_at,0.06417884,0.21993964,,,,
239300_at,0.06418429,0.36146668,,,,
1569171_a_at,0.0642052,-0.10751576,,,,
213997_at,0.06423637,-0.21087062,,,,
1555740_a_at,0.06424754,-0.28236528,,,,
215633_x_at,0.06427571,-0.48760732,,,,
231238_at,0.06427769,-0.30752063,,,,
230802_at,0.06429024,0.23352707,,,,
207164_s_at,0.06429721,-0.37073407,,,,
1555703_at,0.0643123,-0.13701647,,,,
220378_at,0.06431536,0.15519641,,,,
234615_at,0.06432285,-0.09444106,,,,
206899_at,0.06433716,-0.15997456,,,,
223755_at,0.06435744,-0.13744137,,,,
1557303_at,0.06437208,-0.26150649,,,,
227513_s_at,0.06440075,-0.32712703,,,,
216760_at,0.06440353,-0.16096679,,,,
1565565_at,0.06441419,-0.11307816,,,,
242408_at,0.06442392,0.31201001,,,,
222162_s_at,0.06442729,0.54320591,,,,
207236_at,0.06444525,0.46070787,,,,
1554835_a_at,0.06447041,-0.44866259,,,,
1553641_a_at,0.06448039,-0.13896729,,,,
237100_at,0.06456543,-0.09846418,,,,
207429_at,0.06457513,-0.15012797,,,,
223004_s_at,0.0645829,0.21961807,,,,
1556320_at,0.06458891,-0.18919794,,,,
1563113_at,0.06458926,-0.11670473,,,,
240536_at,0.06460401,-0.08312697,,,,
234365_at,0.06460657,-0.12740661,,,,
232323_s_at,0.06460872,0.37516646,,,,
208814_at,0.06461144,0.33495428,,,,
210097_s_at,0.06462724,0.23063854,,,,
238814_at,0.06464821,-0.11580462,,,,
208245_at,0.06465928,0.08810492,,,,
242935_at,0.0646646,-0.24016529,,,,
210023_s_at,0.06468062,-0.34773187,,,,
203852_s_at,0.0646837,0.24249445,,,,
225727_at,0.06468576,-0.43264527,,,,
207009_at,0.06468683,-0.5035208,,,,
212732_at,0.06468876,0.55228442,,,,
235826_at,0.06470176,0.21530539,,,,
239037_at,0.06471498,-0.1266732,,,,
215487_x_at,0.06471839,0.13527354,,,,
232828_at,0.06472341,-0.1318383,,,,
210475_at,0.06472641,-0.12372641,,,,
205246_at,0.06474025,0.34882201,,,,
208936_x_at,0.06474428,0.39599831,,,,
213041_s_at,0.06475727,-0.26482974,,,,
233741_at,0.06476059,-0.09924554,,,,
212060_at,0.06476183,0.27479409,,,,
206313_at,0.06478834,-0.33634727,,,,
234345_at,0.06482743,-0.109682,,,,
1563190_at,0.0648319,-0.09086391,,,,
1553658_at,0.0648474,-0.12363478,,,,
229193_at,0.06484849,0.35992772,,,,
1560240_at,0.06485061,-0.15477171,,,,
201724_s_at,0.06485946,0.31127917,,,,
1569074_at,0.06486854,-0.1408649,,,,
1556873_at,0.06487532,0.08267736,,,,
238086_at,0.06487744,-0.14767813,,,,
228472_at,0.06488166,-0.24966533,,,,
211520_s_at,0.06488824,-0.08553735,,,,
207902_at,0.06489353,-0.10852192,,,,
241768_at,0.06491116,-0.15347171,,,,
230505_at,0.06492274,0.18786146,,,,
230035_at,0.06493021,0.17295596,,,,
223012_at,0.06493802,0.2341176,,,,
206723_s_at,0.06495413,0.37193601,,,,
231487_at,0.0649927,0.08257877,,,,
238448_at,0.06503689,0.26117159,,,,
218827_s_at,0.06505272,0.33295939,,,,
208719_s_at,0.06505737,-0.55985036,,,,
236749_at,0.06508074,0.18617289,,,,
207723_s_at,0.06508219,-0.28155883,,,,
204897_at,0.065092,-0.5070289,,,,
209242_at,0.06511894,1.10252563,,,,
1552501_a_at,0.0651234,-0.21030045,,,,
1552675_at,0.06514545,0.05757862,,,,
211137_s_at,0.06516393,0.29589421,,,,
222816_s_at,0.06517335,0.38903848,,,,
222295_x_at,0.06525215,-0.11336138,,,,
207758_at,0.06526538,0.23227128,,,,
210278_s_at,0.06532687,0.38506971,,,,
1554318_at,0.06534529,-0.18191598,,,,
207377_at,0.06535637,-0.11208138,,,,
232663_s_at,0.06536403,-0.15817181,,,,
228399_at,0.06537199,0.84884465,,,,
1560043_at,0.06539663,-0.10369531,,,,
1552912_a_at,0.06540042,-0.14756225,,,,
201494_at,0.06541006,0.33472662,,,,
225305_at,0.06541427,0.32441552,,,,
1562411_at,0.06542593,-0.15440691,,,,
217396_at,0.06544455,-0.11611927,,,,
234598_at,0.0654593,-0.12988074,,,,
229849_at,0.06546246,0.59187846,,,,
237507_at,0.06555235,-0.13855669,,,,
206174_s_at,0.06555322,-0.33691404,,,,
240648_at,0.06557026,-0.14912177,,,,
220792_at,0.06558049,-0.14748279,,,,
221930_at,0.06558222,-0.11115958,,,,
238750_at,0.06559224,-0.83393143,,,,
207099_s_at,0.06560523,-0.29238417,,,,
229667_s_at,0.06561245,-1.04466715,,,,
241079_at,0.0656148,-0.10088689,,,,
231739_at,0.0656262,0.10460217,,,,
227463_at,0.06562847,-0.37346398,,,,
218778_x_at,0.06566185,-0.25587612,,,,
223254_s_at,0.0656736,0.35136222,,,,
226478_at,0.06567437,0.34043424,,,,
219349_s_at,0.06567719,0.34646869,,,,
221866_at,0.0657257,-0.20316013,,,,
226093_at,0.06573699,0.29823773,,,,
234325_at,0.06576044,-0.08146268,,,,
1570101_at,0.06576314,-0.0824482,,,,
232127_at,0.0657721,0.35458989,,,,
210197_at,0.06579,-0.15038333,,,,
242512_at,0.06579336,0.2781659,,,,
203115_at,0.06579405,0.35314685,,,,
211749_s_at,0.06580889,-0.37983367,,,,
1566580_at,0.06580996,-0.12883746,,,,
1569768_at,0.06583016,-0.08178814,,,,
236369_at,0.06583593,0.38874057,,,,
232680_at,0.06586084,-0.14211555,,,,
231025_at,0.06588588,-0.15658055,,,,
1570057_x_at,0.0659032,-0.12667098,,,,
236353_at,0.06594572,0.2013188,,,,
231756_at,0.0659483,-0.14742075,,,,
235757_at,0.06595061,0.4751552,,,,
212377_s_at,0.0659582,0.34329335,,,,
205814_at,0.06596676,-0.12298138,,,,
224451_x_at,0.06597362,-0.47549661,,,,
232740_at,0.06598175,0.24397366,,,,
207130_at,0.06600647,-0.14819975,,,,
240551_at,0.0660297,-0.16314456,,,,
233708_at,0.06604083,-0.15698116,,,,
225697_at,0.06604399,0.18974526,,,,
229038_at,0.06604806,0.24021942,,,,
1552800_at,0.0660571,-0.16886527,,,,
210734_x_at,0.06609015,-0.310487,,,,
205237_at,0.0660914,-0.73855034,,,,
1557278_s_at,0.06610912,0.16055281,,,,
227436_at,0.06614496,0.22421877,,,,
200944_s_at,0.06615606,0.23668791,,,,
202621_at,0.0661616,-0.29920859,,,,
210041_s_at,0.06616577,0.27460669,,,,
229808_at,0.06617001,-0.17397788,,,,
230148_at,0.06617233,0.2745312,,,,
200742_s_at,0.06617431,-0.37288968,,,,
225175_s_at,0.06618413,0.44166599,,,,
1553089_a_at,0.06619763,-0.17446374,,,,
235960_at,0.06620029,0.29949715,,,,
1558611_at,0.06622141,-0.09398984,,,,
1556081_at,0.06622318,-0.20903415,,,,
215902_at,0.06624285,-0.10212544,,,,
202882_x_at,0.06624562,0.21795292,,,,
202352_s_at,0.06626731,0.25473009,,,,
221175_at,0.06627355,-0.1245751,,,,
235780_at,0.06629281,-0.54761778,,,,
229749_at,0.06629324,-0.16382485,,,,
239388_at,0.06629722,-0.16094443,,,,
1560881_a_at,0.06632261,-0.12374109,,,,
221024_s_at,0.0663321,0.72987018,,,,
230830_at,0.06634043,-0.5038581,,,,
35617_at,0.06635224,0.21650772,,,,
203749_s_at,0.06638086,0.28014112,,,,
203972_s_at,0.06638168,0.30347511,,,,
203881_s_at,0.066385,0.74043122,,,,
212041_at,0.06640116,-0.3773197,,,,
1567101_at,0.06640962,-0.33314989,,,,
214839_at,0.0664164,-0.277218,,,,
237735_at,0.0664285,-0.15451298,,,,
239094_at,0.06643561,-0.13891055,,,,
1556479_at,0.06646411,-0.14583515,,,,
204283_at,0.06648114,0.28038274,,,,
211902_x_at,0.06648266,-0.47425258,,,,
205188_s_at,0.06648508,0.30914964,,,,
210372_s_at,0.0665037,0.78258243,,,,
216920_s_at,0.06652763,-0.70059023,,,,
205643_s_at,0.06655632,-0.13976337,,,,
240280_at,0.06656514,0.19960113,,,,
244481_at,0.0665785,0.19274632,,,,
222144_at,0.06660286,-0.20759444,,,,
205692_s_at,0.06662255,-0.42368281,,,,
241758_at,0.06662711,-0.09752741,,,,
215939_at,0.06663977,-0.10106447,,,,
211684_s_at,0.06664828,0.19613473,,,,
233003_at,0.06666208,-0.12901816,,,,
231215_at,0.06666931,0.31665248,,,,
1561879_at,0.06666977,-0.09708666,,,,
1561191_at,0.06667608,-0.08620578,,,,
212562_s_at,0.06668133,-0.19076514,,,,
233159_at,0.06669063,-0.12746045,,,,
212595_s_at,0.06670521,-0.34834961,,,,
215371_at,0.06673262,-0.13783769,,,,
1563324_at,0.06674884,-0.15007163,,,,
223909_s_at,0.06675899,-0.21508057,,,,
1555415_at,0.06676008,-0.09851634,,,,
203395_s_at,0.06677409,0.38768973,,,,
1565775_at,0.0667966,-0.12435275,,,,
1569716_at,0.06679796,0.08282936,,,,
223578_x_at,0.06680633,-0.56002594,,,,
207736_s_at,0.06681403,-0.07933873,,,,
201395_at,0.06681478,-0.19773389,,,,
220404_at,0.06684184,-0.17151675,,,,
235051_at,0.06684844,0.36185696,,,,
1553875_s_at,0.06685739,-0.15582256,,,,
214575_s_at,0.06686428,-0.25412093,,,,
238686_at,0.06691044,0.35866905,,,,
211182_x_at,0.06691507,-0.14319341,,,,
204152_s_at,0.06691733,-0.26613784,,,,
222249_at,0.06691888,-0.32687948,,,,
239077_at,0.0669374,-0.30590536,,,,
218239_s_at,0.06694349,0.3252827,,,,
207323_s_at,0.06696216,-0.16140087,,,,
210356_x_at,0.06697709,-0.57356813,,,,
1553367_a_at,0.06700836,-0.16836326,,,,
203116_s_at,0.06702802,0.32135009,,,,
214221_at,0.06702935,0.35967558,,,,
228050_at,0.06704155,0.29518806,,,,
237954_x_at,0.06704317,0.14463338,,,,
225281_at,0.0670439,0.23705473,,,,
229970_at,0.06711078,0.3493187,,,,
208457_at,0.06711311,-0.16393932,,,,
207823_s_at,0.0671208,-0.13716988,,,,
233840_at,0.06713888,0.12598428,,,,
217078_s_at,0.06714853,-0.47604238,,,,
32128_at,0.06717454,-1.01104457,,,,
224306_at,0.06717623,-0.11236909,,,,
1560493_a_at,0.06719936,-0.12024072,,,,
1556847_s_at,0.06720828,0.11740957,,,,
1562505_at,0.06720928,-0.12183446,,,,
218061_at,0.06721999,0.26822062,,,,
1561194_at,0.06722858,-0.10747532,,,,
231066_s_at,0.06723221,-0.11855878,,,,
1561232_at,0.06723385,-0.09734592,,,,
238582_at,0.06725775,-0.13990289,,,,
208534_s_at,0.06726156,-0.33610858,,,,
40420_at,0.06731585,-0.30926699,,,,
243890_at,0.06734564,-0.12792657,,,,
218607_s_at,0.06734855,-0.23157523,,,,
1553728_at,0.06735711,-0.18451392,,,,
207782_s_at,0.06738006,-0.36268863,,,,
226276_at,0.06738654,0.26155736,,,,
244089_at,0.06738687,-0.10479575,,,,
214663_at,0.06738937,0.35165591,,,,
1563607_x_at,0.06739403,-0.12254641,,,,
217819_at,0.06739721,0.22835321,,,,
1555990_at,0.06741758,-0.15526872,,,,
213189_at,0.06743705,0.27275919,,,,
243156_at,0.06744306,-0.10647938,,,,
223686_at,0.06744909,-0.43453975,,,,
1556224_a_at,0.06745271,-0.11436756,,,,
1552767_a_at,0.06745762,1.21662608,,,,
225168_at,0.06746767,0.44806562,,,,
242848_x_at,0.06752454,-0.104485,,,,
220987_s_at,0.06753694,-0.58867074,,,,
234259_at,0.06754017,-0.10170802,,,,
214891_at,0.06754317,0.23838265,,,,
231869_at,0.06755692,0.37817117,,,,
229235_at,0.06756737,-0.2776859,,,,
214655_at,0.06757133,0.14084566,,,,
223725_at,0.06757171,-0.13676263,,,,
230329_s_at,0.06758818,0.41269057,,,,
223778_at,0.06760731,-0.16359404,,,,
234743_at,0.06761568,-0.13194999,,,,
1563461_at,0.06762424,0.09360553,,,,
1555439_at,0.06762808,0.25270263,,,,
243429_at,0.06767205,-0.12921486,,,,
203248_at,0.06768166,0.29413419,,,,
226154_at,0.06768502,0.26361726,,,,
1555616_at,0.06768924,-0.22151288,,,,
1563983_at,0.06769844,-0.1256248,,,,
228027_at,0.0677228,0.41418805,,,,
228943_at,0.06774197,-0.27391335,,,,
213094_at,0.06776124,0.8164013,,,,
1569067_at,0.06777,-0.12205087,,,,
1566954_at,0.06778899,-0.13486327,,,,
1563391_at,0.06779346,-0.10540124,,,,
217919_s_at,0.0677963,0.31622877,,,,
1563687_a_at,0.06781972,-0.27674038,,,,
1563809_a_at,0.0678523,-0.16297097,,,,
234223_at,0.06785251,-0.16751776,,,,
218322_s_at,0.06785908,-0.97630031,,,,
222302_at,0.06790016,-0.14040036,,,,
231148_at,0.0679276,-0.79712099,,,,
1552749_a_at,0.06793628,-0.15807257,,,,
233889_at,0.06795281,-0.20519644,,,,
241992_at,0.06797916,0.23319936,,,,
1564391_at,0.06800419,-0.16255393,,,,
213816_s_at,0.06800997,-0.73003652,,,,
202443_x_at,0.0680253,0.32632453,,,,
1560117_at,0.06803305,-0.1197569,,,,
205379_at,0.0680531,0.58437855,,,,
238956_at,0.06806243,-1.05862673,,,,
221011_s_at,0.06808221,-0.46711711,,,,
244743_x_at,0.0680858,0.36307992,,,,
224769_at,0.06808932,0.23347002,,,,
204400_at,0.06809574,0.98058815,,,,
215444_s_at,0.06810088,-0.74765773,,,,
200904_at,0.06810123,-0.36510231,,,,
215644_at,0.06810647,-0.11689924,,,,
222700_at,0.06811181,0.2803369,,,,
240795_at,0.0681151,-0.12728516,,,,
236376_at,0.0681558,-0.12700508,,,,
217190_x_at,0.06816483,0.22930512,,,,
1569673_at,0.06816864,-0.08735748,,,,
1554384_at,0.06818107,-0.31481812,,,,
203912_s_at,0.06818144,-0.30964592,,,,
233628_at,0.06818695,-0.11319864,,,,
1553041_at,0.06821742,-0.11082539,,,,
214656_x_at,0.06822941,0.25657724,,,,
223187_s_at,0.06824107,0.18229536,,,,
213677_s_at,0.06824661,0.32690973,,,,
1567249_at,0.06826017,-0.08965272,,,,
1567286_at,0.06826538,-0.12239341,,,,
1570084_at,0.06826605,-0.10196187,,,,
227101_at,0.06828724,-0.37364915,,,,
219618_at,0.06828808,0.2660675,,,,
236879_at,0.06829219,0.15970471,,,,
1553378_a_at,0.06830048,-0.08721038,,,,
222460_s_at,0.06831023,-0.21568388,,,,
1566029_at,0.06831303,-0.13782759,,,,
234339_s_at,0.06836143,-0.29045714,,,,
206154_at,0.06837387,-0.14110154,,,,
209665_at,0.06838284,-0.26961992,,,,
1562034_at,0.06838678,-0.11041619,,,,
222004_s_at,0.0684276,-0.10493027,,,,
205090_s_at,0.06842879,-0.25114911,,,,
244879_at,0.06846502,-0.13588989,,,,
208074_s_at,0.06847237,-0.37404279,,,,
207509_s_at,0.0684785,-0.3475556,,,,
205371_s_at,0.06849085,0.39080391,,,,
1554642_at,0.06850175,-0.14503646,,,,
240304_s_at,0.06853582,-1.35679705,,,,
232842_at,0.06859312,-0.17112334,,,,
AFFX-BioC-3_at,0.06859699,-0.3619346,,,,
217181_at,0.06861165,-0.11855911,,,,
1554085_at,0.06864291,0.2294461,,,,
226896_at,0.06866294,0.25798612,,,,
209202_s_at,0.06866617,0.18352657,,,,
222709_at,0.06867439,-0.25875542,,,,
226472_at,0.06868358,0.26846343,,,,
211990_at,0.06870247,-0.4390679,,,,
237913_at,0.06870407,-0.1343321,,,,
206168_at,0.06870448,-0.09323244,,,,
214103_s_at,0.06870794,-0.14772789,,,,
207318_s_at,0.06873067,0.17428958,,,,
32029_at,0.06874657,-0.10743445,,,,
222669_s_at,0.06877548,0.24162758,,,,
212158_at,0.06878284,0.61115575,,,,
230631_s_at,0.06880042,-0.31136028,,,,
222554_s_at,0.06883263,-0.15860952,,,,
213674_x_at,0.06883905,-0.69470159,,,,
228168_at,0.06885081,0.31806208,,,,
215088_s_at,0.06885696,0.2571263,,,,
219614_s_at,0.06885871,-0.60965439,,,,
1553927_at,0.06886327,-0.10615175,,,,
206824_at,0.06887434,0.17939637,,,,
235363_at,0.0688767,0.43634164,,,,
228193_s_at,0.06889239,-0.47327623,,,,
212981_s_at,0.0689133,0.29541935,,,,
241085_at,0.06891495,0.12149944,,,,
1570444_at,0.06892499,0.14816241,,,,
1557679_at,0.06896878,-0.14829348,,,,
236096_at,0.0689697,-0.11861376,,,,
223151_at,0.06897071,0.31709933,,,,
231124_x_at,0.06897854,-0.39448205,,,,
204647_at,0.06899245,0.47007541,,,,
221078_s_at,0.06900381,-0.42987318,,,,
221803_s_at,0.06901439,0.26268981,,,,
226245_at,0.06901884,0.62291569,,,,
200784_s_at,0.0690784,-0.25255902,,,,
223353_at,0.0690836,-0.20229405,,,,
228458_at,0.06909249,0.24001442,,,,
1564155_x_at,0.06909751,-0.15295834,,,,
207094_at,0.06909805,-0.12582711,,,,
238434_at,0.0691017,-0.16358472,,,,
203450_at,0.06911017,0.24895422,,,,
230947_at,0.06911583,-0.16771598,,,,
1570450_at,0.06912014,-0.22381879,,,,
223799_at,0.0691205,-0.29983057,,,,
222596_s_at,0.06913054,0.26081808,,,,
225741_at,0.069138,0.23175525,,,,
229987_at,0.06913839,-0.11094296,,,,
231542_at,0.06916421,-0.13103757,,,,
233221_at,0.06920087,-0.15687905,,,,
226577_at,0.06921194,-0.20963561,,,,
240232_at,0.06923911,-0.30652172,,,,
203327_at,0.06924137,0.28966415,,,,
40020_at,0.06924322,-0.40296873,,,,
211498_s_at,0.06924851,-0.22541039,,,,
237319_at,0.06928373,-0.11671343,,,,
1568870_at,0.06929975,-0.30889923,,,,
227008_at,0.06929977,0.23653298,,,,
221944_at,0.06930134,-0.25493622,,,,
222066_at,0.06931056,-0.15469054,,,,
226207_at,0.06931569,0.3704648,,,,
207295_at,0.06932844,-0.08805061,,,,
208183_at,0.06932974,-0.11616719,,,,
242013_at,0.06933333,-0.82072989,,,,
209484_s_at,0.06934895,0.22915257,,,,
204154_at,0.06935631,1.28855895,,,,
219183_s_at,0.06935903,-0.33769199,,,,
234989_at,0.06936899,-0.64064347,,,,
219883_at,0.06936922,-0.17832405,,,,
237012_at,0.06940203,0.14659633,,,,
1562606_a_at,0.06940486,-0.17447621,,,,
237275_at,0.0694334,-0.11040853,,,,
1552988_at,0.06945079,0.18109311,,,,
1569700_s_at,0.0694632,-0.12977257,,,,
206339_at,0.06949067,-0.09210386,,,,
244122_at,0.06949363,-0.11680716,,,,
210708_x_at,0.06949835,-0.18824076,,,,
1554582_a_at,0.0695049,0.27100069,,,,
203537_at,0.06950496,0.24168637,,,,
217529_at,0.06951683,0.44448442,,,,
211026_s_at,0.06953872,-0.56524362,,,,
223179_at,0.06959032,-0.40914899,,,,
238384_x_at,0.0695905,0.07720242,,,,
228592_at,0.06959879,-0.8916366,,,,
201603_at,0.06960422,0.2913758,,,,
208653_s_at,0.06960515,-0.52172162,,,,
1559988_at,0.06962548,-0.1193286,,,,
1557632_at,0.06963884,-0.19360698,,,,
202514_at,0.06963944,0.28353488,,,,
203673_at,0.06964254,-0.27608094,,,,
235853_at,0.06966642,-0.12641335,,,,
243026_x_at,0.06968865,-0.31132318,,,,
226014_at,0.06972407,-0.43840565,,,,
235616_at,0.06972589,0.5601714,,,,
214997_at,0.0697473,0.20286646,,,,
221358_at,0.06977583,-0.11077213,,,,
200715_x_at,0.06978366,-0.19964324,,,,
220630_s_at,0.06978631,-0.45175113,,,,
229018_at,0.06979283,0.25099852,,,,
203380_x_at,0.069808,-0.21368759,,,,
208751_at,0.06984992,-0.44399843,,,,
214343_s_at,0.06985618,0.2806592,,,,
214443_at,0.06987472,-0.2648089,,,,
1554882_at,0.06987666,0.1127861,,,,
1568682_a_at,0.06987946,-0.14106918,,,,
235892_at,0.06988074,-0.7169378,,,,
220701_at,0.06989887,-0.13679994,,,,
216236_s_at,0.06991591,-0.55231277,,,,
239202_at,0.06993806,-0.39430383,,,,
227973_at,0.06994006,0.20859966,,,,
241014_at,0.06997818,0.27834858,,,,
230582_at,0.06999338,-0.10028564,,,,
209034_at,0.07000164,-0.19928757,,,,
1565650_at,0.07001046,-0.08329264,,,,
243867_at,0.07001128,-0.07782423,,,,
242733_at,0.07002436,-0.23642791,,,,
1569241_a_at,0.07004734,0.34480382,,,,
219486_at,0.07008537,-0.15936797,,,,
1556216_s_at,0.07009633,0.51698522,,,,
1565812_at,0.07011145,-0.10292257,,,,
226308_at,0.07011915,0.2446349,,,,
210222_s_at,0.07014897,-0.73801198,,,,
1565740_at,0.07017612,0.09352958,,,,
1554474_a_at,0.07019489,-0.66011724,,,,
207435_s_at,0.07019588,-0.23807645,,,,
1562982_at,0.07019641,-0.07765243,,,,
205109_s_at,0.07024605,0.66787381,,,,
203044_at,0.0702537,0.43373571,,,,
214267_s_at,0.07025597,0.12736653,,,,
222265_at,0.07026093,-0.19196217,,,,
219423_x_at,0.07028987,-0.50509119,,,,
223531_x_at,0.07029134,0.27398304,,,,
236827_at,0.07029695,0.13164019,,,,
240311_at,0.07033794,-0.12052477,,,,
213877_x_at,0.07034203,-0.19387056,,,,
209599_s_at,0.07034559,0.33108974,,,,
212623_at,0.0703528,-0.31877813,,,,
205638_at,0.07036494,-0.43443418,,,,
236746_at,0.07037515,0.11952819,,,,
244278_at,0.0703933,-0.12366521,,,,
218834_s_at,0.07040575,0.49042332,,,,
216053_x_at,0.07041813,0.19742486,,,,
220915_s_at,0.07047213,0.25385302,,,,
1562275_at,0.0704893,0.39593685,,,,
242630_at,0.07049085,0.23731876,,,,
242022_at,0.07051091,0.32360017,,,,
200823_x_at,0.07056494,-0.20890313,,,,
203332_s_at,0.07057778,-0.41429668,,,,
238751_at,0.07060104,0.72255246,,,,
235114_x_at,0.07061385,-0.36687395,,,,
203919_at,0.07063013,0.45301558,,,,
204697_s_at,0.07065102,-0.45158119,,,,
208793_x_at,0.0706569,-0.36638647,,,,
1554920_at,0.0706581,0.06041642,,,,
236249_at,0.07067459,0.45835622,,,,
222758_s_at,0.07067808,0.25744357,,,,
210492_at,0.07068669,0.23267661,,,,
1561375_at,0.07069902,-0.13454307,,,,
207446_at,0.07070735,-0.20059226,,,,
229592_at,0.07071246,-0.17044334,,,,
221365_at,0.07072566,0.10357609,,,,
222136_x_at,0.0707571,0.41334829,,,,
238125_at,0.07076408,0.51610354,,,,
201651_s_at,0.07078385,-0.23399497,,,,
232742_at,0.07080183,-0.11683965,,,,
200992_at,0.07081018,-0.21742146,,,,
215084_s_at,0.07082506,0.29579614,,,,
237686_at,0.07082892,-0.11318499,,,,
237449_at,0.07083864,0.3642402,,,,
202776_at,0.07085061,0.20908046,,,,
224393_s_at,0.07086117,-0.19306429,,,,
229341_at,0.07086155,-0.45874965,,,,
221270_s_at,0.07087483,-0.2666155,,,,
1556929_at,0.07092912,-0.12540546,,,,
1558819_at,0.07093791,-0.38597377,,,,
208309_s_at,0.07095031,0.42881921,,,,
235151_at,0.07097302,0.37208558,,,,
219279_at,0.070979,-0.5239082,,,,
1570593_at,0.07098552,-0.07964812,,,,
241172_at,0.07098608,-0.08804803,,,,
AFFX-r2-Ec-bioC-5_at,0.07099182,-0.38403915,,,,
1555730_a_at,0.07099342,-0.54218308,,,,
208585_at,0.07099434,-0.12492609,,,,
223067_at,0.07100416,0.20241008,,,,
240879_x_at,0.07101836,0.107857,,,,
1552620_at,0.07102204,-0.14988318,,,,
227295_at,0.07104803,0.5348355,,,,
238249_at,0.07105133,-0.1203965,,,,
203354_s_at,0.071052,0.44777236,,,,
226048_at,0.07106138,0.24708647,,,,
1561624_at,0.071062,-0.15106596,,,,
223555_at,0.07109894,0.20690344,,,,
231134_at,0.07112391,-0.10620639,,,,
210195_s_at,0.07113014,-0.14730042,,,,
227168_at,0.07113147,-0.2156182,,,,
204025_s_at,0.07114362,0.24782395,,,,
233307_x_at,0.07115096,-0.11174469,,,,
205462_s_at,0.07120016,-0.42121043,,,,
AFFX-BioDn-5_at,0.07122189,-0.33129318,,,,
234022_at,0.07122864,0.07740655,,,,
207008_at,0.07125373,-0.63027621,,,,
1561136_at,0.07126329,-0.08435723,,,,
224553_s_at,0.07127356,-0.59104944,,,,
204028_s_at,0.07127498,0.24632753,,,,
233513_at,0.07127573,-0.12327785,,,,
241371_at,0.07127996,-0.24333143,,,,
87100_at,0.07128993,-0.56365609,,,,
214866_at,0.07130043,-0.56318198,,,,
235264_at,0.07132327,0.37095954,,,,
213374_x_at,0.07133077,0.36067309,,,,
214470_at,0.07134954,-0.57584321,,,,
226446_at,0.07135886,-0.51623905,,,,
238613_at,0.07136145,0.3571975,,,,
215797_at,0.071369,-0.13882117,,,,
1561616_a_at,0.07139241,-0.16454928,,,,
1557179_s_at,0.07143465,0.13152312,,,,
1567284_at,0.07145185,-0.0854792,,,,
206703_at,0.0714525,0.25602282,,,,
243818_at,0.07145608,-0.41968997,,,,
241623_at,0.07145917,-0.1030684,,,,
211024_s_at,0.07147932,-0.69123682,,,,
241603_at,0.07148197,-0.24501358,,,,
223205_s_at,0.07153456,-0.13713339,,,,
205663_at,0.07154317,-0.19114566,,,,
219892_at,0.07154627,-0.47207555,,,,
227216_at,0.07154673,-0.1390323,,,,
208919_s_at,0.0715587,-0.24009663,,,,
213409_s_at,0.07159721,-0.51275679,,,,
207555_s_at,0.0716063,0.30854424,,,,
240451_at,0.07160769,-0.14218847,,,,
1568846_at,0.07161687,-0.09275935,,,,
1557848_at,0.07164524,-0.13281074,,,,
231071_at,0.07164539,0.29341344,,,,
215777_at,0.07164592,-0.33542309,,,,
1566362_at,0.07165629,-0.08376319,,,,
208519_x_at,0.07168037,-0.15372746,,,,
1567591_at,0.07169525,-0.10098283,,,,
243122_at,0.07170477,-0.10424636,,,,
225922_at,0.07173569,-0.35413249,,,,
203447_at,0.07174973,0.27930585,,,,
210370_s_at,0.07175002,-0.18082697,,,,
1564360_a_at,0.07177025,0.23988476,,,,
238178_at,0.07177029,0.54635247,,,,
219112_at,0.07177423,-0.21050129,,,,
48030_i_at,0.07177966,-0.20846188,,,,
1567319_at,0.07178281,-0.15983611,,,,
202225_at,0.07181745,0.18374616,,,,
218669_at,0.07182289,0.27715608,,,,
216828_at,0.07182365,0.13497836,,,,
241744_x_at,0.07183142,0.2217649,,,,
233644_at,0.07183847,0.17642535,,,,
207490_at,0.07183908,-0.16973753,,,,
1556732_at,0.07185434,-0.1266232,,,,
223310_x_at,0.07186372,0.21625656,,,,
204529_s_at,0.07188099,-0.75466125,,,,
37005_at,0.07188311,-0.56360873,,,,
224228_s_at,0.0718908,-0.08996312,,,,
234599_at,0.07192583,-0.10168469,,,,
1558560_s_at,0.0719453,0.32180711,,,,
1555735_a_at,0.07196596,-0.28981613,,,,
228516_at,0.07201736,0.18399116,,,,
240683_at,0.07202009,-0.15777433,,,,
217530_at,0.07204657,0.10016713,,,,
237995_at,0.0720498,-0.13066707,,,,
216107_at,0.07206257,-0.16077971,,,,
232975_at,0.07207498,0.27690381,,,,
202801_at,0.07207831,0.18373763,,,,
1555282_a_at,0.07210014,-0.22896441,,,,
201593_s_at,0.07210968,0.25618717,,,,
240131_at,0.0721163,-0.13059526,,,,
235993_at,0.07213169,0.19978071,,,,
234546_at,0.07213236,-0.09757359,,,,
231369_at,0.07217068,0.15705522,,,,
216628_at,0.07219758,0.10752567,,,,
200676_s_at,0.07220063,-0.25400336,,,,
1554276_at,0.07220362,-0.1213428,,,,
206958_s_at,0.07221237,-0.29409381,,,,
215761_at,0.07222135,-0.14455882,,,,
1560074_at,0.07222325,-0.12554615,,,,
217246_s_at,0.07222956,-0.2344302,,,,
237327_at,0.07225155,0.3159828,,,,
215321_at,0.07225868,0.70405525,,,,
213814_s_at,0.07227323,-0.16627114,,,,
210248_at,0.072287,-0.42809683,,,,
207617_at,0.07229163,-0.11499092,,,,
227923_at,0.07229949,0.35963237,,,,
213324_at,0.07232985,-0.25643736,,,,
225863_s_at,0.0723345,0.29515543,,,,
208698_s_at,0.07233523,-0.3150018,,,,
1562981_at,0.07235645,-0.10488038,,,,
235488_at,0.07235769,0.15002827,,,,
208186_s_at,0.07238419,-0.26660684,,,,
236594_at,0.07239329,0.28189186,,,,
211651_s_at,0.07241644,0.51467441,,,,
242450_at,0.07241849,-0.32855265,,,,
231845_at,0.07242711,0.23640646,,,,
200044_at,0.07243333,0.19159804,,,,
225799_at,0.07244882,0.45870163,,,,
233244_at,0.07244936,-0.16444048,,,,
230997_at,0.07251415,-0.23247855,,,,
229132_at,0.07251831,0.23773162,,,,
232440_at,0.07252225,-0.19977398,,,,
1569760_at,0.0725244,-0.11291336,,,,
1554241_at,0.07253566,0.2719104,,,,
1562169_at,0.07253879,0.30345682,,,,
222918_at,0.07256598,0.36661081,,,,
244102_at,0.07256666,-0.10884675,,,,
203547_at,0.072568,-0.33741541,,,,
202916_s_at,0.07259159,0.23001006,,,,
215691_x_at,0.0726009,0.2487549,,,,
217952_x_at,0.07261934,0.22063083,,,,
240831_at,0.07262965,-0.13596752,,,,
1552457_a_at,0.07264426,0.22603661,,,,
241759_at,0.0726547,0.32895691,,,,
224884_at,0.07267988,-0.29536118,,,,
1565556_at,0.07268245,-0.15658068,,,,
227554_at,0.07272037,0.50819746,,,,
229323_at,0.07273162,0.34411082,,,,
241197_at,0.07273642,-0.08347214,,,,
230111_at,0.07273778,0.18687729,,,,
233070_at,0.07273913,0.20497401,,,,
227212_s_at,0.07274423,-0.37346352,,,,
236820_at,0.07275534,-0.10674069,,,,
222792_s_at,0.0727642,0.2488296,,,,
208473_s_at,0.0727872,-0.65529247,,,,
214854_at,0.07282859,-0.10754632,,,,
225576_at,0.07286516,0.27715976,,,,
211047_x_at,0.07287276,-0.32383842,,,,
220790_s_at,0.07289083,-0.11718378,,,,
65591_at,0.07290016,-0.14056205,,,,
218587_s_at,0.07294145,0.21816565,,,,
1560225_at,0.07295076,-0.12237899,,,,
236016_at,0.07297544,0.43582532,,,,
219476_at,0.07298372,-1.06716262,,,,
203183_s_at,0.07298767,-0.16556068,,,,
216446_at,0.07301035,-0.14703946,,,,
244301_at,0.07302315,0.14686526,,,,
211497_x_at,0.07302388,-0.26976032,,,,
210998_s_at,0.07306043,-0.31599811,,,,
1552612_at,0.07306138,-0.409018,,,,
1553285_s_at,0.07308411,0.20425369,,,,
239332_at,0.07310101,-0.84038583,,,,
234566_at,0.07310263,-0.12883743,,,,
239490_at,0.07310737,-0.1321098,,,,
1569811_at,0.07311561,-0.08116512,,,,
1560404_a_at,0.07312988,0.18145606,,,,
203181_x_at,0.07318218,0.30417815,,,,
1562710_at,0.07320017,0.07348819,,,,
232817_at,0.07322729,-0.14854656,,,,
226346_at,0.0732287,0.64147461,,,,
1558306_at,0.073253,-0.12538923,,,,
216314_at,0.07326575,-0.08370052,,,,
1562772_a_at,0.07326971,-0.21517526,,,,
216092_s_at,0.07328808,-0.5643211,,,,
219181_at,0.07330179,0.72844589,,,,
213733_at,0.07331799,-0.37673262,,,,
1561409_at,0.07333968,-0.12028775,,,,
226013_at,0.07334693,-0.41670714,,,,
52164_at,0.07334756,0.22060206,,,,
1553651_at,0.07335006,-0.0988989,,,,
233506_at,0.07336625,0.36094759,,,,
234071_at,0.07337096,-0.09439721,,,,
214985_at,0.07341365,0.34962657,,,,
234875_at,0.0734289,-0.24266417,,,,
209906_at,0.07344124,-0.43901609,,,,
233792_at,0.07344261,-0.09968278,,,,
1567250_at,0.07345824,-0.10329451,,,,
213542_at,0.07346692,-0.14784573,,,,
231093_at,0.07348196,-0.43712392,,,,
1557768_at,0.07348241,-0.13360704,,,,
237257_at,0.07348358,-0.19970057,,,,
225392_at,0.07349781,0.28143208,,,,
240972_at,0.07350129,-0.10381657,,,,
241615_x_at,0.07352244,-0.13526892,,,,
209800_at,0.07353161,1.32347293,,,,
1562373_at,0.07353754,0.10347649,,,,
212219_at,0.07354319,0.29461258,,,,
1563389_at,0.07354703,-0.24992398,,,,
234805_at,0.07356247,-0.09232645,,,,
1568634_a_at,0.07359347,-0.62861241,,,,
235806_at,0.07359626,-0.11312158,,,,
1557046_x_at,0.07359877,0.14198084,,,,
209901_x_at,0.07360212,-0.4641534,,,,
224489_at,0.07361391,-0.46344384,,,,
212872_s_at,0.0736517,0.23971724,,,,
1552582_at,0.07365327,-0.12862359,,,,
240518_at,0.07366401,-0.10581003,,,,
232050_at,0.07366529,-0.2327262,,,,
218312_s_at,0.07367154,0.50190735,,,,
1557465_at,0.07381148,-0.12723948,,,,
212731_at,0.07385617,0.36201382,,,,
225738_at,0.07386913,-0.29720172,,,,
227774_s_at,0.07389223,-0.17096788,,,,
207637_at,0.07389746,-0.1188413,,,,
239536_at,0.0739011,0.2873936,,,,
1570158_at,0.07392243,-0.1017523,,,,
207212_at,0.07395106,-0.16356593,,,,
218628_at,0.07395858,0.23416978,,,,
210568_s_at,0.07396347,0.32960293,,,,
239898_x_at,0.07398648,0.2294009,,,,
211861_x_at,0.07406911,-0.18470186,,,,
231342_at,0.07407532,-0.1808786,,,,
243946_at,0.07407642,-0.25612336,,,,
204847_at,0.07410643,0.19420852,,,,
1556952_at,0.0741098,-0.13788795,,,,
212652_s_at,0.07413421,0.20626781,,,,
236772_s_at,0.07418439,0.4503415,,,,
237922_at,0.07423266,-0.11786875,,,,
1556804_s_at,0.07426059,0.11546935,,,,
216507_at,0.07427469,-0.11204383,,,,
1559347_at,0.07427794,-0.10960637,,,,
229687_s_at,0.07428334,0.41134601,,,,
65521_at,0.07428742,-0.12546872,,,,
203078_at,0.07428975,0.21677335,,,,
229219_s_at,0.07431928,-0.19848665,,,,
234103_at,0.07431996,0.27066262,,,,
214921_at,0.07433201,-0.11711542,,,,
1560878_at,0.07436269,-0.15287198,,,,
215239_x_at,0.0743656,0.3027593,,,,
216785_at,0.0743718,-0.12699671,,,,
208624_s_at,0.07437538,0.33182907,,,,
216817_s_at,0.07437816,-0.12581892,,,,
234641_at,0.07438316,-0.07173313,,,,
202133_at,0.07438981,0.5029149,,,,
207158_at,0.07441247,-0.87671236,,,,
207867_at,0.07441925,-0.21355664,,,,
236491_at,0.07442411,0.45312869,,,,
208750_s_at,0.07446816,-0.50633114,,,,
202078_at,0.0744754,0.23549901,,,,
203160_s_at,0.07448901,0.24652246,,,,
239529_at,0.0744972,-0.31419556,,,,
1555851_s_at,0.0744983,-0.34715218,,,,
40149_at,0.07452656,-0.17502391,,,,
224257_s_at,0.0745541,-0.11184357,,,,
224190_x_at,0.07457784,-0.2318691,,,,
210810_s_at,0.07459495,-0.1042489,,,,
204429_s_at,0.07459915,-0.3293631,,,,
231031_at,0.07460084,0.61371269,,,,
1554486_a_at,0.07460851,0.40171217,,,,
234732_s_at,0.07461778,0.12626906,,,,
203693_s_at,0.07463774,0.38275457,,,,
202221_s_at,0.07463839,-0.22941284,,,,
207032_s_at,0.07463978,-0.13051317,,,,
234979_at,0.07464586,0.23657166,,,,
225255_at,0.07465938,0.28680538,,,,
229445_at,0.07466267,-0.12522319,,,,
227707_at,0.07466422,-0.18923504,,,,
223402_at,0.07469742,0.4792286,,,,
AFFX-r2-Ec-bioB-5_at,0.07470317,-0.39361563,,,,
207193_at,0.07471135,-0.11883302,,,,
229222_at,0.07471291,0.89484312,,,,
239401_at,0.07472864,0.1471938,,,,
202529_at,0.07474159,0.2224801,,,,
1560920_s_at,0.07474971,-0.1297994,,,,
231641_at,0.07476359,-0.1294505,,,,
241892_at,0.07476712,-0.11627341,,,,
224004_at,0.07477494,-0.0960556,,,,
238566_at,0.07477684,0.35389001,,,,
228952_at,0.07477904,0.49125824,,,,
217192_s_at,0.07483893,-0.21031773,,,,
1559676_a_at,0.07484669,-0.106594,,,,
244436_at,0.07484909,-0.12151978,,,,
236776_at,0.07487047,-0.11652654,,,,
219674_s_at,0.07488899,0.15652215,,,,
222443_s_at,0.07488938,0.24765509,,,,
241863_x_at,0.07493206,0.40986819,,,,
241382_at,0.07493784,0.55529092,,,,
214560_at,0.07495657,-0.5124703,,,,
200642_at,0.07496462,0.30142236,,,,
231719_at,0.07497399,-0.27193913,,,,
242449_at,0.07497587,-0.18891448,,,,
236318_x_at,0.07497795,0.15866508,,,,
212971_at,0.07500004,-0.23064193,,,,
202716_at,0.07500264,-0.22794758,,,,
1557626_at,0.07500928,-0.19754717,,,,
206711_at,0.07504144,-0.12378971,,,,
240897_at,0.0750461,-0.13185823,,,,
234966_at,0.07505467,0.11708305,,,,
230281_at,0.07506244,0.36728303,,,,
221859_at,0.07508983,-0.27652024,,,,
232240_at,0.07509258,-0.13745351,,,,
242427_at,0.07513007,0.23577941,,,,
244111_at,0.07513605,0.4453474,,,,
229032_at,0.07514358,-0.18354402,,,,
206892_at,0.07517549,-0.14603976,,,,
1560396_at,0.07519691,-0.38172044,,,,
1557239_at,0.07519692,0.18110619,,,,
1564443_at,0.07521952,-0.1081995,,,,
1561785_at,0.07523825,-0.145821,,,,
225165_at,0.07525369,-1.0471567,,,,
205363_at,0.07526961,1.10649217,,,,
228392_at,0.07527342,0.42755192,,,,
231023_at,0.07529098,-0.14461441,,,,
229175_at,0.07529273,0.19930361,,,,
230538_at,0.07529751,0.83764188,,,,
1562111_at,0.07530982,-0.08217349,,,,
207432_at,0.07532675,-0.41285262,,,,
219622_at,0.07533967,-0.42188156,,,,
1552980_at,0.07534092,-0.21655227,,,,
220941_s_at,0.07534132,0.50305977,,,,
239027_at,0.07534526,-0.24549882,,,,
233749_at,0.07534595,-0.18287398,,,,
1563505_at,0.07537924,-0.13867856,,,,
224933_s_at,0.07539243,0.31920873,,,,
209708_at,0.07544404,-0.63988409,,,,
1566284_at,0.07544828,-0.12449822,,,,
210984_x_at,0.07547293,-0.26286734,,,,
233535_at,0.07547742,-0.12264504,,,,
234254_at,0.07548386,-0.25997295,,,,
207831_x_at,0.07552919,-0.29080729,,,,
243553_x_at,0.07555948,-0.16687383,,,,
222128_at,0.07558534,0.34925851,,,,
1554942_a_at,0.07559063,-0.16799315,,,,
210999_s_at,0.075612,0.35080054,,,,
237061_at,0.07561441,0.36364657,,,,
1557665_at,0.07562148,-0.10885233,,,,
220872_at,0.07562987,-0.07296206,,,,
1561261_at,0.07563671,-0.09097781,,,,
210267_at,0.07564457,-0.14642383,,,,
227440_at,0.07566159,0.22442921,,,,
206084_at,0.07568547,-1.02405131,,,,
228899_at,0.07569553,0.31235589,,,,
243094_at,0.0756959,-0.1235848,,,,
225907_at,0.07570274,-0.15312535,,,,
205150_s_at,0.07570522,0.6673683,,,,
207263_x_at,0.07571275,0.14168487,,,,
243739_at,0.07572299,0.22720796,,,,
209844_at,0.07573742,-0.60951576,,,,
214337_at,0.07575446,0.33606255,,,,
207769_s_at,0.07575698,-0.25363005,,,,
234447_at,0.07575888,-0.1036585,,,,
223522_at,0.07576613,-0.24249722,,,,
218557_at,0.07578289,0.3362883,,,,
235019_at,0.07580978,-0.71043057,,,,
1556971_a_at,0.07581931,-0.14419162,,,,
240361_at,0.07582405,0.55934291,,,,
228669_x_at,0.07582969,-0.11622648,,,,
1557535_at,0.07583541,0.12613321,,,,
236554_x_at,0.07587631,-0.20632431,,,,
217060_at,0.07589598,-0.10754002,,,,
223117_s_at,0.07590275,0.23886096,,,,
228518_at,0.07591575,-0.29797137,,,,
238407_at,0.0759189,-0.08369683,,,,
243596_at,0.07593391,-0.12362924,,,,
202967_at,0.07594632,0.46054788,,,,
1555007_s_at,0.0759494,0.27269007,,,,
205672_at,0.07595757,0.22995382,,,,
213760_s_at,0.0759644,-0.25890073,,,,
201892_s_at,0.0759802,-0.31962196,,,,
1560458_s_at,0.07598446,0.1066383,,,,
219945_at,0.07600659,0.23359166,,,,
1554329_x_at,0.07601534,0.17852017,,,,
219064_at,0.07602691,0.66623338,,,,
213624_at,0.07603594,-0.57390119,,,,
220459_at,0.07606973,0.3709231,,,,
210340_s_at,0.07609636,-0.40478071,,,,
214874_at,0.07613176,0.28464195,,,,
207231_at,0.07615746,0.23711161,,,,
236966_at,0.07615764,0.24907934,,,,
219285_s_at,0.07618677,-0.09673604,,,,
1553839_at,0.07619634,-0.13897288,,,,
216977_x_at,0.07625655,0.31589698,,,,
223519_at,0.07628225,0.49560663,,,,
1569453_a_at,0.07634152,-0.46405314,,,,
232188_at,0.07641715,-0.09526779,,,,
1556173_a_at,0.07643361,-0.31036947,,,,
227406_at,0.07644169,0.37607174,,,,
1558254_s_at,0.07646798,0.33188397,,,,
1560903_at,0.07651931,-0.10303587,,,,
209033_s_at,0.07655467,0.18151471,,,,
202624_s_at,0.07655954,-0.18465457,,,,
233241_at,0.07657729,0.30314557,,,,
201818_at,0.07659336,-0.49776392,,,,
235357_at,0.07661178,-0.14157758,,,,
1566889_at,0.07662184,0.12787916,,,,
232254_at,0.07665382,0.36199011,,,,
1556449_at,0.0767118,-0.12836016,,,,
212683_at,0.0767144,0.24387313,,,,
233584_at,0.07672994,-0.09431716,,,,
244741_s_at,0.07674062,0.69594908,,,,
217494_s_at,0.07675405,-0.57509349,,,,
213327_s_at,0.07678048,-0.25954933,,,,
242581_at,0.07680786,-0.13352692,,,,
215953_at,0.0768093,-0.1037567,,,,
1568938_at,0.07683962,-0.09691183,,,,
202849_x_at,0.07684101,-0.15138246,,,,
205683_x_at,0.07684896,-0.57056452,,,,
241979_x_at,0.07686861,0.07175184,,,,
213185_at,0.07686943,-0.18367435,,,,
224260_at,0.07688103,-0.15454372,,,,
1568633_a_at,0.07689664,0.34586402,,,,
221329_at,0.07696356,-0.13671022,,,,
1563898_at,0.07697514,-0.08342756,,,,
231000_at,0.07697526,-0.12804295,,,,
213137_s_at,0.0769858,0.27088926,,,,
241393_at,0.07699305,0.27189138,,,,
240946_at,0.07699451,-0.07508744,,,,
208119_s_at,0.07700203,0.29569725,,,,
243918_at,0.07700288,0.45973826,,,,
1559072_a_at,0.0770093,-0.36082468,,,,
223248_at,0.07705311,0.26415232,,,,
1560714_at,0.0770613,0.08613967,,,,
232920_at,0.07707782,-0.11269692,,,,
224251_at,0.07710681,-0.11720998,,,,
1557540_at,0.07712127,-0.10189463,,,,
241900_at,0.07713469,-0.16820493,,,,
1568906_at,0.07715603,-0.10387123,,,,
1555141_a_at,0.07717529,0.18970676,,,,
207456_at,0.07719139,-0.32919797,,,,
202752_x_at,0.07719864,-0.50625215,,,,
200673_at,0.07721413,0.15983101,,,,
202904_s_at,0.07722206,0.32590488,,,,
234248_at,0.07723115,-0.08069988,,,,
214311_at,0.07723233,0.18685724,,,,
208677_s_at,0.07725698,-0.38047778,,,,
241266_at,0.07726164,0.09300719,,,,
216646_at,0.07726366,-0.1114172,,,,
215539_at,0.07726508,-0.06857705,,,,
1554442_at,0.07727821,-0.16946001,,,,
234572_at,0.07729417,-0.15025609,,,,
229666_s_at,0.07730233,0.44652117,,,,
243869_at,0.07730436,-0.15947852,,,,
1562716_at,0.07731968,-0.09537646,,,,
228929_at,0.07732692,-0.17679573,,,,
1558327_at,0.07733488,-0.11992486,,,,
201546_at,0.07733779,0.19612556,,,,
208857_s_at,0.07733848,0.21753385,,,,
240771_at,0.07736791,0.27873458,,,,
221464_at,0.07737297,-0.16377138,,,,
1555715_a_at,0.07738815,-0.15909944,,,,
221190_s_at,0.07739488,0.21082646,,,,
203787_at,0.07739766,0.59367523,,,,
208567_s_at,0.07739849,0.46003011,,,,
223632_s_at,0.07741231,-0.52182289,,,,
40612_at,0.07744653,0.20173887,,,,
230985_at,0.07747617,-0.15365524,,,,
223029_s_at,0.07750261,-0.16374331,,,,
207258_at,0.07755396,-0.12364236,,,,
215354_s_at,0.07758713,0.27056926,,,,
218514_at,0.07760281,0.20937543,,,,
231312_at,0.07763133,0.18830684,,,,
210737_at,0.07763468,-0.14990069,,,,
233609_at,0.07763587,0.3528151,,,,
1552354_at,0.07765032,-0.10535753,,,,
223659_at,0.07765798,0.37034717,,,,
209193_at,0.07766825,-0.35090502,,,,
230855_at,0.07767808,0.16171637,,,,
233321_x_at,0.07768038,0.13776517,,,,
205149_s_at,0.0776986,-0.13599362,,,,
1564401_at,0.07771462,-0.13134157,,,,
235858_at,0.07772347,-0.13272682,,,,
238714_at,0.07772601,0.35725373,,,,
227481_at,0.07773199,0.48848758,,,,
242797_x_at,0.07774256,0.20579716,,,,
207450_s_at,0.0777649,-0.15177799,,,,
1562235_s_at,0.07777383,0.49496667,,,,
225137_at,0.07780441,0.26522022,,,,
1570423_at,0.07780556,-0.09685006,,,,
1560697_at,0.07784515,-0.17284491,,,,
231040_at,0.07785557,-0.48046613,,,,
230371_at,0.07786888,0.14826145,,,,
1555443_at,0.07789674,-0.1155779,,,,
1570433_at,0.07790592,-0.16158947,,,,
1564536_at,0.07794977,-0.13254306,,,,
216032_s_at,0.07795089,-0.37847684,,,,
1553618_at,0.07798053,0.10350458,,,,
224756_s_at,0.07799091,0.25279453,,,,
219913_s_at,0.0779969,0.34249285,,,,
219932_at,0.07799992,0.75568975,,,,
1555048_a_at,0.07802874,-0.14841893,,,,
216577_at,0.07805408,-0.11573262,,,,
242385_at,0.0780706,-0.28982276,,,,
236313_at,0.07807538,-0.69586418,,,,
1566958_at,0.07809466,-0.09295392,,,,
1557406_s_at,0.07811105,-0.12953685,,,,
224713_at,0.07814825,0.27090333,,,,
220204_s_at,0.07816937,-0.15997133,,,,
1553868_a_at,0.07817066,0.16797868,,,,
204411_at,0.07819866,-0.31739558,,,,
1570511_at,0.07820104,-0.15440123,,,,
213168_at,0.07820326,0.21624793,,,,
1566480_x_at,0.07822697,0.24479089,,,,
207217_s_at,0.07824134,-0.99567028,,,,
1569089_a_at,0.07825526,-0.16840108,,,,
230564_at,0.07828068,-0.11163213,,,,
218183_at,0.07828435,0.24712915,,,,
232324_x_at,0.07831835,0.10743402,,,,
219553_at,0.07831864,0.3178413,,,,
1563221_at,0.07834214,-0.10768951,,,,
1562296_at,0.07836399,-0.11244764,,,,
202057_at,0.07836601,0.20100467,,,,
209082_s_at,0.07838086,0.39901689,,,,
1563142_at,0.07840356,-0.15004992,,,,
222217_s_at,0.07840654,0.42963163,,,,
1569564_at,0.07841501,-0.0954412,,,,
1554453_at,0.07841571,-0.2260361,,,,
221581_s_at,0.07843627,-0.41594434,,,,
201974_s_at,0.07845045,-0.1381279,,,,
207998_s_at,0.07851623,-0.20482521,,,,
223021_x_at,0.07852214,0.26763076,,,,
208703_s_at,0.07852329,-0.43814351,,,,
213770_at,0.0785292,-0.13399849,,,,
211197_s_at,0.07852951,-0.1520623,,,,
225084_at,0.07853323,0.22828979,,,,
226206_at,0.07854521,-0.31658713,,,,
244084_at,0.07855408,-0.36323979,,,,
218785_s_at,0.07857146,0.32254115,,,,
234179_at,0.07857948,-0.10982616,,,,
221691_x_at,0.07859244,-0.21445455,,,,
1569501_at,0.0786094,-0.1179169,,,,
240475_at,0.07861959,-0.23254613,,,,
1555972_s_at,0.07866588,-0.27491269,,,,
214950_at,0.07866949,-0.13199193,,,,
232505_at,0.07867646,-0.0967018,,,,
209933_s_at,0.07869334,-0.42527351,,,,
209262_s_at,0.07872256,0.3229784,,,,
223575_at,0.07875378,0.48567519,,,,
203029_s_at,0.07875849,-0.66009284,,,,
224240_s_at,0.07879063,-0.49679353,,,,
1558105_a_at,0.07879188,0.54005885,,,,
244178_at,0.07879494,-0.10771027,,,,
244453_at,0.07880006,-0.12818349,,,,
232515_at,0.0788148,0.24244159,,,,
1556024_at,0.07883486,-0.12909693,,,,
1561622_at,0.07885631,-0.09889914,,,,
233143_at,0.07886823,-0.13403491,,,,
238315_s_at,0.07887214,0.30623162,,,,
212653_s_at,0.07887781,0.30743786,,,,
217997_at,0.07888913,0.57992921,,,,
214256_at,0.07890831,-0.10334674,,,,
230426_at,0.0789234,0.34617724,,,,
214860_at,0.07892825,0.18678376,,,,
241998_at,0.07894159,-0.08933866,,,,
208710_s_at,0.07895802,-0.27078967,,,,
232542_at,0.07895835,-0.11801994,,,,
211202_s_at,0.07895863,0.33244767,,,,
204715_at,0.07895918,0.25944001,,,,
232374_s_at,0.07900248,-0.14172951,,,,
206135_at,0.07901691,-0.55389181,,,,
203838_s_at,0.0790412,-0.13076558,,,,
202259_s_at,0.07904673,0.47254071,,,,
216456_at,0.07904867,-0.10416963,,,,
237981_at,0.07905804,0.541282,,,,
221073_s_at,0.07906309,-0.21175654,,,,
225086_at,0.07909254,0.22830855,,,,
236611_at,0.07911105,0.25067051,,,,
203521_s_at,0.07911254,0.26089573,,,,
221130_s_at,0.07911501,-0.08327616,,,,
239649_at,0.07912212,0.32896443,,,,
1570196_at,0.07913326,-0.09518648,,,,
201515_s_at,0.07915269,0.17008565,,,,
1560024_at,0.07915814,-0.10273473,,,,
238701_x_at,0.07916027,-0.15567351,,,,
244407_at,0.07916938,0.57996418,,,,
234506_at,0.07917282,-0.14074862,,,,
235090_at,0.07918201,-0.13965167,,,,
221689_s_at,0.0791831,0.27402124,,,,
1558692_at,0.07918526,0.35483046,,,,
229725_at,0.07919332,-0.81448247,,,,
206283_s_at,0.0791983,0.29655589,,,,
1566999_at,0.07920259,-0.08963877,,,,
227080_at,0.07920537,0.33764841,,,,
237759_at,0.07921363,-0.1294071,,,,
213548_s_at,0.07921691,-0.50755448,,,,
216108_at,0.07926497,-0.08617933,,,,
208319_s_at,0.07928241,-0.36909192,,,,
240967_at,0.07930162,0.10524297,,,,
239078_at,0.07932233,-0.40545198,,,,
1565653_at,0.07932668,-0.06894832,,,,
202777_at,0.07933487,0.22177918,,,,
239570_at,0.07933769,-0.12708957,,,,
200712_s_at,0.07934202,-0.32672419,,,,
206666_at,0.0793839,-0.64679115,,,,
204147_s_at,0.07940118,-0.34459601,,,,
1554964_x_at,0.07941133,-0.10903256,,,,
218332_at,0.0794247,0.63844406,,,,
1569952_x_at,0.07943674,-0.4120199,,,,
232013_at,0.07943768,0.27449189,,,,
218042_at,0.07945347,0.20743237,,,,
239688_at,0.07946008,-0.14203691,,,,
234392_at,0.07947766,-0.11046879,,,,
232416_at,0.07948392,-0.32064754,,,,
1569815_x_at,0.07949095,-0.11565099,,,,
1569052_at,0.07949113,-0.26181179,,,,
1559833_at,0.07949209,-0.07116325,,,,
1559788_at,0.07950012,-0.09539404,,,,
243656_at,0.07950148,0.17766221,,,,
229721_x_at,0.07950546,-0.32672694,,,,
243327_at,0.07951533,-0.08988043,,,,
1554182_at,0.07952015,-0.22477559,,,,
239487_at,0.07953913,0.42830029,,,,
214411_x_at,0.07955434,-0.10728426,,,,
213424_at,0.07956707,0.63907332,,,,
242039_at,0.07957157,-0.11805609,,,,
200652_at,0.07958398,0.21398077,,,,
241157_at,0.07959754,-0.11844216,,,,
212783_at,0.07960556,0.21131134,,,,
210883_x_at,0.07961358,-0.12561687,,,,
203703_s_at,0.07964749,0.22155481,,,,
1552393_at,0.07965524,-0.2288187,,,,
230787_at,0.07966215,0.3107424,,,,
238185_at,0.07966801,-0.09851977,,,,
1566784_at,0.07968531,-0.12024324,,,,
242494_at,0.0796968,0.18022523,,,,
235185_s_at,0.0797298,-0.08735884,,,,
225693_s_at,0.07974067,0.23984991,,,,
228437_at,0.07974079,0.32713498,,,,
1555548_at,0.07974467,-0.0827204,,,,
235910_x_at,0.07975581,-0.10023478,,,,
1563116_at,0.07977811,-0.1018593,,,,
236960_at,0.07978104,-0.12988688,,,,
217027_x_at,0.0797867,0.19281284,,,,
211123_at,0.0797976,-0.15275625,,,,
236890_at,0.07980045,-0.11715977,,,,
39313_at,0.07983984,0.35892815,,,,
1570567_at,0.07986018,-0.18187612,,,,
1554396_at,0.07988169,-0.13842777,,,,
206688_s_at,0.07988472,0.19387266,,,,
223100_s_at,0.07989081,0.27933252,,,,
227645_at,0.07991781,-0.43846181,,,,
1553087_at,0.07991813,-0.14178977,,,,
215087_at,0.07992404,-0.20702686,,,,
225413_at,0.07992566,0.1781875,,,,
203531_at,0.07993685,0.24680717,,,,
227559_at,0.0799515,0.45349212,,,,
1552695_a_at,0.07999028,-0.33194416,,,,
1555880_at,0.07999254,-0.31310375,,,,
241944_x_at,0.07999646,-0.14786831,,,,
229548_at,0.08001386,-0.19229435,,,,
234290_x_at,0.08002148,-0.40851927,,,,
239126_at,0.08002284,-0.12950911,,,,
230260_s_at,0.08003529,0.12308459,,,,
243763_x_at,0.0800353,0.1275808,,,,
240209_at,0.08007423,-0.11917839,,,,
235446_at,0.08007747,-0.18739358,,,,
216531_at,0.08008435,-0.147487,,,,
226666_at,0.08009564,0.30322106,,,,
225441_x_at,0.080096,0.23654583,,,,
220704_at,0.08013461,-0.10878699,,,,
1557986_s_at,0.08016996,-0.17150173,,,,
238250_at,0.08017831,0.16934846,,,,
1564168_a_at,0.08018886,-0.10849042,,,,
210408_s_at,0.0801924,0.15863184,,,,
209099_x_at,0.08022086,0.50241524,,,,
1566424_at,0.08023867,0.11316649,,,,
233696_at,0.08025699,-0.11888774,,,,
222691_at,0.08026506,0.27692782,,,,
209234_at,0.08026737,-0.31140749,,,,
232789_at,0.08027989,-0.11280537,,,,
229801_at,0.08028783,0.45511014,,,,
223850_at,0.08030146,-0.09562222,,,,
229301_at,0.08030446,-0.14066988,,,,
224530_s_at,0.08030661,-0.1063176,,,,
201542_at,0.08031407,0.18183375,,,,
235669_at,0.08032153,-0.13467447,,,,
229974_at,0.08033227,0.52321537,,,,
1563969_at,0.08035118,-0.10879306,,,,
217689_at,0.0803516,-0.11363147,,,,
225158_at,0.08036892,0.26735021,,,,
1559142_at,0.08037772,-0.12673981,,,,
225336_at,0.08039461,0.22457594,,,,
1566503_at,0.08041015,-0.09139827,,,,
179_at,0.08041242,-0.13895127,,,,
1554316_at,0.08041351,-0.15462881,,,,
221331_x_at,0.08044368,-0.1779202,,,,
221826_at,0.08045428,0.2629934,,,,
233209_at,0.08045741,-0.11134799,,,,
238066_at,0.08046172,0.61024974,,,,
1562899_at,0.08047759,-0.10920095,,,,
208474_at,0.08048669,-0.15824081,,,,
233908_x_at,0.08050981,0.2681449,,,,
238835_at,0.08052926,0.89190666,,,,
1561204_at,0.08052954,-0.09306022,,,,
243460_at,0.08053056,-0.10579247,,,,
1555251_a_at,0.08053728,-0.09987898,,,,
210615_at,0.08054273,-0.08235409,,,,
1562299_at,0.08054348,-0.09195573,,,,
210847_x_at,0.08057754,-0.38706749,,,,
244332_at,0.08060806,-0.1828879,,,,
202508_s_at,0.08062675,0.69763511,,,,
236001_at,0.08063358,-0.7598004,,,,
242682_at,0.08063881,-0.11398147,,,,
200639_s_at,0.08064173,-0.28780021,,,,
217331_at,0.08064182,-0.12654061,,,,
1566136_at,0.08065887,-0.12478112,,,,
220976_s_at,0.08066239,-0.10933546,,,,
242038_at,0.08067436,-0.09655168,,,,
216463_at,0.08067909,0.09748745,,,,
216973_s_at,0.08069591,-0.7117138,,,,
234745_at,0.08071694,-0.10446187,,,,
225498_at,0.08074153,-0.27340771,,,,
222971_at,0.08075356,-0.08804257,,,,
215202_at,0.08077176,-0.13415827,,,,
239936_at,0.08078703,-0.15339546,,,,
1559679_a_at,0.0807985,-0.11357626,,,,
1554266_at,0.08080862,0.1418076,,,,
243722_at,0.08081595,0.30827303,,,,
1570523_s_at,0.08082057,0.37496079,,,,
213637_at,0.08083148,0.29202325,,,,
1556480_a_at,0.08083198,-0.10284694,,,,
219302_s_at,0.08084709,-0.36913333,,,,
218447_at,0.08084813,0.23168252,,,,
1553558_at,0.08085517,-0.08919877,,,,
232649_at,0.08086015,-0.14776372,,,,
220712_at,0.08086201,-0.11221995,,,,
1556760_a_at,0.08087604,-0.09605946,,,,
1555360_a_at,0.08088007,-0.24145032,,,,
1552295_a_at,0.08089057,-0.26679094,,,,
224456_s_at,0.08092072,-0.18017977,,,,
233140_s_at,0.08095207,-0.26906444,,,,
219452_at,0.08095803,-0.4443965,,,,
215634_at,0.08096107,-0.06540689,,,,
239900_x_at,0.08096352,0.10933019,,,,
221982_x_at,0.08101432,0.13847462,,,,
214773_x_at,0.08101803,0.24683996,,,,
218221_at,0.08102422,0.22429202,,,,
230226_s_at,0.0810315,0.34060142,,,,
1559936_at,0.08103839,-0.18853257,,,,
237841_at,0.08104289,-0.09379131,,,,
206152_at,0.08105594,-0.1184563,,,,
226512_at,0.08105753,0.34977403,,,,
204815_s_at,0.08106545,-0.17124722,,,,
218706_s_at,0.08109132,0.31549768,,,,
206955_at,0.08109343,-0.20703671,,,,
213667_at,0.0811067,-0.31743921,,,,
231323_at,0.08111059,-0.14981622,,,,
236528_at,0.08111493,-0.21379429,,,,
234632_x_at,0.08112338,-0.50567663,,,,
225306_s_at,0.08112771,0.26594771,,,,
1567013_at,0.08114018,0.22189059,,,,
202710_at,0.08115128,0.27754203,,,,
234984_at,0.08115959,0.22401777,,,,
210583_at,0.08117061,-0.11674866,,,,
235133_at,0.08117971,0.31616432,,,,
234082_at,0.08118852,0.23808644,,,,
37232_at,0.08119426,0.15653372,,,,
224233_s_at,0.08121652,0.3312466,,,,
233751_at,0.0812446,0.11994812,,,,
202370_s_at,0.08126053,-0.27323951,,,,
242442_x_at,0.08126297,0.24565299,,,,
238891_at,0.08127568,-0.29678754,,,,
1559883_s_at,0.08127653,-0.61365793,,,,
217628_at,0.08128196,-0.4418466,,,,
205565_s_at,0.08130044,0.3287899,,,,
1556776_a_at,0.08131575,-0.12040685,,,,
217140_s_at,0.08132271,-0.3826833,,,,
205795_at,0.08133973,-0.42397806,,,,
1568739_at,0.08135351,0.08771776,,,,
218053_at,0.08137742,0.23246933,,,,
205637_s_at,0.08138881,0.42274466,,,,
1552615_at,0.08139454,-0.18309926,,,,
232199_at,0.08139557,-0.10079468,,,,
1561917_at,0.08141875,-0.13189741,,,,
236996_at,0.08144077,-0.2105961,,,,
203877_at,0.08144655,-0.1367057,,,,
218558_s_at,0.08145024,0.26468859,,,,
211702_s_at,0.08145193,0.22448818,,,,
223411_at,0.08145208,0.25068965,,,,
221391_at,0.08147396,-0.11480606,,,,
220732_at,0.08147846,-0.12976838,,,,
241857_at,0.08147917,0.22219022,,,,
208283_at,0.08151078,0.13041429,,,,
203050_at,0.08151398,0.20399576,,,,
201856_s_at,0.08151735,0.24618403,,,,
1555985_at,0.08153709,-0.1222075,,,,
226853_at,0.08154331,-0.34380041,,,,
223898_at,0.08154472,0.33140318,,,,
241856_at,0.08155075,-0.08355816,,,,
220917_s_at,0.08157796,0.34978736,,,,
213021_at,0.08158392,0.21520053,,,,
216128_at,0.08158536,-0.09767348,,,,
235884_at,0.08159758,-0.15197415,,,,
1553180_at,0.0815977,0.25679357,,,,
227065_at,0.081632,0.18509196,,,,
228453_at,0.08164906,0.3262961,,,,
222606_at,0.08165643,0.31170876,,,,
1566081_at,0.08165985,-0.09644133,,,,
243969_at,0.08167803,-0.34991348,,,,
216354_at,0.0816846,-0.14192634,,,,
221915_s_at,0.0816944,-0.25839372,,,,
1558728_at,0.0817025,-0.13409671,,,,
209725_at,0.08171642,0.24979752,,,,
238517_at,0.08171673,-0.20336241,,,,
222260_at,0.08171975,-0.12296138,,,,
225534_at,0.08172048,0.33552902,,,,
202020_s_at,0.08172662,0.21443695,,,,
234267_at,0.08175767,-0.12375737,,,,
1567334_at,0.08176847,-0.09613723,,,,
216699_s_at,0.08177338,-0.46254032,,,,
212085_at,0.08177403,-0.33484415,,,,
206947_at,0.08177507,-0.25447533,,,,
1565845_at,0.0817796,-0.13379221,,,,
216535_at,0.08180178,-0.15821701,,,,
235033_at,0.08182081,0.38505982,,,,
230710_at,0.08182269,-0.52835793,,,,
238201_at,0.0818312,-0.09929146,,,,
1554614_a_at,0.08183179,0.37263818,,,,
1564429_at,0.08183988,-0.13048762,,,,
1561442_at,0.08184951,-0.09156395,,,,
230701_x_at,0.0818968,-0.19588261,,,,
242092_at,0.08190133,-0.13443747,,,,
207230_at,0.08192332,0.15737547,,,,
1554906_a_at,0.08194288,0.43701768,,,,
209300_s_at,0.08197675,-0.29979227,,,,
204021_s_at,0.08198381,-0.2466038,,,,
209327_s_at,0.08198647,-0.18661177,,,,
235942_at,0.082011,0.44612071,,,,
221456_at,0.08201255,-0.13339894,,,,
223764_x_at,0.08203823,0.42994342,,,,
1560637_at,0.08207926,-0.08705153,,,,
227347_x_at,0.0820872,0.44940773,,,,
200832_s_at,0.08208822,-0.49285115,,,,
244828_x_at,0.08211931,0.22585048,,,,
241788_x_at,0.08212457,-0.10860198,,,,
238585_at,0.08214691,-0.30171095,,,,
1563170_at,0.08215645,-0.10447804,,,,
221402_at,0.08215851,-0.14501203,,,,
1559326_at,0.08215858,-0.10740061,,,,
242208_at,0.08216675,0.29417295,,,,
239329_at,0.08217615,0.30630826,,,,
219005_at,0.08218146,-0.15495255,,,,
1562984_at,0.08218416,-0.11166911,,,,
204941_s_at,0.08218651,0.46594165,,,,
211454_x_at,0.08227398,-0.24032645,,,,
238770_at,0.08228038,-0.10164857,,,,
235012_at,0.08231932,-0.33465492,,,,
211842_s_at,0.08234155,0.24394073,,,,
1552485_at,0.08235823,-0.26099742,,,,
241044_x_at,0.08236229,-0.16826169,,,,
232179_at,0.08237457,-0.16771572,,,,
201978_s_at,0.08237607,-0.16237315,,,,
244186_at,0.08238106,-0.11890891,,,,
227675_at,0.08241568,-0.22527303,,,,
238169_at,0.08241672,0.36462135,,,,
242413_at,0.08244185,-0.15779895,,,,
229163_at,0.08245926,-0.6475322,,,,
1563507_at,0.0824655,-0.09568394,,,,
229430_at,0.08246676,0.3236631,,,,
233837_at,0.08247409,-0.13302503,,,,
214628_at,0.08252583,-0.30151442,,,,
1555323_at,0.08254688,-0.12186613,,,,
223168_at,0.08254876,-0.48904838,,,,
215681_at,0.08255812,-0.12604716,,,,
206066_s_at,0.08255868,0.25443589,,,,
235359_at,0.08257728,-0.44567429,,,,
241241_at,0.08263369,-0.1666639,,,,
237827_at,0.08264196,-0.13931887,,,,
225341_at,0.08264872,0.31636377,,,,
212016_s_at,0.08267419,-0.49023216,,,,
206038_s_at,0.08268565,0.22454519,,,,
242805_at,0.08269516,0.1017611,,,,
206833_s_at,0.08270453,0.312908,,,,
203932_at,0.08270542,-0.45779724,,,,
206590_x_at,0.08270857,-0.14619543,,,,
221440_s_at,0.0827119,0.29625951,,,,
217549_at,0.08271259,-0.30406656,,,,
216632_at,0.08272247,-0.09148805,,,,
1554228_a_at,0.08272635,-0.115641,,,,
216211_at,0.08273981,0.29989869,,,,
225971_at,0.08277449,0.35126686,,,,
235430_at,0.08278535,0.26024008,,,,
235659_at,0.08279446,-0.20709366,,,,
228123_s_at,0.08279746,-0.3985041,,,,
219291_at,0.08280196,0.28191746,,,,
242033_at,0.08280495,0.45168652,,,,
211395_x_at,0.08282182,-0.47755824,,,,
231361_at,0.08285087,0.28161153,,,,
1569372_at,0.08285165,-0.19640893,,,,
237278_x_at,0.08285803,0.13673179,,,,
200909_s_at,0.08287224,-0.1475319,,,,
219800_s_at,0.08289013,0.41668083,,,,
1555135_at,0.08289537,-0.11612485,,,,
239979_at,0.08290017,-0.30885787,,,,
224068_x_at,0.08290551,-0.20393087,,,,
221681_s_at,0.08291726,0.14146658,,,,
220772_at,0.08291824,0.08037295,,,,
201422_at,0.08291983,-0.4548779,,,,
218882_s_at,0.08293106,0.2634406,,,,
233194_at,0.08293183,-0.09022366,,,,
227638_at,0.08294319,0.26418028,,,,
232084_at,0.08294679,-0.21123298,,,,
219161_s_at,0.08294848,-0.24397839,,,,
56748_at,0.08298723,-0.09474588,,,,
207516_at,0.08298878,-0.0999192,,,,
225247_at,0.08300891,-0.19551124,,,,
1569517_at,0.0830217,-0.13183252,,,,
211100_x_at,0.08304514,-0.27172345,,,,
212173_at,0.08307017,-0.23324127,,,,
1562469_at,0.08309149,-0.10126253,,,,
238811_at,0.08310081,0.37813969,,,,
1564683_at,0.08314039,-0.1080428,,,,
238950_at,0.08314904,-0.12234151,,,,
1567027_at,0.08316839,-0.13306738,,,,
205366_s_at,0.08317211,-0.8124736,,,,
242555_at,0.08318168,0.22325423,,,,
241221_at,0.08318462,-0.14200805,,,,
1559722_at,0.08318531,0.10087595,,,,
234159_at,0.08321768,-0.13661463,,,,
223135_s_at,0.08322642,0.22652422,,,,
1559377_at,0.08324308,-0.10703376,,,,
212502_at,0.08324979,0.23812037,,,,
1556502_at,0.08325849,-0.07624415,,,,
224311_s_at,0.08327087,-0.38757751,,,,
208635_x_at,0.08330068,-0.12571217,,,,
228876_at,0.08330318,-0.30838151,,,,
1569259_at,0.0833111,0.08628623,,,,
216148_at,0.08331989,-0.08277814,,,,
211862_x_at,0.0833234,-0.33228852,,,,
214361_s_at,0.08334375,0.20509105,,,,
1553528_a_at,0.08334876,0.27024374,,,,
234940_s_at,0.08337718,-0.15910429,,,,
239813_at,0.08339828,-0.11712201,,,,
1554649_at,0.08340234,-0.14298509,,,,
201532_at,0.08340685,0.22179648,,,,
215132_at,0.08341037,0.2599443,,,,
206748_s_at,0.08341612,-0.36660909,,,,
236676_at,0.08342912,-0.10316421,,,,
219943_s_at,0.08343753,-0.13674836,,,,
235561_at,0.08345019,0.45594142,,,,
214749_s_at,0.08345541,0.33318095,,,,
241449_at,0.08346656,-0.12156321,,,,
220447_at,0.08348717,-0.1249135,,,,
1562527_at,0.08349315,0.19849774,,,,
217431_x_at,0.083499,-0.08706095,,,,
241317_at,0.08353276,0.13329244,,,,
233341_s_at,0.08354466,0.21719505,,,,
200743_s_at,0.08357397,-0.36270977,,,,
226386_at,0.08357984,0.17479464,,,,
225518_x_at,0.08359382,0.10323114,,,,
212589_at,0.08363506,0.42811513,,,,
231295_at,0.08365378,-0.13565156,,,,
237945_at,0.08368507,0.38989153,,,,
243348_at,0.08368992,-0.09937357,,,,
221978_at,0.08369017,-0.31776238,,,,
244856_at,0.08369845,0.18345865,,,,
207159_x_at,0.08370306,-0.13815083,,,,
214304_x_at,0.08370344,0.16234273,,,,
231708_at,0.08370448,-0.16574878,,,,
207633_s_at,0.08371493,-0.09822181,,,,
1553205_at,0.08372679,-0.11349553,,,,
224408_at,0.08373966,-0.10762006,,,,
221931_s_at,0.08374146,0.24806354,,,,
231289_at,0.08375683,0.13658838,,,,
1556511_a_at,0.08378427,-0.08020258,,,,
1554331_a_at,0.08379126,-0.10058232,,,,
232173_at,0.08379384,0.27769493,,,,
1560755_at,0.08381646,-0.09749488,,,,
215294_s_at,0.08382388,0.52298667,,,,
234791_at,0.08382891,-0.14233673,,,,
235691_at,0.08384142,0.24060694,,,,
227886_at,0.08389247,-0.13651527,,,,
217846_at,0.08392002,-0.21329989,,,,
1559701_s_at,0.08392876,0.23352634,,,,
1569791_at,0.08393503,-0.16243461,,,,
201450_s_at,0.08393688,0.37072669,,,,
219750_at,0.08394363,-0.48747195,,,,
229473_at,0.08394989,-0.24498087,,,,
232446_at,0.08396035,-0.13454394,,,,
208941_s_at,0.08396112,0.30227706,,,,
1555568_at,0.0839707,0.1261746,,,,
222481_at,0.08399414,-0.22567102,,,,
1555241_at,0.08401276,0.41943265,,,,
214544_s_at,0.08401332,-0.4074951,,,,
223729_at,0.08402861,-0.19979385,,,,
228916_at,0.08403732,0.21680444,,,,
234630_at,0.08406017,-0.10581174,,,,
208515_at,0.08408966,-0.12715292,,,,
228620_at,0.08409209,-0.47486673,,,,
226723_at,0.08412788,0.26271796,,,,
1570031_at,0.08414677,-0.0803344,,,,
1554246_at,0.08415243,-0.44477413,,,,
212548_s_at,0.08417532,-0.26543494,,,,
223677_at,0.08417955,0.26799405,,,,
239607_at,0.08418645,-0.11637085,,,,
236484_at,0.08420483,0.19746154,,,,
208840_s_at,0.08420524,-0.25319445,,,,
1560292_a_at,0.08422314,-0.16122573,,,,
1568845_at,0.08425224,-0.15904612,,,,
216268_s_at,0.08425355,0.51003219,,,,
205983_at,0.08425902,-0.82415924,,,,
243114_at,0.08427278,-0.13075916,,,,
216072_at,0.08427551,-0.12931119,,,,
1564386_at,0.08429229,-0.10424448,,,,
244156_at,0.08430557,-0.14416486,,,,
1570330_at,0.08432323,-0.08264023,,,,
1567623_at,0.08434346,-0.12754186,,,,
215853_at,0.08434564,0.08420939,,,,
209586_s_at,0.08437528,0.29082719,,,,
221076_at,0.08438247,-0.0742062,,,,
211963_s_at,0.08440149,-0.20910881,,,,
1557623_at,0.08440693,-0.10266891,,,,
200649_at,0.08440906,-0.35615258,,,,
210630_s_at,0.08441006,0.39346768,,,,
1552953_a_at,0.08441838,-0.12586761,,,,
244240_at,0.08446008,-0.10473678,,,,
230920_at,0.0844718,0.3101078,,,,
200821_at,0.08448051,0.23679995,,,,
223359_s_at,0.0844948,-0.31348046,,,,
225788_at,0.08450281,0.24559189,,,,
219947_at,0.08452263,-0.56260059,,,,
221778_at,0.08452996,-0.32898005,,,,
209560_s_at,0.08453961,1.14019867,,,,
214005_at,0.08457659,0.28591288,,,,
201791_s_at,0.08459376,0.47971446,,,,
237172_at,0.08460052,0.2616268,,,,
239482_x_at,0.08464206,0.38121249,,,,
215745_at,0.08466451,-0.1115864,,,,
1561310_at,0.08466686,-0.11693412,,,,
201156_s_at,0.0846833,-0.28215691,,,,
242236_at,0.08469073,-0.09279909,,,,
211106_at,0.08470388,0.24981745,,,,
240565_at,0.08470524,-0.12279627,,,,
213884_s_at,0.08471188,-0.1379341,,,,
206959_s_at,0.08471224,-0.2866553,,,,
204563_at,0.08471364,-0.57154502,,,,
240920_at,0.08471366,-0.10288131,,,,
235212_at,0.08474081,0.13356622,,,,
208631_s_at,0.08474694,-0.21246558,,,,
1566837_at,0.08476894,-0.11658265,,,,
1554069_at,0.08478653,-0.16230032,,,,
1560968_at,0.08480715,-0.10495576,,,,
1556881_at,0.08481475,-0.09423964,,,,
220714_at,0.0848169,-0.13278304,,,,
223968_at,0.08484651,-0.1234176,,,,
221253_s_at,0.08485001,0.28097548,,,,
235171_at,0.0848528,-0.53920113,,,,
226345_at,0.08487567,0.27967437,,,,
204986_s_at,0.08488646,-0.18755804,,,,
226117_at,0.08491553,0.27794619,,,,
240911_at,0.08492189,-0.13861358,,,,
232617_at,0.08493309,-0.47615649,,,,
91920_at,0.08493531,-0.09933647,,,,
213978_at,0.08494189,0.2064905,,,,
244363_at,0.0849545,-0.36815754,,,,
234518_at,0.08502356,-0.11347781,,,,
216373_at,0.0850793,0.07933216,,,,
242992_at,0.08508313,-0.10381234,,,,
206407_s_at,0.08508517,-0.75720131,,,,
237019_at,0.08508627,0.27258559,,,,
205293_x_at,0.08509759,-0.30070027,,,,
229700_at,0.08512075,0.66438655,,,,
233075_at,0.08513,-0.10368997,,,,
240639_at,0.08513655,-0.08472728,,,,
232237_at,0.08514052,-0.14614131,,,,
204472_at,0.08514858,-0.49380717,,,,
1553689_s_at,0.08516512,0.24323937,,,,
219159_s_at,0.08517847,-0.5483143,,,,
213296_at,0.08517888,-0.23237948,,,,
1557786_s_at,0.08519687,-0.12930752,,,,
214227_at,0.08520584,-0.13077266,,,,
1552691_at,0.08520662,-0.50823529,,,,
211253_x_at,0.08521158,-0.27521918,,,,
240652_at,0.08521693,-0.17321047,,,,
1558431_at,0.0852203,-0.13630079,,,,
211582_x_at,0.08522176,-0.48347176,,,,
239474_at,0.08522182,-0.19094335,,,,
1553943_at,0.08522599,-0.129646,,,,
230714_s_at,0.08524534,0.40287388,,,,
226755_at,0.08525876,0.70522732,,,,
219215_s_at,0.08527351,-0.57388148,,,,
216832_at,0.08527481,-0.17989146,,,,
AFFX-BioB-5_at,0.08528318,-0.36111758,,,,
240350_at,0.08529966,0.1536783,,,,
212998_x_at,0.08530019,-0.58798657,,,,
1553016_at,0.08530401,-0.13443489,,,,
1566608_at,0.08534711,-0.07287663,,,,
1560246_at,0.0853636,-0.08775512,,,,
239672_at,0.08538913,0.35107561,,,,
1562142_at,0.08539443,0.08888244,,,,
240092_at,0.08543471,-0.10104172,,,,
213505_s_at,0.08544968,0.24209368,,,,
236576_at,0.08545324,0.4782741,,,,
230556_at,0.08546325,0.3611924,,,,
1554391_at,0.08548026,-0.08738272,,,,
229997_at,0.08548126,0.35429007,,,,
228283_at,0.08551597,-0.23721644,,,,
1562095_at,0.08553318,-0.08122008,,,,
244243_at,0.08554602,-0.19095915,,,,
1557761_s_at,0.08559982,-0.12532784,,,,
205295_at,0.08560309,-0.66414874,,,,
233240_at,0.08562467,-0.28457434,,,,
207257_at,0.08563438,0.34413165,,,,
243287_s_at,0.08564261,-0.34312601,,,,
216936_at,0.08564748,-0.15326311,,,,
242225_at,0.08564886,0.29764256,,,,
205537_s_at,0.08565776,-0.21425343,,,,
227204_at,0.08566413,0.51535509,,,,
1555843_at,0.08571494,-0.16890957,,,,
218991_at,0.08571793,0.20741457,,,,
224164_at,0.08571907,0.32067511,,,,
222620_s_at,0.08574136,0.30092383,,,,
1563398_at,0.08574561,-0.08688323,,,,
236701_at,0.08575625,-0.10913837,,,,
89948_at,0.0857753,-0.13615066,,,,
235685_at,0.08578769,0.30595327,,,,
231595_at,0.08580426,-0.14705119,,,,
205684_s_at,0.08581871,-0.33314856,,,,
237378_at,0.08582248,-0.12354789,,,,
1561143_at,0.08582615,-0.07846556,,,,
208227_x_at,0.08582884,-0.16025016,,,,
230664_at,0.08584174,0.54497075,,,,
205398_s_at,0.08584853,0.36072458,,,,
216424_at,0.08585286,-0.08479459,,,,
230051_at,0.08589391,0.63628974,,,,
214563_at,0.08591587,-0.09356519,,,,
211390_at,0.08592148,-0.09750437,,,,
237964_at,0.08593091,-0.11558698,,,,
232999_at,0.08595822,0.14400898,,,,
235215_at,0.0860075,0.30211209,,,,
226677_at,0.08602441,1.00302051,,,,
228041_at,0.08604626,0.22743385,,,,
204779_s_at,0.08604628,-0.75094015,,,,
214070_s_at,0.08607445,-1.03088125,,,,
1553348_a_at,0.08608144,-0.29556776,,,,
244627_at,0.08609273,-0.25871942,,,,
235696_at,0.0861084,-0.46505643,,,,
223792_at,0.08612185,0.19429148,,,,
223569_at,0.08612799,0.44621624,,,,
215573_at,0.08613263,0.11771981,,,,
233558_s_at,0.0861475,-0.26119607,,,,
233108_at,0.08616561,0.09818358,,,,
215975_x_at,0.08619655,-0.13956706,,,,
240938_at,0.08620224,-0.07112504,,,,
222424_s_at,0.08620753,0.22879199,,,,
208069_x_at,0.08627851,-0.13037945,,,,
1569146_s_at,0.08633819,-0.12275156,,,,
219275_at,0.08636561,0.24519507,,,,
1567056_at,0.08637988,0.07301174,,,,
217418_x_at,0.08638578,-0.50674011,,,,
1552448_a_at,0.08641304,-0.09069726,,,,
242806_at,0.08643295,-0.13761108,,,,
238954_at,0.08643518,-0.15600639,,,,
1566157_x_at,0.08643639,-0.11303428,,,,
1561564_at,0.08643863,0.06955929,,,,
210025_s_at,0.08645083,-0.14485844,,,,
241470_x_at,0.08645607,0.61390854,,,,
209907_s_at,0.08646219,-0.22642056,,,,
45749_at,0.08646988,-0.22884951,,,,
203234_at,0.08647351,-0.50679242,,,,
233370_at,0.08648059,-0.12772666,,,,
228917_at,0.08649809,0.21339115,,,,
213467_at,0.0865261,0.31993545,,,,
240296_at,0.08654762,0.15073,,,,
203351_s_at,0.08658685,0.22653551,,,,
230598_at,0.08661201,0.35562481,,,,
234349_at,0.08661392,-0.0973937,,,,
208775_at,0.08662788,0.168848,,,,
230198_at,0.08664601,0.35524389,,,,
206101_at,0.08664947,0.68486467,,,,
230937_at,0.08665573,0.34906276,,,,
1562540_at,0.08666253,-0.1285213,,,,
213195_at,0.0866745,0.2621639,,,,
236964_at,0.08670467,0.09180792,,,,
214695_at,0.08670776,0.35183189,,,,
209275_s_at,0.08671022,-0.33961268,,,,
239912_at,0.08672672,-0.10813489,,,,
234874_at,0.08673542,-0.17993881,,,,
244806_at,0.08673934,-0.09829361,,,,
1561082_at,0.08674895,-0.11033986,,,,
219845_at,0.08674934,0.29946191,,,,
201549_x_at,0.08678779,0.34869803,,,,
224527_at,0.08680276,0.12879618,,,,
238032_at,0.0868141,-0.22345966,,,,
220570_at,0.0868283,-0.38979584,,,,
239601_at,0.08684134,0.19646686,,,,
215969_at,0.08686165,-0.10907708,,,,
1557022_at,0.08687646,-0.10092314,,,,
226592_at,0.08687878,0.42780969,,,,
238216_at,0.08688082,-0.11420121,,,,
220009_at,0.08689803,-0.29819831,,,,
237593_at,0.08692068,0.17805125,,,,
239373_at,0.08693247,-0.15166828,,,,
207648_at,0.08694863,-0.15756053,,,,
210184_at,0.08697495,-0.32502097,,,,
240607_at,0.08697734,-0.15927101,,,,
201423_s_at,0.08698409,-0.27513431,,,,
210651_s_at,0.0869967,-0.30275086,,,,
215086_at,0.08700281,0.0834646,,,,
222935_x_at,0.08700313,-0.17821776,,,,
239140_at,0.08700986,0.34353739,,,,
1556496_a_at,0.08701272,-0.12427691,,,,
228026_at,0.08702258,0.24996937,,,,
232597_x_at,0.08703557,0.35535009,,,,
215688_at,0.08706029,-0.14089781,,,,
229831_at,0.0870787,0.90159052,,,,
229720_at,0.08712953,-0.54919627,,,,
1554772_at,0.08714036,-0.11499131,,,,
1554026_a_at,0.08714526,-0.44507043,,,,
202317_s_at,0.08715753,-0.24059494,,,,
215883_at,0.08716764,-0.1182318,,,,
218857_s_at,0.08718658,-0.58127348,,,,
1559141_s_at,0.08719323,0.26846674,,,,
207931_s_at,0.0872427,-0.11774386,,,,
210796_x_at,0.08726384,-0.15037696,,,,
1562785_at,0.0873344,-0.09586355,,,,
1570282_at,0.08735686,-0.12590245,,,,
213298_at,0.08736617,0.27777272,,,,
226367_at,0.0873681,0.2787843,,,,
229887_at,0.08738712,-0.26041625,,,,
221630_s_at,0.08739696,-0.08257063,,,,
1553511_at,0.08739748,-0.10196357,,,,
211267_at,0.08742152,-0.18528943,,,,
227014_at,0.08742478,-0.50320022,,,,
211315_s_at,0.08742574,0.12985074,,,,
1570618_at,0.08748443,-0.07645514,,,,
239825_at,0.08750985,0.32524562,,,,
214738_s_at,0.08752099,-0.15556695,,,,
231871_at,0.08753536,0.3176073,,,,
200968_s_at,0.08753741,0.21494864,,,,
240393_at,0.0875452,-0.12847118,,,,
1555086_at,0.08755368,-0.15035401,,,,
206093_x_at,0.08756709,0.63732606,,,,
235196_at,0.08759253,0.24152723,,,,
209098_s_at,0.08759494,0.60352574,,,,
212246_at,0.08760562,0.26092875,,,,
210338_s_at,0.08760593,-0.23477879,,,,
1557193_at,0.08761533,0.18971637,,,,
231261_at,0.08761759,-0.14385004,,,,
239612_at,0.08768201,0.14304773,,,,
211648_at,0.08771458,-0.1577088,,,,
215194_at,0.08771992,-0.16159364,,,,
200769_s_at,0.08775747,-0.39289781,,,,
214243_s_at,0.08776512,0.41867965,,,,
1570120_at,0.08776744,-0.12819336,,,,
1552307_a_at,0.08776967,0.70294372,,,,
201317_s_at,0.0877845,0.14551254,,,,
1558815_at,0.08778466,0.48125428,,,,
1568813_at,0.08779519,-0.16661094,,,,
210155_at,0.08781247,-0.20141915,,,,
209131_s_at,0.08781512,-0.3808767,,,,
224473_x_at,0.08783486,0.23108621,,,,
1569868_s_at,0.08785004,-0.27995769,,,,
227251_at,0.08785128,0.26975955,,,,
1553122_s_at,0.0878545,0.29307991,,,,
1555653_at,0.0878862,-0.18442233,,,,
214539_at,0.08789562,-0.15631181,,,,
212433_x_at,0.08790493,-0.12715009,,,,
1562439_at,0.08790568,-0.08101818,,,,
1556951_at,0.08790693,0.09830807,,,,
237249_at,0.08795212,-0.14826083,,,,
219657_s_at,0.08796435,-0.30599185,,,,
210277_at,0.08797252,0.36121054,,,,
1555274_a_at,0.08798036,0.41370051,,,,
237404_at,0.08800341,-0.11555828,,,,
231813_s_at,0.08800482,-0.18599698,,,,
243623_at,0.08801737,-0.50700399,,,,
235408_x_at,0.08803722,0.53845881,,,,
228941_at,0.08804845,0.36471249,,,,
226903_s_at,0.08805728,-0.1235059,,,,
234934_at,0.08807471,-0.10947187,,,,
221006_s_at,0.08810376,-0.27460424,,,,
221546_at,0.08816574,-0.26178258,,,,
238344_at,0.08817492,0.15218866,,,,
220571_at,0.08820123,-0.12657792,,,,
237208_at,0.08820488,0.16780076,,,,
217507_at,0.08821788,-0.15783581,,,,
234963_s_at,0.08822093,-0.25057621,,,,
201932_at,0.08825499,0.22567125,,,,
205098_at,0.08828144,-0.48001286,,,,
231410_at,0.08830184,-0.11130954,,,,
220887_at,0.08830396,-0.12650245,,,,
212153_at,0.08832341,0.26044327,,,,
210084_x_at,0.08833865,-0.54457144,,,,
224524_s_at,0.08834155,0.21032577,,,,
231824_at,0.08834764,0.41419676,,,,
226068_at,0.0883748,-0.51060584,,,,
234063_at,0.08838236,-0.12577419,,,,
214947_at,0.08839727,-0.15726297,,,,
1563235_at,0.08839784,-0.12426279,,,,
1568978_s_at,0.08840862,-0.12332166,,,,
220982_s_at,0.08841058,-0.09283494,,,,
201290_at,0.08843024,0.18850508,,,,
226145_s_at,0.08845285,0.82059446,,,,
231433_at,0.08846777,-0.0969648,,,,
226371_at,0.0884749,0.31552945,,,,
1564807_at,0.08847535,0.2311267,,,,
224014_at,0.08849253,-0.14483978,,,,
216990_at,0.08849815,-0.12138709,,,,
231038_s_at,0.08850028,-0.12485808,,,,
204878_s_at,0.08850431,-0.13516162,,,,
1555073_at,0.08853201,-0.08094451,,,,
204971_at,0.08854037,0.80231775,,,,
207345_at,0.0885533,0.55765007,,,,
242662_at,0.08858606,0.39369555,,,,
237187_at,0.08858823,0.41749857,,,,
210266_s_at,0.08859358,0.21851811,,,,
234688_x_at,0.08862242,0.26973775,,,,
233096_at,0.08863155,-0.07861339,,,,
1556834_at,0.08866078,-0.80034951,,,,
1562928_at,0.08869743,-0.09478871,,,,
236648_at,0.08872001,0.23791547,,,,
223503_at,0.08872593,-0.77379317,,,,
232478_at,0.08873406,0.42227221,,,,
1557529_at,0.08875092,0.15536734,,,,
211387_x_at,0.08876563,-0.14013488,,,,
203922_s_at,0.08876779,-0.50137465,,,,
233494_at,0.08878507,-0.11084514,,,,
228224_at,0.08879033,0.58194158,,,,
213312_at,0.08880044,0.2577914,,,,
209112_at,0.08883461,-0.26252082,,,,
243917_at,0.08883464,-0.1757219,,,,
202424_at,0.08886284,-0.27232616,,,,
208556_at,0.08886766,-0.11210201,,,,
241765_at,0.08887033,-0.63754011,,,,
221082_s_at,0.08888559,-0.30889696,,,,
235168_at,0.08889079,0.34096186,,,,
220370_s_at,0.08889311,0.29345162,,,,
1562371_s_at,0.08889435,-0.1070782,,,,
232392_at,0.08891943,0.27787664,,,,
212532_s_at,0.08891959,0.17713352,,,,
1558315_s_at,0.08892651,0.16100006,,,,
228898_s_at,0.0889409,-0.10260631,,,,
222413_s_at,0.08897983,-0.37888741,,,,
208055_s_at,0.08901963,-0.35206335,,,,
237870_at,0.0890937,-0.12683974,,,,
1554694_at,0.08910452,-0.09800859,,,,
229502_at,0.08915738,-0.231668,,,,
234512_x_at,0.08917835,-0.21078278,,,,
1565715_at,0.08919634,-0.14309882,,,,
1555110_a_at,0.08921486,-0.09062042,,,,
1558934_a_at,0.08921783,0.24745018,,,,
34846_at,0.08922264,-0.12198157,,,,
1562718_at,0.08922302,0.14826402,,,,
1556361_s_at,0.08922603,0.17809042,,,,
206534_at,0.08925042,-0.20302261,,,,
211366_x_at,0.08926626,-0.38858059,,,,
234108_at,0.08928136,0.07226498,,,,
204775_at,0.0892819,0.25626281,,,,
235377_at,0.08929592,0.76932271,,,,
242984_at,0.08932674,0.18117206,,,,
223951_at,0.08935762,-0.12428624,,,,
234246_at,0.08940445,-0.1227252,,,,
223611_s_at,0.08941128,0.45025157,,,,
1556283_s_at,0.08944271,0.32075302,,,,
243576_at,0.08944942,-0.10654006,,,,
217992_s_at,0.08945047,-0.38818218,,,,
233886_at,0.08949424,-0.1194188,,,,
212763_at,0.08949439,0.28266536,,,,
223793_at,0.08949549,-0.22049625,,,,
222840_at,0.08950177,0.22407239,,,,
202938_x_at,0.08950952,-0.15306258,,,,
218093_s_at,0.08951779,-0.32589049,,,,
221448_s_at,0.08953905,-0.12002007,,,,
233957_at,0.0895437,-0.09908368,,,,
214051_at,0.0895685,0.70694257,,,,
229602_at,0.08958757,0.2514149,,,,
200966_x_at,0.08960724,-0.29821169,,,,
241134_at,0.0896145,-0.09898926,,,,
223225_s_at,0.08961714,0.23167098,,,,
242020_s_at,0.08963553,-0.25258933,,,,
1554012_at,0.08965881,-0.36047563,,,,
208286_x_at,0.0896772,-0.18038584,,,,
223313_s_at,0.08968135,0.50289279,,,,
235347_at,0.08970982,0.2391124,,,,
230381_at,0.08974648,-0.42314859,,,,
1562691_at,0.0897473,-0.12058176,,,,
212849_at,0.08976281,-0.16013301,,,,
231370_at,0.08977004,0.29778119,,,,
216712_at,0.08978233,0.07603843,,,,
214495_at,0.08978924,-0.13237216,,,,
1552935_at,0.08980424,-0.15532889,,,,
212851_at,0.089811,0.23894065,,,,
1553193_at,0.08982504,0.2353895,,,,
1558968_at,0.08983254,-0.08451282,,,,
1553483_at,0.0898493,-0.12592,,,,
220410_s_at,0.08985803,0.21559982,,,,
233393_at,0.08985831,0.1863186,,,,
231377_at,0.08986088,-0.17016304,,,,
210549_s_at,0.08988835,-0.45350483,,,,
234636_at,0.08990052,-0.11299561,,,,
209580_s_at,0.08990193,0.24956221,,,,
210078_s_at,0.08992904,0.62967375,,,,
224326_s_at,0.08993407,0.22365878,,,,
231242_at,0.089936,-0.1155554,,,,
219137_s_at,0.08994991,0.20656632,,,,
233285_at,0.0899563,-0.09400691,,,,
236837_x_at,0.08996309,0.42514318,,,,
1560309_s_at,0.08998144,-0.07557371,,,,
1553011_at,0.09000026,-0.12508451,,,,
220144_s_at,0.09000939,0.40963316,,,,
206719_at,0.09001405,-0.14917282,,,,
227189_at,0.0900237,-0.2472604,,,,
234542_at,0.09002457,-0.09858392,,,,
1553423_a_at,0.09003199,0.35338677,,,,
208321_s_at,0.09003445,0.14562433,,,,
225972_at,0.09004423,0.39585096,,,,
234298_at,0.09004922,-0.10012688,,,,
241602_at,0.09007056,-0.14845159,,,,
201243_s_at,0.0900727,-0.52880801,,,,
244732_at,0.09012439,0.25790871,,,,
243910_x_at,0.09012635,0.356723,,,,
232368_at,0.09017347,0.15065811,,,,
212954_at,0.09017483,0.36762453,,,,
1559495_at,0.09018645,-0.11759866,,,,
204811_s_at,0.09018799,-0.49158072,,,,
232503_at,0.09020198,-0.16309477,,,,
1569033_at,0.09020225,-0.10900697,,,,
234537_at,0.09020658,-0.12473772,,,,
244039_x_at,0.09020915,0.14585484,,,,
234957_at,0.09022465,-0.10098038,,,,
1561324_at,0.09024874,-0.10591335,,,,
232565_at,0.0902509,0.20606982,,,,
201118_at,0.09027633,-0.41366616,,,,
219404_at,0.09028612,-0.82134174,,,,
243944_at,0.09029172,-0.13997066,,,,
235818_at,0.0903032,-0.38155515,,,,
1554311_a_at,0.09030792,0.12753119,,,,
226265_at,0.09031064,0.32177394,,,,
204881_s_at,0.09032721,-0.36670939,,,,
215987_at,0.09032816,-0.13556319,,,,
230755_at,0.09035894,-0.17948555,,,,
1558048_x_at,0.09039958,0.48338516,,,,
1561208_at,0.09040064,-0.09919551,,,,
230607_at,0.09040358,-0.12097179,,,,
201205_at,0.09040376,0.23570476,,,,
232485_at,0.09040769,0.15172745,,,,
241067_at,0.09041054,-0.18963602,,,,
240070_at,0.09042234,-0.27415278,,,,
32837_at,0.09042619,-0.37778212,,,,
221273_s_at,0.0904413,-0.19935433,,,,
235847_at,0.09044909,0.30869728,,,,
218430_s_at,0.09046687,0.34038666,,,,
207951_at,0.09047196,-0.12342697,,,,
216994_s_at,0.09050451,-0.10515483,,,,
1552299_at,0.09052444,-0.28996594,,,,
229798_s_at,0.09055837,-0.19451999,,,,
1552423_at,0.09057412,-0.1377953,,,,
1565786_x_at,0.09058203,0.25864385,,,,
223985_at,0.09060183,-0.29267364,,,,
223237_x_at,0.09061258,-0.13384375,,,,
203729_at,0.09061317,-0.61911328,,,,
209817_at,0.09063577,0.31491108,,,,
208170_s_at,0.09063829,-0.92505104,,,,
240796_at,0.09063857,0.11211097,,,,
244009_at,0.090654,-0.08791715,,,,
235249_at,0.0906773,-0.12798028,,,,
205599_at,0.09068366,-0.21202215,,,,
239596_at,0.09069123,0.1833912,,,,
240578_at,0.09069737,-0.10871309,,,,
228661_s_at,0.09071556,0.36510577,,,,
202080_s_at,0.09072114,-0.27485682,,,,
242639_at,0.09073676,0.32256407,,,,
1556967_at,0.09074435,-0.10073366,,,,
225031_at,0.09075749,0.288225,,,,
211475_s_at,0.09077222,-0.2828503,,,,
244816_at,0.0907933,-0.11729455,,,,
205202_at,0.09080389,0.22731917,,,,
215255_at,0.09084373,-0.10391737,,,,
220042_x_at,0.09085218,-0.1237941,,,,
1566903_at,0.09085615,-0.12636504,,,,
224168_at,0.09086171,-0.12131849,,,,
219405_at,0.09086213,-0.3374671,,,,
228801_at,0.09087367,0.31721443,,,,
240034_at,0.09088096,-0.10452624,,,,
235135_at,0.09088481,-0.1087683,,,,
209313_at,0.09088624,0.22021926,,,,
1552976_at,0.09089519,-0.11694459,,,,
236301_at,0.09089616,-0.30204147,,,,
240353_s_at,0.09089868,0.23861315,,,,
231317_at,0.09091464,-0.15561982,,,,
1559265_at,0.09092597,0.26582021,,,,
244234_at,0.09093759,-0.13163231,,,,
1552528_at,0.09094028,-0.11273067,,,,
1565065_at,0.09094422,-0.10336661,,,,
1557121_s_at,0.09095232,0.29854358,,,,
1568887_at,0.0909558,-0.09887386,,,,
208346_at,0.0909581,-0.09222715,,,,
232274_at,0.09096721,-0.20578997,,,,
225098_at,0.09098364,0.40517679,,,,
225032_at,0.09099131,0.31149772,,,,
234374_at,0.09101029,0.06941604,,,,
232976_at,0.09101649,-0.16499155,,,,
218478_s_at,0.09103056,0.23925479,,,,
221756_at,0.09103542,-0.30833692,,,,
1558758_s_at,0.09104043,-0.16080594,,,,
233947_s_at,0.09104258,-0.5487181,,,,
1564154_at,0.09106936,-0.1588139,,,,
212534_at,0.09108194,0.2482213,,,,
220742_s_at,0.09109033,0.17049046,,,,
238445_x_at,0.09110577,-0.18934352,,,,
1560992_at,0.09111087,0.0653766,,,,
214574_x_at,0.09112393,-0.44607098,,,,
1555051_at,0.09114736,-0.10328257,,,,
228599_at,0.09119331,-0.29420685,,,,
238730_at,0.09127217,-0.14537749,,,,
212333_at,0.09128001,0.23287558,,,,
228790_at,0.09128214,0.64895122,,,,
212714_at,0.09130767,0.25597023,,,,
218023_s_at,0.09130901,0.1761352,,,,
218889_at,0.0913349,0.25452527,,,,
237488_at,0.09133837,-0.07261375,,,,
222686_s_at,0.09134527,-0.32448389,,,,
230572_at,0.09134893,-0.1355325,,,,
1560813_at,0.09135242,0.23350739,,,,
242428_at,0.09137254,0.36508947,,,,
220382_s_at,0.09138139,0.33935542,,,,
211303_x_at,0.09138762,0.62347084,,,,
213597_s_at,0.09140442,-0.24162716,,,,
1556527_a_at,0.09142085,-0.15204535,,,,
243778_at,0.09146609,-0.08754458,,,,
1568702_a_at,0.09147067,-0.11954885,,,,
233218_at,0.09147693,-0.10301503,,,,
213954_at,0.09148001,0.53361317,,,,
236592_at,0.0914891,0.13566131,,,,
1560031_at,0.09150055,0.34627604,,,,
207405_s_at,0.091504,0.22223518,,,,
201505_at,0.09152283,0.53390028,,,,
215808_at,0.09153712,-0.36817479,,,,
215781_s_at,0.09153744,-0.24612159,,,,
1565000_a_at,0.09154528,-0.10897888,,,,
221600_s_at,0.09154653,0.24214737,,,,
242635_s_at,0.09155862,-0.3504362,,,,
230165_at,0.09156879,0.43050495,,,,
203523_at,0.09157051,-0.41146642,,,,
237555_at,0.09159942,-0.15494132,,,,
235440_at,0.09160475,0.25874659,,,,
1569386_at,0.09160816,-0.12995499,,,,
228059_x_at,0.09164388,0.16555262,,,,
216075_at,0.09164391,-0.11169422,,,,
230173_at,0.09167381,-0.18260706,,,,
220853_at,0.0916845,-0.1517087,,,,
201939_at,0.09170045,0.4723609,,,,
236351_at,0.09170149,-0.45674428,,,,
218779_x_at,0.09174318,-0.39262548,,,,
1553912_at,0.09175251,-0.07842485,,,,
237720_at,0.09175783,-0.26529969,,,,
244209_at,0.09175952,-0.09156451,,,,
1555222_a_at,0.09176096,-0.116021,,,,
239872_at,0.09177636,-0.21752026,,,,
234446_at,0.09178939,-0.13155858,,,,
238856_s_at,0.09180322,0.44568336,,,,
228533_at,0.09180658,-0.11547129,,,,
236979_at,0.09181539,-0.68213211,,,,
233566_at,0.09183881,-0.10598904,,,,
201080_at,0.09185097,0.20809534,,,,
210221_at,0.09187856,-0.43725954,,,,
1561301_at,0.09187912,-0.13633339,,,,
1564236_at,0.09188186,-0.13562551,,,,
210740_s_at,0.09188657,-0.2224016,,,,
233517_s_at,0.09189669,-0.1472715,,,,
242466_at,0.09190509,-0.0955056,,,,
216492_at,0.0919099,-0.11894585,,,,
229582_at,0.0919221,0.17066532,,,,
1553225_s_at,0.09193553,-0.22535694,,,,
1560765_a_at,0.09196641,-0.12093877,,,,
229077_at,0.09197678,0.10564756,,,,
1559770_at,0.09200308,-0.08999886,,,,
222312_s_at,0.09202228,0.35384195,,,,
234253_at,0.09204245,-0.09368514,,,,
211772_x_at,0.09204606,-0.15201364,,,,
214625_s_at,0.0920595,-0.1086353,,,,
209903_s_at,0.09206581,0.27035623,,,,
225293_at,0.09207598,0.49582932,,,,
233988_x_at,0.09208142,-0.12173704,,,,
224515_at,0.09209267,-0.12321076,,,,
1554041_at,0.09210153,0.10725587,,,,
223570_at,0.09213356,0.41633586,,,,
244629_s_at,0.09215164,-0.09234933,,,,
1555408_at,0.09217604,-0.29441725,,,,
241960_at,0.09226404,-0.09032041,,,,
242399_at,0.09228059,-0.09809483,,,,
219030_at,0.09229275,0.26623832,,,,
1562162_at,0.09231087,-0.09047481,,,,
239867_at,0.09231434,0.16941282,,,,
237857_at,0.09231535,-0.12798653,,,,
225625_at,0.09233287,0.29667772,,,,
226927_at,0.09233897,0.28272182,,,,
213775_x_at,0.09234009,0.18776111,,,,
223740_at,0.09235992,-0.13262123,,,,
219287_at,0.09236395,0.42421132,,,,
219697_at,0.09237889,-0.56747353,,,,
232435_at,0.09240179,-0.1285972,,,,
1569186_at,0.09240777,0.13424241,,,,
1556281_at,0.09242133,-0.126039,,,,
240748_at,0.09242523,-0.10039574,,,,
239543_s_at,0.09243122,-0.27814281,,,,
222081_at,0.09243564,0.13885869,,,,
1560889_a_at,0.09244878,-0.09856429,,,,
1552656_s_at,0.09248213,-0.45854836,,,,
205091_x_at,0.09250888,0.32807129,,,,
218494_s_at,0.09251964,0.32103827,,,,
235222_x_at,0.09256542,-0.27241699,,,,
218170_at,0.09262026,0.41268582,,,,
206360_s_at,0.09262151,-0.19038803,,,,
1570597_at,0.09262281,-0.09726704,,,,
205821_at,0.09262779,-0.43107103,,,,
1563139_at,0.09264733,0.09495554,,,,
224452_s_at,0.09265768,0.27620517,,,,
233295_at,0.09267098,-0.07672467,,,,
225178_at,0.09268393,0.35336117,,,,
238696_at,0.09268791,0.16421011,,,,
235098_at,0.09269215,-0.14850416,,,,
213650_at,0.09272601,-0.26749705,,,,
1562216_at,0.09272982,-0.16897706,,,,
206756_at,0.09275652,0.45617924,,,,
52078_at,0.09279627,-0.15355861,,,,
242206_at,0.09281237,0.68430515,,,,
231064_s_at,0.0928217,-0.27746688,,,,
244704_at,0.09282654,0.23249744,,,,
208792_s_at,0.09286612,0.84549592,,,,
233704_at,0.09286751,-0.08694411,,,,
205131_x_at,0.09289814,-0.34833587,,,,
216738_at,0.09291532,-0.11454003,,,,
219471_at,0.09291687,-0.68409005,,,,
202653_s_at,0.09292777,0.21992542,,,,
1557924_s_at,0.09293605,-0.23266621,,,,
207861_at,0.09294113,-0.32457532,,,,
207935_s_at,0.09295336,0.89368045,,,,
205787_x_at,0.09296407,0.25401337,,,,
207280_at,0.09296768,-0.18813796,,,,
239395_at,0.09297919,-0.10331046,,,,
212827_at,0.09299668,-0.54658874,,,,
1559048_at,0.09299853,-0.130042,,,,
201106_at,0.09300163,-0.25635801,,,,
240965_at,0.09301126,-0.11158775,,,,
1567255_at,0.09301134,-0.16074929,,,,
212543_at,0.09303046,-0.64212145,,,,
234903_at,0.0930324,-0.13099652,,,,
203826_s_at,0.09303723,-0.21680722,,,,
215100_at,0.0930478,-0.25059775,,,,
1557483_at,0.09306546,-0.11080817,,,,
208134_x_at,0.09307765,-0.12454734,,,,
219034_at,0.09308168,0.20138693,,,,
202278_s_at,0.09309566,-0.34614642,,,,
215662_at,0.09310002,-0.12923245,,,,
232684_at,0.09310269,-0.24949864,,,,
229134_at,0.09316602,0.32665491,,,,
1554260_a_at,0.0931879,-0.32841864,,,,
231743_at,0.09319749,0.20519145,,,,
203687_at,0.09319791,0.34541157,,,,
234198_at,0.09321117,-0.13068203,,,,
231429_at,0.09323496,-0.1239132,,,,
233603_at,0.09326633,-0.0833707,,,,
1563341_at,0.09327592,0.11442713,,,,
218984_at,0.09327794,0.35692364,,,,
1558920_at,0.09327871,-0.093373,,,,
202959_at,0.09330217,0.39254144,,,,
210992_x_at,0.09330611,-0.4071504,,,,
214374_s_at,0.09333898,0.31265114,,,,
201368_at,0.09337802,-0.2910792,,,,
228279_s_at,0.09339402,-0.10200579,,,,
203054_s_at,0.09341818,-0.21503619,,,,
236574_at,0.09342728,-0.1998192,,,,
207329_at,0.09344733,-0.18388011,,,,
211190_x_at,0.09345341,-0.35869279,,,,
235282_at,0.09346528,0.3334144,,,,
1563709_at,0.09348417,-0.12852997,,,,
232192_at,0.09348457,-0.16405094,,,,
236456_at,0.09349145,0.10750991,,,,
205617_at,0.09353182,-0.22950813,,,,
211326_x_at,0.09354194,-0.18119355,,,,
238532_at,0.09356281,0.26574927,,,,
237184_at,0.09356695,0.13761263,,,,
223547_at,0.09357289,0.36065549,,,,
209658_at,0.09357966,-0.26719625,,,,
216730_at,0.09358028,-0.16339962,,,,
236656_s_at,0.09358287,0.56267803,,,,
206586_at,0.09358851,-0.12215576,,,,
217030_at,0.09359139,-0.14398215,,,,
223001_at,0.09360215,0.16134128,,,,
241143_at,0.09361352,0.14340927,,,,
243791_at,0.09361878,0.26464732,,,,
234224_at,0.09362776,0.1850962,,,,
232847_at,0.09363983,-0.10375624,,,,
211883_x_at,0.09366065,-0.72713493,,,,
1562507_at,0.09366384,-0.09764793,,,,
220104_at,0.09370041,-0.34949884,,,,
1558595_at,0.09370328,-0.08214666,,,,
232309_at,0.09372373,-0.23165142,,,,
202109_at,0.09373266,-0.2773016,,,,
239324_at,0.09373446,-0.21260309,,,,
218520_at,0.09373634,0.1925701,,,,
230603_at,0.09375109,-0.11316891,,,,
203085_s_at,0.0937512,-0.45861117,,,,
1563007_at,0.09376823,-0.1022691,,,,
220722_s_at,0.09377054,-0.10228479,,,,
220115_s_at,0.09378074,-0.09009277,,,,
221665_s_at,0.09381806,-0.47797527,,,,
235170_at,0.09384546,0.43062346,,,,
213299_at,0.09385165,-0.3568106,,,,
1553880_at,0.0938518,-0.11488979,,,,
217853_at,0.09385685,-0.28183548,,,,
226713_at,0.09386724,0.42789566,,,,
213280_at,0.09386812,-0.48715053,,,,
240592_at,0.09389803,-0.27773847,,,,
1564012_at,0.09391541,-0.16100348,,,,
216985_s_at,0.09391671,-0.4947115,,,,
205445_at,0.0939215,-0.1546277,,,,
208452_x_at,0.09392582,-0.16834145,,,,
244564_at,0.09392854,-0.10697418,,,,
241068_at,0.09393536,-0.48775483,,,,
1559754_at,0.09394851,-0.12455429,,,,
230497_at,0.09394886,-0.44137295,,,,
232819_s_at,0.09396493,-0.11527614,,,,
224002_s_at,0.09396769,0.43530435,,,,
242129_at,0.09397072,-0.13027073,,,,
1559240_at,0.09397349,0.23202217,,,,
212588_at,0.09398308,-0.52041893,,,,
1559837_at,0.09399122,-0.09383577,,,,
218972_at,0.09401509,0.29072608,,,,
203870_at,0.094031,0.30022136,,,,
241771_at,0.09404311,-0.12517797,,,,
243510_at,0.09404419,0.27345813,,,,
223026_s_at,0.09406204,0.17560421,,,,
1569591_at,0.09407915,-0.06741741,,,,
210655_s_at,0.09408622,-0.44265928,,,,
221394_at,0.09410073,-0.1145542,,,,
230094_at,0.09415028,-0.17753172,,,,
233530_at,0.09416677,0.18043097,,,,
243197_at,0.09417318,-0.06731821,,,,
1553990_at,0.09419619,-0.15785378,,,,
226300_at,0.09421538,0.20832184,,,,
243618_s_at,0.09421952,-0.44414858,,,,
208897_s_at,0.09424613,0.19969739,,,,
226667_x_at,0.09426778,-0.14722227,,,,
1556497_a_at,0.09427487,-0.07928643,,,,
221453_at,0.09429443,-0.11344805,,,,
208577_at,0.09430451,0.10941541,,,,
1563867_at,0.09431363,-0.14014816,,,,
209730_at,0.09437503,0.24113216,,,,
243225_at,0.0943961,0.27060304,,,,
223910_at,0.09439617,-0.18957352,,,,
49327_at,0.09442761,-0.12492678,,,,
1568799_at,0.09443086,-0.13565868,,,,
35436_at,0.09446532,0.27279522,,,,
204539_s_at,0.09446832,-0.12352556,,,,
208428_at,0.09447305,-0.19341484,,,,
219843_at,0.09452729,0.28047975,,,,
237521_x_at,0.09455725,-0.81251102,,,,
239271_at,0.09459383,0.17957419,,,,
241700_at,0.09459426,0.43222589,,,,
237695_at,0.09459597,-0.10415075,,,,
231908_at,0.09462914,-0.14282548,,,,
216300_x_at,0.09463596,0.17539418,,,,
1554420_at,0.09464638,-0.13492468,,,,
206548_at,0.09464905,0.37929937,,,,
237616_at,0.09466119,0.16697873,,,,
216029_at,0.09467633,-0.10934759,,,,
235460_at,0.09467959,0.17795633,,,,
217879_at,0.094699,0.2181771,,,,
210939_s_at,0.094752,-0.0873267,,,,
229335_at,0.09475602,0.31236689,,,,
212148_at,0.09476167,0.74127675,,,,
206361_at,0.09478946,-0.15201597,,,,
229258_at,0.0947909,-0.23065763,,,,
243846_x_at,0.09481414,0.13016618,,,,
1556341_s_at,0.09485453,-0.14813374,,,,
243845_at,0.0948625,0.19209637,,,,
1561287_at,0.09487673,-0.0921602,,,,
206225_at,0.09492847,-0.10049132,,,,
229424_s_at,0.09492864,-0.14160023,,,,
240042_at,0.09494499,-0.34837833,,,,
228704_s_at,0.09497131,-0.20534588,,,,
236504_x_at,0.09501215,0.24228969,,,,
228029_at,0.0950266,0.24444645,,,,
207969_x_at,0.09504774,-0.11481907,,,,
227971_at,0.0950509,0.75425968,,,,
219722_s_at,0.09506641,-0.35756104,,,,
214914_at,0.09509492,-0.09301903,,,,
235663_at,0.09509945,-0.19447957,,,,
229023_at,0.09510329,-0.11426461,,,,
36888_at,0.09511695,-0.18620968,,,,
234177_at,0.0951266,-0.11690017,,,,
211212_s_at,0.09514497,0.27379551,,,,
1554380_at,0.09515947,-0.10807466,,,,
203894_at,0.0951599,0.28549587,,,,
1553428_at,0.09516412,-0.12489375,,,,
1569738_at,0.09516821,-0.12570489,,,,
240485_at,0.09517038,0.16354964,,,,
231132_at,0.09518418,-0.113448,,,,
236540_at,0.09518518,-0.16140566,,,,
1557645_at,0.09518665,-0.07762124,,,,
238728_at,0.09520695,0.23430403,,,,
234309_at,0.09521437,-0.08652422,,,,
1558630_at,0.09521527,-0.12171517,,,,
1552833_at,0.09525146,-0.28028229,,,,
209254_at,0.09526579,0.19181115,,,,
243238_at,0.09528524,-0.13127148,,,,
1558238_at,0.09528628,-0.09198959,,,,
235483_at,0.09529281,-0.33069498,,,,
224027_at,0.09530078,-0.66323487,,,,
223988_x_at,0.09530666,-0.17224191,,,,
223312_at,0.09531027,0.25027564,,,,
202076_at,0.09533817,0.22903228,,,,
228419_at,0.09535284,-0.14938767,,,,
226250_at,0.09537734,0.44080944,,,,
218294_s_at,0.09538491,-0.23213134,,,,
1570295_at,0.09539929,-0.12410259,,,,
232520_s_at,0.09545937,0.18753008,,,,
1562543_at,0.09546205,-0.07458258,,,,
244380_at,0.09547422,-0.08573631,,,,
210193_at,0.09548599,-0.08456288,,,,
213728_at,0.09550134,-0.25389714,,,,
223544_at,0.09551588,0.51672474,,,,
226433_at,0.09556,-0.45495062,,,,
204924_at,0.09556585,-0.41680439,,,,
233710_at,0.09556954,-0.08885716,,,,
218947_s_at,0.0955717,0.21510823,,,,
208829_at,0.09557643,-0.36465364,,,,
203690_at,0.09558603,-0.26884535,,,,
1556927_at,0.09559063,-0.09433064,,,,
207040_s_at,0.09561883,-0.171048,,,,
222236_s_at,0.09565192,0.37216379,,,,
1567410_at,0.09566189,-0.13353529,,,,
214841_at,0.09566968,-0.45164192,,,,
216142_at,0.09571746,0.15946654,,,,
234378_at,0.09573485,-0.08547343,,,,
215770_at,0.09574085,-0.08435754,,,,
221547_at,0.09577307,0.22638583,,,,
241414_at,0.0957794,-0.24524098,,,,
240743_at,0.09578998,-0.09140173,,,,
209274_s_at,0.09583784,0.18586973,,,,
233499_at,0.09584667,0.07567199,,,,
1562634_at,0.09585661,-0.06853236,,,,
1559597_at,0.09587361,-0.07224272,,,,
241940_at,0.09589181,-0.11397564,,,,
237848_at,0.09590277,-0.10023084,,,,
213960_at,0.09592253,0.4540557,,,,
236639_at,0.09592492,-0.10579238,,,,
221367_at,0.09594427,-0.12766588,,,,
1566968_at,0.09595053,-0.20604272,,,,
240138_at,0.09597123,-0.11295125,,,,
234773_x_at,0.09600409,-0.11560173,,,,
213935_at,0.09601772,0.25524006,,,,
237842_at,0.09604884,-0.08558987,,,,
223750_s_at,0.09605519,-0.12621034,,,,
1566935_at,0.09606434,-0.10328019,,,,
231394_at,0.09607297,-0.08494028,,,,
225765_at,0.09611072,0.24525907,,,,
201141_at,0.09611205,-0.50126971,,,,
210134_x_at,0.09611306,-0.19806548,,,,
211120_x_at,0.09611554,-0.18775727,,,,
241048_at,0.09613583,-0.10742166,,,,
219751_at,0.09614127,0.3447718,,,,
211844_s_at,0.09614221,-0.34103185,,,,
214186_s_at,0.09614756,-0.19800242,,,,
1558636_s_at,0.09614774,0.39765152,,,,
231658_x_at,0.09614916,-0.12258561,,,,
228398_at,0.09614995,0.19382111,,,,
222915_s_at,0.09616626,-0.28588566,,,,
1566834_at,0.09618378,-0.10217715,,,,
225832_s_at,0.09618426,-0.25293551,,,,
235989_at,0.09620684,0.2152554,,,,
222218_s_at,0.09621942,-0.40649509,,,,
1559086_at,0.09622459,0.1161801,,,,
240185_at,0.09623155,0.15338987,,,,
217005_at,0.09625937,-0.08067579,,,,
215702_s_at,0.09626813,-0.70879691,,,,
203843_at,0.09627294,-0.35904467,,,,
209970_x_at,0.09627977,-0.39940549,,,,
207335_x_at,0.09629449,0.23333056,,,,
231095_at,0.09630387,-0.17218682,,,,
239997_at,0.09630662,-0.09110886,,,,
209860_s_at,0.09630786,0.1743791,,,,
240459_at,0.09633618,0.27196533,,,,
201370_s_at,0.09637055,0.223502,,,,
212798_s_at,0.09637556,0.29092314,,,,
237262_at,0.0963849,-0.37959923,,,,
214694_at,0.0963907,-0.14162888,,,,
1562520_at,0.09639168,-0.06964204,,,,
212249_at,0.09640312,0.51075052,,,,
1552608_at,0.09640914,-0.09927888,,,,
220524_at,0.09641386,-0.1959975,,,,
201089_at,0.09642845,-0.29850212,,,,
224540_at,0.09644822,0.20778828,,,,
222580_at,0.09645098,0.21894692,,,,
236899_at,0.09648211,-0.14093808,,,,
210229_s_at,0.09649314,-0.16097725,,,,
241375_at,0.09649584,0.21569135,,,,
63305_at,0.09651545,0.36274709,,,,
217825_s_at,0.0965493,-0.25852425,,,,
1567559_s_at,0.09655027,-0.09030359,,,,
1553654_at,0.09655383,0.2184756,,,,
218622_at,0.0965557,0.26644983,,,,
1556375_at,0.09655891,-0.14939749,,,,
203471_s_at,0.09658948,-0.49638197,,,,
205949_at,0.0966033,-0.13292582,,,,
201169_s_at,0.09661097,-0.51106332,,,,
1558654_at,0.09661359,0.16236626,,,,
236865_at,0.09661462,0.14402184,,,,
200919_at,0.09661826,-0.17190803,,,,
222951_s_at,0.0966404,0.27041556,,,,
235934_at,0.09664097,0.13771187,,,,
234826_at,0.09665542,-0.0858523,,,,
222361_at,0.09667861,0.4419919,,,,
212891_s_at,0.09668443,0.2485394,,,,
216445_at,0.09671232,-0.11428374,,,,
1553865_a_at,0.0967666,-0.09402323,,,,
1564610_at,0.0967686,0.07063566,,,,
239682_at,0.09678598,0.32032144,,,,
217793_at,0.09680707,-0.14498755,,,,
203515_s_at,0.09681391,0.21884443,,,,
225536_at,0.09682041,-0.60078525,,,,
207845_s_at,0.09687093,0.3140083,,,,
232345_at,0.09688467,-0.12400827,,,,
240481_at,0.09691569,-0.1053088,,,,
216356_x_at,0.09691776,-0.14337437,,,,
216641_s_at,0.09691787,-0.47873149,,,,
1570103_at,0.09694178,0.14071354,,,,
216662_at,0.09694731,-0.09721164,,,,
233590_at,0.09695821,-0.1052801,,,,
201341_at,0.09697813,0.40181876,,,,
41037_at,0.09698132,0.44742458,,,,
218536_at,0.09698289,0.29331324,,,,
64440_at,0.09702234,-0.24874238,,,,
1554880_at,0.09703936,-0.10086539,,,,
228631_s_at,0.09704545,0.15720758,,,,
241901_at,0.09705752,-0.11478893,,,,
1558765_a_at,0.0970894,-0.11745255,,,,
234484_s_at,0.09710969,-0.10335721,,,,
238992_at,0.09712083,0.32821331,,,,
1565617_at,0.09712818,-0.11264133,,,,
1562844_at,0.09713793,-0.1093934,,,,
220300_at,0.09714315,0.26053331,,,,
202879_s_at,0.09718167,-0.22607876,,,,
224626_at,0.09724281,-0.19014756,,,,
243960_x_at,0.09726475,-0.10567432,,,,
217024_x_at,0.09726568,-0.21619104,,,,
238208_at,0.09730483,-0.1385273,,,,
234287_at,0.09730547,-0.12826251,,,,
228699_at,0.0973121,-0.39110141,,,,
226565_at,0.09731672,0.34543599,,,,
242565_x_at,0.09731789,-0.29594947,,,,
215137_at,0.09732564,-0.13502032,,,,
217407_x_at,0.09732783,-0.13704514,,,,
223950_s_at,0.09735333,-0.15089678,,,,
206760_s_at,0.09735502,-0.12191674,,,,
1563331_at,0.09736149,0.17253618,,,,
200078_s_at,0.09738158,-0.25528116,,,,
226909_at,0.09739714,0.49106626,,,,
1553768_a_at,0.09740692,-0.32571879,,,,
202421_at,0.09742391,0.49264197,,,,
224825_at,0.09743049,-0.32834201,,,,
1570239_a_at,0.09743481,-0.11729079,,,,
205516_x_at,0.09743855,-0.24205129,,,,
232675_s_at,0.09745581,-0.33981554,,,,
1554574_a_at,0.09747427,-0.46140332,,,,
201524_x_at,0.09751015,0.19822116,,,,
237008_at,0.09752005,-0.13396942,,,,
219574_at,0.0975236,-0.47432717,,,,
210344_at,0.09753706,-0.10692144,,,,
235188_at,0.09754128,-0.11149989,,,,
243171_at,0.09756863,0.17923067,,,,
230819_at,0.09757432,-0.13442663,,,,
230455_at,0.09758828,-0.1086215,,,,
1561487_at,0.09760428,-0.09076729,,,,
239569_at,0.09760925,-0.22020104,,,,
200967_at,0.09763907,0.16503924,,,,
234670_at,0.097655,-0.10075166,,,,
1566469_at,0.09767976,-0.16622713,,,,
210100_s_at,0.09769868,-0.12692785,,,,
230356_at,0.09771349,0.30712651,,,,
217439_at,0.09772401,-0.09822618,,,,
232769_at,0.09774824,-0.12947365,,,,
209551_at,0.09774974,0.21693858,,,,
222427_s_at,0.09776813,-0.23705056,,,,
239042_at,0.09778145,0.2438836,,,,
214632_at,0.09784699,-0.38875393,,,,
214138_at,0.09785019,0.19852916,,,,
1567443_x_at,0.09785461,0.17136855,,,,
1556250_at,0.09785839,-0.1063661,,,,
234964_at,0.09786732,-0.17581953,,,,
244339_at,0.09789785,-0.1363339,,,,
1566509_s_at,0.09789892,0.23319596,,,,
1570185_at,0.09791293,-0.10304967,,,,
209819_at,0.09793069,0.14247542,,,,
228610_at,0.09793858,-0.41120208,,,,
213009_s_at,0.0979436,0.24093637,,,,
1558210_at,0.09794804,-0.08390288,,,,
234695_x_at,0.09795827,-0.11413114,,,,
239774_at,0.09796462,-0.10965383,,,,
216155_at,0.09800737,-0.0858524,,,,
218564_at,0.09800766,0.293037,,,,
204708_at,0.09804338,-0.0957694,,,,
243409_at,0.09804864,-0.33731675,,,,
213827_at,0.09805487,-0.13611721,,,,
221446_at,0.09806946,-0.11263708,,,,
240630_at,0.09809811,-0.1646642,,,,
243474_at,0.09810972,-0.07805059,,,,
235187_s_at,0.09811472,0.10887504,,,,
228153_at,0.09813407,0.52568071,,,,
239874_at,0.09813781,-0.09320323,,,,
212058_at,0.09814611,0.26531542,,,,
1570015_at,0.0981755,-0.17260766,,,,
238184_at,0.09818438,-0.20011154,,,,
241361_at,0.09820275,-0.12918839,,,,
209482_at,0.09821679,0.22018495,,,,
234754_at,0.09823615,-0.11073047,,,,
1558017_s_at,0.09824365,0.2874332,,,,
222630_at,0.09824734,0.28710719,,,,
234479_at,0.09826821,-0.11125122,,,,
1564378_a_at,0.09827345,0.37932099,,,,
221265_s_at,0.09832506,0.14986653,,,,
215267_s_at,0.09833082,-0.15566509,,,,
238697_at,0.09834201,0.33444104,,,,
1559986_at,0.09835281,-0.0637552,,,,
228425_at,0.09836162,-0.63521578,,,,
1561330_at,0.09837649,-0.22081154,,,,
206170_at,0.09838505,-0.64809706,,,,
213387_at,0.09839043,0.26851412,,,,
216592_at,0.09839773,-0.09860297,,,,
239888_at,0.09841388,0.27373697,,,,
230347_at,0.09843247,-0.1078332,,,,
220072_at,0.09847348,0.28755132,,,,
219434_at,0.09847911,-0.75673493,,,,
204626_s_at,0.09848639,-0.12357895,,,,
203707_at,0.09853564,-0.17630863,,,,
204381_at,0.09856085,0.31112863,,,,
234691_at,0.09856679,-0.1007981,,,,
1561476_at,0.09861509,-0.08725035,,,,
206940_s_at,0.09862159,-0.18664309,,,,
207859_s_at,0.09862418,-0.09622097,,,,
240307_at,0.0986348,-0.33076422,,,,
1558874_a_at,0.09864046,-0.11066442,,,,
1562069_at,0.09864101,0.09384937,,,,
222982_x_at,0.09865177,0.24002098,,,,
1553046_s_at,0.09865222,-0.11551996,,,,
1559942_at,0.09866615,0.36354065,,,,
219799_s_at,0.09868756,-0.55740496,,,,
1569009_s_at,0.09869701,-0.11532416,,,,
231514_at,0.09869816,-0.13086214,,,,
39966_at,0.09869897,-0.48902167,,,,
236129_at,0.09869979,-0.72876999,,,,
221215_s_at,0.09870199,0.49105981,,,,
1552940_at,0.09870607,-0.09650769,,,,
1567856_x_at,0.09871102,-0.10303665,,,,
202809_s_at,0.09872775,0.24232964,,,,
204992_s_at,0.09874712,0.59192576,,,,
203716_s_at,0.09877259,-0.63834002,,,,
209662_at,0.09877579,0.2646395,,,,
225191_at,0.09878585,-0.35732269,,,,
216328_at,0.09878794,-0.09150438,,,,
228638_at,0.09880513,0.25807337,,,,
227531_at,0.09884893,0.24462821,,,,
222849_s_at,0.09886517,0.25108686,,,,
221619_s_at,0.09888071,0.18823772,,,,
213867_x_at,0.09889232,-0.14847747,,,,
219779_at,0.09889294,0.3847134,,,,
233969_at,0.09894433,-0.34382189,,,,
219634_at,0.09895932,-0.51083211,,,,
217813_s_at,0.09902192,0.30268856,,,,
232608_x_at,0.09902733,0.26598361,,,,
207530_s_at,0.099032,-0.28047129,,,,
201139_s_at,0.09905485,0.20776159,,,,
237250_at,0.09906501,-0.3493689,,,,
226889_at,0.09908758,0.34905149,,,,
225195_at,0.09908989,0.27236178,,,,
218710_at,0.09909905,0.24628064,,,,
215789_s_at,0.09910466,-0.29541935,,,,
214184_at,0.09910982,-0.12385656,,,,
1564467_at,0.09914903,0.30189456,,,,
203275_at,0.09915922,-0.27740997,,,,
1559787_at,0.09921189,-0.11286354,,,,
203578_s_at,0.09921648,-0.24915905,,,,
1556595_at,0.09925812,0.12829991,,,,
215415_s_at,0.09926008,-0.15308208,,,,
209073_s_at,0.09927239,-0.20339818,,,,
214618_at,0.09928014,-0.09001091,,,,
231599_x_at,0.09929892,-0.14260702,,,,
217818_s_at,0.09930606,-0.27662089,,,,
201806_s_at,0.09930982,-0.17728473,,,,
207778_at,0.09933877,-0.16622323,,,,
217275_at,0.09935256,-0.12876618,,,,
212189_s_at,0.09936666,-0.20938846,,,,
1553974_at,0.09938101,-0.25564046,,,,
236748_at,0.09945841,-0.10276387,,,,
1561371_at,0.09947691,-0.22442604,,,,
1555757_at,0.09948053,-0.06453018,,,,
225167_at,0.09950563,0.44301544,,,,
223169_s_at,0.09950643,-0.44119807,,,,
211882_x_at,0.09951158,-0.52216332,,,,
242495_at,0.09953919,-0.07520779,,,,
1558599_at,0.09955025,0.09675809,,,,
222365_at,0.09955361,0.22569524,,,,
202049_s_at,0.09955437,0.26330671,,,,
239422_at,0.09957521,0.20588137,,,,
1566137_s_at,0.0995781,-0.106857,,,,
220045_at,0.09959523,-0.35651287,,,,
229444_at,0.09960476,0.25566021,,,,
215247_at,0.09961996,0.31223489,,,,
224229_s_at,0.09963862,-0.33116125,,,,
216636_at,0.09964353,-0.08932628,,,,
244365_at,0.09966525,-0.08975412,,,,
1569189_at,0.09970447,0.15602539,,,,
1553987_at,0.09972952,-0.23052749,,,,
235411_at,0.09973236,0.35282774,,,,
222922_at,0.09973747,-0.60615575,,,,
211558_s_at,0.09974624,-0.28073105,,,,
204153_s_at,0.099749,-0.40531214,,,,
208802_at,0.09981715,0.20237257,,,,
1554248_at,0.09982898,-0.18628497,,,,
204055_s_at,0.09984976,0.30663662,,,,
209273_s_at,0.09988527,0.16061612,,,,
1556297_a_at,0.09991832,-0.09658585,,,,
241480_at,0.09993351,-0.10560751,,,,
1562598_at,0.09993439,-0.10178406,,,,
1562893_at,0.09996017,-0.10482538,,,,
237994_at,0.09996226,-0.1127695,,,,
243615_at,0.09997125,-0.11290785,,,,
207528_s_at,0.09997295,-0.29241276,,,,
1557796_at,0.09997833,-0.09453968,,,,
221427_s_at,0.10001794,-0.32120584,,,,
90610_at,0.10003972,-0.19415586,,,,
227342_s_at,0.10004046,-0.50295231,,,,
209504_s_at,0.10004848,-0.70046065,,,,
218623_at,0.10005894,-0.19680916,,,,
215751_at,0.10006544,-0.07113997,,,,
236424_at,0.10009308,-0.11230531,,,,
210781_x_at,0.10009917,-0.13757532,,,,
241055_at,0.10010108,-0.08819493,,,,
205383_s_at,0.10010313,0.43321015,,,,
1552942_at,0.10012056,-0.15044012,,,,
240880_at,0.10013531,-0.09220949,,,,
222261_at,0.10015129,-0.11080153,,,,
205714_s_at,0.10015498,-0.26480106,,,,
1555387_at,0.10016865,-0.11231395,,,,
206788_s_at,0.10021719,-0.34797404,,,,
1557151_at,0.10023932,0.09301881,,,,
230812_at,0.10024018,0.21023398,,,,
212151_at,0.10026159,0.61234198,,,,
233328_x_at,0.10028341,-0.24605924,,,,
1561073_at,0.10034555,0.21060312,,,,
243420_at,0.10037688,-0.12277329,,,,
212745_s_at,0.10039306,0.34666864,,,,
1568941_a_at,0.10041963,-0.10341301,,,,
224639_at,0.10042542,0.27045374,,,,
225437_s_at,0.10043206,-0.16489316,,,,
236591_at,0.10043446,0.42811078,,,,
207641_at,0.10045165,-0.12056883,,,,
226576_at,0.10045733,-0.47065751,,,,
207991_x_at,0.10047184,-0.10404379,,,,
209768_s_at,0.10049337,0.22734885,,,,
39835_at,0.10049561,-0.26965572,,,,
220616_at,0.10050986,-0.13711681,,,,
223075_s_at,0.10051654,0.63557726,,,,
208524_at,0.10052206,-0.15137505,,,,
1554067_at,0.10053418,0.28850488,,,,
1553044_at,0.10054347,-0.13476611,,,,
1553146_at,0.10055257,-0.1018178,,,,
221762_s_at,0.10056768,-0.17333445,,,,
209210_s_at,0.10058828,0.41274672,,,,
210391_at,0.10060529,-0.12582246,,,,
216788_at,0.10060574,-0.10010083,,,,
239562_at,0.10062357,0.44369852,,,,
1560912_at,0.10064546,-0.10969619,,,,
232965_at,0.10066793,0.24635864,,,,
1561611_at,0.10068847,-0.12197452,,,,
1569882_at,0.10071032,-0.09112511,,,,
1559129_a_at,0.10074591,-0.08145856,,,,
211192_s_at,0.10075046,-0.49399758,,,,
217441_at,0.10076565,-0.21973034,,,,
1554456_a_at,0.10076596,0.24371517,,,,
229217_at,0.10077677,0.13809918,,,,
218926_at,0.10078224,0.28755501,,,,
1558727_at,0.10078536,-0.08200432,,,,
1558412_at,0.10079434,-0.3566251,,,,
204632_at,0.10083728,-0.14450873,,,,
234657_at,0.10083935,-0.17463935,,,,
215319_at,0.10085393,-0.23458105,,,,
228892_at,0.10087753,-0.36277977,,,,
236323_at,0.10087905,-0.1341857,,,,
203509_at,0.10089189,-0.55222924,,,,
1569474_at,0.10089732,-0.09187823,,,,
1554625_at,0.10090127,-0.17407694,,,,
221162_at,0.10092199,-0.11708471,,,,
214746_s_at,0.10096056,0.40823759,,,,
1557883_a_at,0.10096154,0.08094987,,,,
223025_s_at,0.10097378,-0.32782669,,,,
238550_at,0.10099568,0.26147391,,,,
219745_at,0.10099745,-0.29911806,,,,
210907_s_at,0.10100935,0.25522724,,,,
226866_at,0.10102261,0.2652286,,,,
242981_at,0.10103287,0.29956049,,,,
226406_at,0.10105605,0.27710016,,,,
1554757_a_at,0.10110014,-0.49897584,,,,
1558770_a_at,0.10111067,-0.14778143,,,,
216041_x_at,0.10111094,-0.32231705,,,,
1555618_s_at,0.10114628,-0.40915427,,,,
1562657_a_at,0.10115163,-0.15218649,,,,
1569987_at,0.10119233,-0.09974581,,,,
209185_s_at,0.10119382,-0.58570005,,,,
234747_at,0.10120941,-0.2713454,,,,
226492_at,0.10125732,0.76349845,,,,
227899_at,0.1012575,0.61072342,,,,
1561185_at,0.10125829,-0.10044898,,,,
236800_at,0.10126729,-0.1351005,,,,
1561749_at,0.10127226,-0.14431911,,,,
241364_at,0.10127651,0.32082771,,,,
1564203_at,0.10132839,-0.11531026,,,,
224265_s_at,0.10133315,-0.12984975,,,,
205808_at,0.1013485,-0.41153576,,,,
206969_at,0.10137915,-0.14309776,,,,
207154_at,0.10140616,-0.19753448,,,,
234761_at,0.1014107,-0.10966841,,,,
232984_at,0.10142182,-0.11915732,,,,
208424_s_at,0.10142371,0.22366328,,,,
216692_at,0.10144233,-0.1300574,,,,
232441_at,0.10144246,0.31260465,,,,
238553_at,0.10146131,0.14756287,,,,
234383_x_at,0.10146703,-0.10341915,,,,
217499_x_at,0.10148605,0.3177004,,,,
1552842_at,0.10153636,0.10862629,,,,
221811_at,0.10157057,-0.22306429,,,,
236173_s_at,0.10157476,-0.12113402,,,,
209618_at,0.10161215,0.47253843,,,,
209317_at,0.10161546,0.22564815,,,,
235564_at,0.10166224,0.37202006,,,,
202354_s_at,0.10166551,-0.27357569,,,,
204272_at,0.10167055,-1.61299495,,,,
244805_at,0.10167217,-0.128673,,,,
200883_at,0.10168824,-0.2318217,,,,
222621_at,0.10170659,0.29161757,,,,
1560507_at,0.10172078,-0.08508037,,,,
214328_s_at,0.10172323,0.15161459,,,,
214393_at,0.10173581,0.10006079,,,,
212157_at,0.10174253,0.55568666,,,,
1555009_a_at,0.10177607,-0.2463761,,,,
225980_at,0.10181289,-0.18395189,,,,
210008_s_at,0.10184245,0.27733376,,,,
1559624_at,0.10185936,-0.07683094,,,,
207287_at,0.10189269,-0.11318893,,,,
228060_at,0.10190176,-0.28750774,,,,
222118_at,0.10190916,0.32135558,,,,
206623_at,0.10192472,-0.17621233,,,,
1566464_at,0.10195769,-0.08782671,,,,
235083_at,0.10196376,-0.46594283,,,,
228091_at,0.10196497,0.27369722,,,,
218832_x_at,0.10197553,-0.3730439,,,,
239436_at,0.10199657,-0.10008832,,,,
1552408_at,0.10200597,-0.09521501,,,,
1552291_at,0.10207823,0.31392935,,,,
1566222_at,0.10208818,-0.11934424,,,,
243387_at,0.10210805,-0.11358242,,,,
211199_s_at,0.10211004,-0.14808001,,,,
221239_s_at,0.10212846,-0.13728004,,,,
208915_s_at,0.10216234,-0.22131694,,,,
233802_at,0.10223457,-0.12223546,,,,
1569325_at,0.1022381,-0.12444316,,,,
1564229_at,0.10223839,-0.16351648,,,,
237462_at,0.10224259,0.07589255,,,,
200958_s_at,0.10224362,-0.24522071,,,,
1565635_at,0.10225376,-0.09511576,,,,
1569855_at,0.1022666,-0.10026998,,,,
241846_at,0.10229844,-0.14165122,,,,
204407_at,0.10230579,0.26754457,,,,
232763_at,0.10230858,-0.14065098,,,,
206418_at,0.10230919,-1.13338352,,,,
238124_at,0.10231405,-0.38476868,,,,
222857_s_at,0.1023171,0.45383576,,,,
233890_at,0.10231795,0.10550671,,,,
203221_at,0.10232899,0.33519898,,,,
1560943_s_at,0.10235002,-0.10559099,,,,
1560495_at,0.1023533,-0.0907836,,,,
239342_at,0.10236061,-0.18192942,,,,
1567298_at,0.1023664,-0.12291423,,,,
40472_at,0.10237919,-0.42978922,,,,
231179_at,0.1023915,0.53114973,,,,
205031_at,0.10243249,0.39712899,,,,
1570257_x_at,0.10244103,-0.10574921,,,,
231111_at,0.10245777,0.27261259,,,,
242219_at,0.10246584,-0.11019484,,,,
215518_at,0.10246607,-0.17921769,,,,
234593_at,0.10250578,-0.08150225,,,,
209530_at,0.10252929,0.23495243,,,,
1553532_a_at,0.10254207,-0.1328822,,,,
1555829_at,0.1025591,-0.43806953,,,,
217552_x_at,0.10255987,-0.50276134,,,,
205165_at,0.10257949,-0.41316695,,,,
244250_at,0.10257976,-0.12477344,,,,
216305_s_at,0.10258418,0.26256254,,,,
233080_s_at,0.10259529,0.2225368,,,,
206143_at,0.10259811,-1.27678848,,,,
218723_s_at,0.10260946,-0.51911283,,,,
223270_at,0.1026097,0.21306655,,,,
244164_at,0.10261887,-0.11136118,,,,
229345_at,0.10265618,-0.12250703,,,,
232034_at,0.10266586,0.51600088,,,,
234561_at,0.10268092,-0.10365119,,,,
201057_s_at,0.10268547,0.21238297,,,,
201877_s_at,0.10271507,-0.18239491,,,,
1562002_at,0.10272888,-0.13332259,,,,
202703_at,0.1027371,0.19227359,,,,
215242_at,0.10274057,0.32229365,,,,
222656_at,0.10275754,0.28156979,,,,
229357_at,0.10276412,0.63311986,,,,
200766_at,0.10276799,-0.34362809,,,,
1570171_at,0.10277177,-0.10776603,,,,
226305_at,0.10279125,0.35271958,,,,
208250_s_at,0.10279161,-0.53756143,,,,
1559789_a_at,0.10281661,0.12931562,,,,
236683_at,0.1028345,-0.10571444,,,,
221667_s_at,0.102854,0.64009444,,,,
213219_at,0.10285717,-0.0946459,,,,
1563876_at,0.10286263,0.08658791,,,,
202996_at,0.10288906,-0.299722,,,,
241750_x_at,0.10290634,0.26567455,,,,
224176_s_at,0.10291183,-0.44074848,,,,
239171_at,0.10293151,-0.17498354,,,,
1561517_at,0.10294771,-0.07497526,,,,
1557176_a_at,0.10298897,0.38761053,,,,
238292_at,0.10299226,-0.09652987,,,,
223783_s_at,0.10300777,0.15896984,,,,
242240_at,0.10301121,0.23869854,,,,
233179_x_at,0.10303375,-0.09185321,,,,
211307_s_at,0.10306354,-0.15100026,,,,
226741_at,0.10309018,-0.21088514,,,,
215725_at,0.10309087,-0.1529023,,,,
1562086_at,0.1031113,0.07983864,,,,
226058_at,0.10311511,0.30241401,,,,
240994_at,0.10311652,0.28555053,,,,
226331_at,0.10312626,0.23053313,,,,
218794_s_at,0.10314321,0.17880208,,,,
1565780_at,0.10314981,-0.09887247,,,,
202983_at,0.10317215,0.37742315,,,,
214735_at,0.10317335,-0.32369917,,,,
214486_x_at,0.10318175,-0.24084595,,,,
211296_x_at,0.10318385,0.09970372,,,,
244595_at,0.10319517,0.11105735,,,,
205865_at,0.10319567,-0.41628742,,,,
230167_at,0.10319843,-0.15871736,,,,
206901_at,0.10321188,-0.12736574,,,,
1557827_at,0.10322005,-0.10380185,,,,
225768_at,0.10323968,-0.27246257,,,,
1560893_at,0.1032613,-0.07844229,,,,
202575_at,0.10328508,0.74437046,,,,
206369_s_at,0.10329535,-0.30132025,,,,
217500_at,0.10330024,0.08205084,,,,
240136_at,0.10330101,0.2807201,,,,
215700_x_at,0.10333853,-0.12031763,,,,
201188_s_at,0.10337982,-0.3868354,,,,
209846_s_at,0.10338078,-0.44481611,,,,
1568898_at,0.10343403,-0.07463532,,,,
242830_at,0.10343877,-0.10597492,,,,
1562454_at,0.1034464,0.12933352,,,,
223551_at,0.10344642,-0.71349081,,,,
206224_at,0.10344778,-0.40798533,,,,
237569_at,0.10349707,-0.0946276,,,,
243554_at,0.10349799,-0.12915863,,,,
202355_s_at,0.10350761,-0.22030258,,,,
236534_at,0.10351176,0.76916757,,,,
231699_at,0.10355007,-0.1561725,,,,
213913_s_at,0.10356032,0.53008981,,,,
1557433_at,0.1035659,0.3461091,,,,
221376_at,0.10357827,-0.12151577,,,,
211545_at,0.10360902,-0.10843704,,,,
212544_at,0.10362177,0.2192233,,,,
222640_at,0.1036305,0.29175932,,,,
231462_at,0.10363531,-0.08551918,,,,
236284_at,0.10364255,-0.11155138,,,,
1557953_at,0.10365427,0.29253292,,,,
236718_at,0.1036727,-0.44487005,,,,
234491_s_at,0.10368055,0.28296022,,,,
1556459_at,0.10369308,-0.08520459,,,,
234480_at,0.10370776,-0.065514,,,,
208417_at,0.10370859,-0.10119274,,,,
223389_s_at,0.10370993,-0.24735462,,,,
203208_s_at,0.10373709,0.26573151,,,,
213039_at,0.10373758,-0.25889944,,,,
215798_at,0.10377875,-0.12587038,,,,
1569270_at,0.10378041,-0.12032737,,,,
1559957_a_at,0.10379228,0.46194783,,,,
235622_at,0.10379477,-0.0773691,,,,
238360_s_at,0.10380684,0.17971161,,,,
200735_x_at,0.10381484,-0.12162512,,,,
220970_s_at,0.10381539,-0.08526801,,,,
241041_at,0.10381605,-0.08349715,,,,
227737_at,0.10382225,0.26849337,,,,
1570128_at,0.10383306,0.07452095,,,,
205536_at,0.10383935,-0.21540901,,,,
1564828_at,0.10385686,-0.11009108,,,,
244643_at,0.10387406,-0.09113177,,,,
240669_at,0.10388455,-0.09832973,,,,
209106_at,0.10388523,0.26198471,,,,
211494_s_at,0.10390057,-0.60352498,,,,
1552892_at,0.10395082,-0.12701978,,,,
205013_s_at,0.10396094,-0.22917848,,,,
234016_at,0.10396872,0.24977819,,,,
208847_s_at,0.10398467,0.1964828,,,,
209777_s_at,0.10398854,-0.16092437,,,,
1554367_at,0.10400063,-0.09486278,,,,
207873_x_at,0.10404174,-0.1539373,,,,
230393_at,0.10404461,0.24171552,,,,
234308_at,0.1040767,-0.10824124,,,,
201826_s_at,0.10408307,0.45563538,,,,
232851_at,0.10408326,-0.08743961,,,,
211416_x_at,0.10409184,-0.36106446,,,,
234907_x_at,0.10410309,0.1216311,,,,
225174_at,0.1041085,0.23798965,,,,
233113_at,0.10411201,0.14471521,,,,
242523_at,0.10411799,0.35276273,,,,
1553640_at,0.10416537,-0.13388869,,,,
230182_at,0.10417917,0.12247699,,,,
221327_s_at,0.10418596,-0.10698922,,,,
1553045_at,0.10420038,-0.15207462,,,,
233511_at,0.10420767,-0.10456221,,,,
213910_at,0.10420782,0.38241458,,,,
209213_at,0.10422366,0.32788905,,,,
1554345_a_at,0.10427167,0.26858751,,,,
1567679_at,0.10427354,-0.09583709,,,,
226063_at,0.10427649,-0.24132782,,,,
208991_at,0.10429066,0.25776095,,,,
205726_at,0.104304,-0.41672764,,,,
215051_x_at,0.10430907,-0.40230786,,,,
211779_x_at,0.10431186,-0.22489245,,,,
204068_at,0.10433793,0.29306664,,,,
211367_s_at,0.10434153,-0.47331128,,,,
211478_s_at,0.10436322,-0.78912456,,,,
234317_s_at,0.10437623,0.39288318,,,,
209967_s_at,0.10439998,0.26518326,,,,
203775_at,0.10441342,0.39450319,,,,
225250_at,0.1044317,0.23220069,,,,
211257_x_at,0.10445775,0.17038088,,,,
206877_at,0.10445959,-0.39568727,,,,
1553856_s_at,0.10447115,-0.25347414,,,,
215672_s_at,0.10448616,-0.29637132,,,,
234704_at,0.10449426,-0.10201826,,,,
211807_x_at,0.1045012,-0.1125577,,,,
32094_at,0.10450354,0.38915521,,,,
241832_at,0.10451298,0.21569743,,,,
204656_at,0.10452106,0.27762487,,,,
1559145_at,0.10453408,-0.10045248,,,,
205693_at,0.10457378,0.4663626,,,,
234075_at,0.104575,-0.06753993,,,,
1553172_at,0.10460935,0.2071058,,,,
214188_at,0.10462415,0.16974979,,,,
240390_at,0.10463489,-0.20625983,,,,
1556956_at,0.10463651,-0.13196397,,,,
205929_at,0.10464528,-1.04908684,,,,
236489_at,0.10468444,-0.68713483,,,,
232855_at,0.1046969,-0.20151578,,,,
240719_at,0.10471027,-0.10481464,,,,
1564876_s_at,0.10471511,-0.07965879,,,,
223737_x_at,0.10473112,0.7045298,,,,
1557627_at,0.10474045,-0.08531855,,,,
217389_s_at,0.10479908,0.15163417,,,,
226270_at,0.10479962,0.25288849,,,,
230456_at,0.10480759,0.21555202,,,,
209847_at,0.10481221,-1.44939155,,,,
201310_s_at,0.10481873,0.41125474,,,,
217250_s_at,0.10482508,-0.13542271,,,,
225608_at,0.10485935,-0.16121246,,,,
1569194_at,0.10488079,0.19466648,,,,
216704_at,0.10490281,-0.10150316,,,,
208609_s_at,0.10490977,0.56111497,,,,
1569322_at,0.10491118,-0.25685135,,,,
239139_at,0.10492722,-0.1180724,,,,
206740_x_at,0.10494566,-0.09053048,,,,
228853_at,0.10495282,0.24915959,,,,
207937_x_at,0.10498838,0.28289569,,,,
236727_at,0.10500481,-0.07712868,,,,
233407_at,0.10500847,-0.07551079,,,,
1561455_at,0.10501052,-0.1048507,,,,
234864_s_at,0.10501628,-0.1110854,,,,
208848_at,0.10506781,0.29646074,,,,
237552_at,0.10507545,-0.42497482,,,,
1557301_a_at,0.10507584,0.09232474,,,,
209799_at,0.10507607,-0.2907546,,,,
229001_at,0.10508991,-0.20938292,,,,
211172_x_at,0.10509563,-0.15002775,,,,
227033_at,0.10509613,0.2510005,,,,
203236_s_at,0.10510457,-0.32959466,,,,
240723_at,0.105113,-0.12469457,,,,
221500_s_at,0.10514663,-0.20719599,,,,
213537_at,0.10514783,-0.61319106,,,,
1566491_at,0.10515588,0.14096737,,,,
218815_s_at,0.10517177,-0.29079864,,,,
227121_at,0.10517196,0.43579638,,,,
238187_at,0.10518641,-0.14033948,,,,
208409_at,0.10520866,-0.0946098,,,,
38398_at,0.10523273,-0.11744219,,,,
237875_at,0.1052336,-0.13790551,,,,
1563907_at,0.10523621,-0.10290911,,,,
223180_s_at,0.10526517,0.28312908,,,,
212917_x_at,0.10527389,0.29188384,,,,
239929_at,0.10527456,-0.20368556,,,,
217162_at,0.10527932,-0.11423234,,,,
207343_at,0.10530555,-0.10026459,,,,
1567081_x_at,0.10534107,-0.13574322,,,,
1556209_at,0.10534921,0.59675453,,,,
208111_at,0.10538943,0.19572497,,,,
226479_at,0.10539435,0.28188639,,,,
242032_at,0.10540495,-0.11278653,,,,
237037_at,0.10545753,-0.08014527,,,,
219019_at,0.10550577,-0.26007483,,,,
232626_at,0.10550853,0.18351208,,,,
211077_s_at,0.10551516,-0.33785398,,,,
244783_at,0.10557139,0.15812526,,,,
231136_at,0.10559925,0.40787791,,,,
208370_s_at,0.10561382,0.34558666,,,,
223942_x_at,0.10561727,-0.30247398,,,,
241191_at,0.10563739,-0.07649571,,,,
243926_at,0.10564246,-0.10713773,,,,
209767_s_at,0.10569425,0.26457777,,,,
210661_at,0.10572057,-0.06754711,,,,
209834_at,0.10576027,0.42847013,,,,
208053_at,0.10576077,0.10474367,,,,
206564_at,0.10578236,-0.1271584,,,,
1554801_at,0.10578889,-0.08507362,,,,
244224_x_at,0.10582654,0.24611538,,,,
230019_s_at,0.10588201,-0.15150004,,,,
1556046_a_at,0.10588583,-0.21233494,,,,
38149_at,0.10589301,-0.31427762,,,,
204549_at,0.10589438,-0.23194571,,,,
1563744_a_at,0.10591363,-0.11865235,,,,
209872_s_at,0.10593797,-0.49741052,,,,
1556641_at,0.10593838,-0.16517208,,,,
224902_at,0.10597143,0.25109726,,,,
213095_x_at,0.10598067,-0.40118433,,,,
210264_at,0.10599974,-0.50132308,,,,
229092_at,0.10601356,0.43604703,,,,
1560169_at,0.10602393,-0.19158438,,,,
201098_at,0.10602442,0.21538299,,,,
208219_at,0.10603781,-0.12179537,,,,
226559_at,0.10604693,0.31163813,,,,
1565795_at,0.10607587,-0.09715483,,,,
208295_x_at,0.10610397,-0.09339739,,,,
220308_at,0.10610963,-0.18423697,,,,
229786_at,0.10611936,0.17677613,,,,
218560_s_at,0.1061446,0.26225501,,,,
244420_at,0.10617378,-0.33234272,,,,
231044_at,0.10618728,-0.16997019,,,,
205885_s_at,0.10619977,-0.43133489,,,,
238752_at,0.10620323,0.79122128,,,,
223432_at,0.10620796,-0.2490929,,,,
226814_at,0.10621027,0.48218469,,,,
206322_at,0.10626461,-0.17871063,,,,
1561690_at,0.10626819,0.15381196,,,,
225723_at,0.10627274,0.25657766,,,,
201742_x_at,0.10627524,-0.33607262,,,,
1560128_x_at,0.10630273,-0.19432437,,,,
233930_at,0.10631818,-0.08477201,,,,
223113_at,0.10632246,0.18642881,,,,
214160_at,0.10633606,-0.11771972,,,,
209133_s_at,0.10636155,-0.10330858,,,,
211607_x_at,0.10636462,-0.26243601,,,,
204166_at,0.1063649,-0.1944331,,,,
1555575_a_at,0.10636914,-0.14100421,,,,
228852_at,0.10638611,0.37334223,,,,
220022_at,0.10638974,0.32983981,,,,
1559121_s_at,0.10640585,-0.16934433,,,,
1554741_s_at,0.10640696,0.68938824,,,,
231776_at,0.10641041,-0.37103027,,,,
206850_at,0.10645087,-0.16743644,,,,
1555613_a_at,0.10646217,-0.23797295,,,,
208350_at,0.10646307,-0.12761851,,,,
216398_at,0.10646895,-0.12623796,,,,
1561617_at,0.10648023,-0.07757079,,,,
1561910_at,0.10649013,-0.10155428,,,,
214442_s_at,0.10651389,0.30117578,,,,
239024_at,0.10655372,0.20834811,,,,
216949_s_at,0.10656048,-0.12993422,,,,
230253_at,0.1065623,-0.11268467,,,,
1557777_at,0.10656406,-0.09706128,,,,
211693_at,0.10657463,0.21127962,,,,
222230_s_at,0.10659985,0.17485448,,,,
202175_at,0.10661091,0.24268944,,,,
213223_at,0.10661118,-0.24243494,,,,
211891_s_at,0.10661572,0.18798205,,,,
206114_at,0.10662276,0.43286787,,,,
1555741_at,0.10663677,-0.1689125,,,,
203711_s_at,0.10664635,0.34761054,,,,
243681_at,0.10666067,0.5498399,,,,
207410_s_at,0.10666159,-0.18701346,,,,
204253_s_at,0.10667155,-0.23547249,,,,
244275_at,0.10667312,0.23913068,,,,
1553701_a_at,0.1066829,-0.18931429,,,,
234658_at,0.10669931,-0.08946206,,,,
207145_at,0.10671388,0.22890889,,,,
1566937_at,0.10673876,-0.09974374,,,,
214687_x_at,0.10676954,-0.28320007,,,,
1559667_at,0.10676976,0.20011942,,,,
227752_at,0.10677836,0.55056354,,,,
206150_at,0.10678994,-0.39655109,,,,
227021_at,0.1068355,0.31310722,,,,
244371_at,0.1068396,0.08161295,,,,
200053_at,0.10686564,0.17510198,,,,
229719_s_at,0.10689474,-0.12051808,,,,
207786_at,0.10690504,0.26700444,,,,
232289_at,0.10692996,0.47336878,,,,
225463_x_at,0.10693641,0.24793222,,,,
229836_s_at,0.10697279,-0.12967665,,,,
222171_s_at,0.10699318,0.38175923,,,,
243744_at,0.10704928,0.14098295,,,,
232061_at,0.10705563,0.13985484,,,,
1553776_at,0.10708643,-0.07083041,,,,
213904_at,0.10709925,0.50225676,,,,
1564790_at,0.10711404,-0.09977308,,,,
226447_at,0.10712265,0.19936813,,,,
1565716_at,0.10712468,-0.11806479,,,,
215384_s_at,0.1071382,0.09625204,,,,
235632_at,0.10714318,-0.19287514,,,,
90265_at,0.10715552,-0.38554531,,,,
224040_at,0.10716903,-0.13015104,,,,
226286_at,0.10717681,-0.12975616,,,,
203034_s_at,0.10717975,-0.09040528,,,,
218708_at,0.10718789,0.26631297,,,,
205429_s_at,0.10718813,0.3699497,,,,
219487_at,0.10721532,0.24364099,,,,
202593_s_at,0.10726709,-0.30346737,,,,
233671_at,0.10728078,-0.08977061,,,,
235071_at,0.10728944,0.17155593,,,,
1566902_at,0.1073001,-0.08279794,,,,
229347_at,0.1073111,0.37671593,,,,
38892_at,0.10733819,0.25196062,,,,
1562383_at,0.10737153,-0.10988238,,,,
210349_at,0.10738428,-0.11586786,,,,
1557113_at,0.10738617,-0.35427857,,,,
243745_at,0.10741553,-0.22286404,,,,
227602_at,0.10743108,-0.34862033,,,,
1561890_at,0.10743729,-0.09637576,,,,
213198_at,0.10744557,-0.24889848,,,,
213899_at,0.10746063,0.31525919,,,,
207750_at,0.10747701,-0.06227432,,,,
208663_s_at,0.10748117,0.32283704,,,,
229164_s_at,0.10748406,-0.19708423,,,,
210457_x_at,0.10751726,-0.24366396,,,,
239080_at,0.10752249,0.25629707,,,,
228559_at,0.10752862,0.28404739,,,,
1562713_a_at,0.10754805,-0.13093089,,,,
207004_at,0.10757588,0.17117463,,,,
232581_x_at,0.10758546,-0.12955971,,,,
218284_at,0.10759326,0.43615782,,,,
234689_at,0.10760143,-0.21751653,,,,
208261_x_at,0.10763656,-0.07149999,,,,
211590_x_at,0.10763756,-0.13866158,,,,
224366_s_at,0.10766444,0.21832412,,,,
203273_s_at,0.10766919,-0.16105136,,,,
205254_x_at,0.10767133,-0.25569008,,,,
234381_at,0.10771328,-0.12283496,,,,
214445_at,0.10772842,-0.17816043,,,,
224767_at,0.10773248,-0.36392667,,,,
1562665_at,0.10774263,-0.08772438,,,,
31826_at,0.10774333,-0.18291635,,,,
230440_at,0.10776085,0.41975581,,,,
203268_s_at,0.1077652,-0.11761766,,,,
1559458_at,0.10777055,-0.10012963,,,,
207207_at,0.10781001,-0.10327377,,,,
238869_at,0.10781337,-0.11999955,,,,
236761_at,0.10782586,-0.20587637,,,,
222314_x_at,0.10783056,-0.13128951,,,,
1558320_at,0.1078556,-0.06762837,,,,
1555185_x_at,0.10786824,-0.11223671,,,,
230112_at,0.10786966,-0.28501741,,,,
229169_at,0.10787783,0.20309323,,,,
1553523_at,0.10788037,-0.08123068,,,,
244403_at,0.10790987,0.36652513,,,,
220050_at,0.1079167,0.28010075,,,,
204734_at,0.10791973,1.14243303,,,,
225129_at,0.10792934,-0.29602708,,,,
228976_at,0.10795687,-0.15294362,,,,
201823_s_at,0.1080049,-0.25878809,,,,
229599_at,0.10800584,-0.53521713,,,,
228979_at,0.10800857,-0.7551935,,,,
210016_at,0.10801922,-0.29419321,,,,
1556159_at,0.10803109,-0.11195834,,,,
231053_at,0.10805234,-0.11078984,,,,
1563362_at,0.10808198,-0.0953145,,,,
232400_at,0.10809785,-0.11181476,,,,
210685_s_at,0.1081212,-0.32102187,,,,
1562651_at,0.10812868,-0.10300767,,,,
1557721_at,0.10814467,-0.11967937,,,,
220888_s_at,0.10817412,-0.11302912,,,,
229686_at,0.10818095,-0.39320466,,,,
1561555_at,0.10819811,-0.08385,,,,
233343_at,0.10821102,-0.08615594,,,,
237639_at,0.10822549,-0.09998431,,,,
224787_s_at,0.10826008,0.2226063,,,,
225521_at,0.10827737,0.30474252,,,,
214617_at,0.10827849,-0.37615681,,,,
201297_s_at,0.10829344,0.23358961,,,,
226366_at,0.10831888,0.28104163,,,,
206521_s_at,0.10833531,0.13464789,,,,
1569828_at,0.10833639,-0.08891736,,,,
213015_at,0.10833843,0.28480277,,,,
217859_s_at,0.10834269,0.27727001,,,,
223005_s_at,0.10835059,-0.25898845,,,,
214718_at,0.10836402,0.25892619,,,,
231650_s_at,0.10839606,-0.20142571,,,,
232035_at,0.10841493,0.71605446,,,,
223355_at,0.10842317,-0.2641538,,,,
215796_at,0.10846083,-0.11542997,,,,
1568406_at,0.10847373,-0.10599607,,,,
206721_at,0.10847582,0.36672431,,,,
218988_at,0.10847606,0.34924903,,,,
226672_s_at,0.1085016,-0.13146147,,,,
243842_at,0.10850271,-0.0729953,,,,
231358_at,0.10851359,0.51107958,,,,
210747_at,0.10851863,-0.18969281,,,,
232693_s_at,0.10855299,0.23986841,,,,
244798_at,0.10855666,-0.0990818,,,,
235375_x_at,0.10860572,-0.21212662,,,,
203204_s_at,0.10862265,0.22441684,,,,
224612_s_at,0.10862429,-0.20741861,,,,
243203_at,0.10862764,-0.12323828,,,,
206118_at,0.10862829,-0.32417466,,,,
210301_at,0.10864933,-0.35528044,,,,
242624_at,0.10865256,-0.18173829,,,,
203616_at,0.10865677,0.31407231,,,,
220850_at,0.1087163,0.08880632,,,,
234434_at,0.10873319,-0.0873142,,,,
218783_at,0.10873489,0.30225185,,,,
1554401_a_at,0.10874544,0.0857594,,,,
1569473_s_at,0.10875738,-0.14767442,,,,
207090_x_at,0.10878954,0.33815066,,,,
1554079_at,0.10880559,0.33690433,,,,
215147_at,0.10881383,-0.15640418,,,,
1552893_at,0.10883297,-0.11302369,,,,
1560316_s_at,0.10883768,-0.22433508,,,,
229525_at,0.10884033,-0.38446076,,,,
237729_at,0.10889945,0.08451105,,,,
225358_at,0.10892377,0.28290504,,,,
1565805_at,0.10893428,-0.11171263,,,,
220390_at,0.10893959,0.22742343,,,,
221022_s_at,0.10894039,-0.18155387,,,,
215637_at,0.10895147,-0.09885403,,,,
235432_at,0.10895637,0.31946023,,,,
228597_at,0.10896142,0.31107192,,,,
202674_s_at,0.10896648,-0.46633856,,,,
208009_s_at,0.10898124,-0.27178231,,,,
207403_at,0.10901245,-0.1271684,,,,
1566109_at,0.10901257,-0.06065429,,,,
1561055_at,0.10901557,-0.07308994,,,,
232327_at,0.10905239,0.38432572,,,,
211674_x_at,0.10905302,0.62855196,,,,
226590_at,0.10905806,0.36591659,,,,
223977_s_at,0.1090939,0.33080808,,,,
242359_at,0.1091009,-0.12797571,,,,
227243_s_at,0.10910653,0.55594064,,,,
234575_at,0.10911635,-0.10059541,,,,
235672_at,0.10913143,-0.31345157,,,,
207615_s_at,0.10917234,-0.11287181,,,,
238181_at,0.10918202,-0.12683702,,,,
223210_at,0.10920616,0.22826544,,,,
227708_at,0.10922932,-0.40416974,,,,
1559492_at,0.10925292,0.05597487,,,,
235602_at,0.10928895,-0.11789234,,,,
1561260_at,0.10929023,-0.09737164,,,,
225653_at,0.10930186,-0.15184141,,,,
205580_s_at,0.10930344,-0.37712571,,,,
225955_at,0.10930489,-0.4492117,,,,
208791_at,0.10932892,0.81303248,,,,
215145_s_at,0.10935226,-0.48800598,,,,
235077_at,0.10935513,0.36271382,,,,
1552657_a_at,0.10936396,-0.12819892,,,,
231443_at,0.10939993,-0.21013306,,,,
233952_s_at,0.10942257,0.23853879,,,,
235480_at,0.10942614,-0.0914081,,,,
202833_s_at,0.10942944,-1.37925808,,,,
238195_at,0.10945397,-0.10475745,,,,
1560099_at,0.10946822,0.16683476,,,,
1555112_a_at,0.10948195,0.35127524,,,,
243179_at,0.10949143,0.41067413,,,,
227535_at,0.10949682,-0.42909126,,,,
228310_at,0.10950785,0.49025463,,,,
234390_x_at,0.10950891,-0.18542964,,,,
1552725_s_at,0.10955814,-0.13465339,,,,
214924_s_at,0.10955951,-0.26314199,,,,
226818_at,0.10958306,-0.5549699,,,,
240758_at,0.10961659,-0.25029918,,,,
234607_at,0.10965793,0.10759689,,,,
203806_s_at,0.1096789,-0.20222867,,,,
237780_at,0.10968147,-0.08065008,,,,
230494_at,0.10969855,-0.43298023,,,,
213038_at,0.1097016,-0.35448543,,,,
212814_at,0.10970478,-0.41742576,,,,
215762_at,0.10970887,-0.10862836,,,,
205699_at,0.10971557,-0.38571567,,,,
237313_at,0.10973636,0.25213919,,,,
216911_s_at,0.10975337,0.17126486,,,,
224675_at,0.10976934,0.17107907,,,,
234811_at,0.10977819,-0.11356096,,,,
1556355_x_at,0.10978571,-0.14174211,,,,
1555469_a_at,0.10982047,-0.16339173,,,,
1566041_at,0.10983271,-0.09096942,,,,
211162_x_at,0.10988525,-0.53791863,,,,
226805_at,0.10990793,-0.28026948,,,,
210785_s_at,0.10992692,-0.46881728,,,,
228845_at,0.10993933,0.17216336,,,,
209413_at,0.1099447,0.17817672,,,,
1559776_at,0.10995682,-0.40686913,,,,
1558816_at,0.10997574,0.29753022,,,,
219226_at,0.10998369,0.17687013,,,,
216371_at,0.10998921,-0.11525839,,,,
213423_x_at,0.11002894,0.71176745,,,,
219896_at,0.11003638,-0.12600756,,,,
1564040_a_at,0.11005662,-0.10519762,,,,
226758_at,0.11005978,0.15983002,,,,
227237_x_at,0.11006696,-0.17889119,,,,
230674_at,0.11007581,-0.10908829,,,,
1562244_at,0.11008549,0.21853563,,,,
219705_at,0.11014026,0.19782436,,,,
236415_at,0.1101497,-0.11587203,,,,
240674_at,0.11016473,0.12761162,,,,
1554274_a_at,0.11016526,0.19984789,,,,
1562431_x_at,0.11019899,0.06551674,,,,
220995_at,0.11021519,-0.10694393,,,,
217451_at,0.11021643,-0.08230403,,,,
236622_at,0.11022263,0.29510172,,,,
220276_at,0.11025735,0.59297226,,,,
220082_at,0.11027499,-0.83604378,,,,
205639_at,0.11028798,-0.37373088,,,,
225427_s_at,0.11030133,0.26692162,,,,
232576_at,0.1103039,0.2502815,,,,
201236_s_at,0.11031886,-0.3960814,,,,
1560782_at,0.11033068,0.09680481,,,,
242074_at,0.11033276,0.23634712,,,,
1564533_at,0.11033712,-0.08653638,,,,
208378_x_at,0.11034189,-0.27088967,,,,
242785_at,0.11034545,-0.26379109,,,,
226045_at,0.110363,0.40470782,,,,
216537_s_at,0.11037014,-0.12997121,,,,
200724_at,0.11045019,-0.1728342,,,,
1555388_s_at,0.11046304,-0.35814531,,,,
208995_s_at,0.11048278,0.2149373,,,,
226322_at,0.11048433,0.71940075,,,,
222902_s_at,0.11048586,0.18587796,,,,
224956_at,0.11052655,0.21132996,,,,
205912_at,0.11054018,-0.08998123,,,,
202806_at,0.11055266,0.43841805,,,,
241769_at,0.11057391,0.50006638,,,,
221844_x_at,0.11059231,-0.2053413,,,,
236842_at,0.11059839,-0.09394146,,,,
204523_at,0.11061662,0.23973026,,,,
1562586_at,0.11064622,-0.11964532,,,,
223902_at,0.11065374,-0.10919091,,,,
1565923_at,0.11066382,-0.0906127,,,,
224751_at,0.11066725,0.20543189,,,,
203751_x_at,0.11066754,-0.25855103,,,,
207430_s_at,0.11070631,0.76122375,,,,
1553498_at,0.11071032,-0.06797991,,,,
230620_at,0.1107131,0.23214304,,,,
202274_at,0.11071664,0.77387096,,,,
212742_at,0.11071738,0.23233919,,,,
231463_at,0.1107407,-0.16544173,,,,
1569731_at,0.11076247,-0.10348629,,,,
204977_at,0.11077154,0.19716959,,,,
203662_s_at,0.1108079,0.48223999,,,,
207412_x_at,0.11082189,-0.32558434,,,,
202548_s_at,0.11083572,-0.19523339,,,,
212805_at,0.11085258,-0.6656477,,,,
215508_at,0.11087825,-0.09042172,,,,
1560144_at,0.11089364,0.08168982,,,,
233664_at,0.11095555,-0.10061565,,,,
243981_at,0.11096557,-0.29565563,,,,
224555_x_at,0.11097848,-0.36870423,,,,
205153_s_at,0.11098927,-0.3567116,,,,
230617_at,0.11099283,-0.09948276,,,,
222568_at,0.11100935,0.18829376,,,,
1560581_at,0.11104109,-0.06798576,,,,
240257_at,0.11104832,-0.12888114,,,,
1554984_a_at,0.11104964,-0.10083043,,,,
244827_at,0.11106485,-0.13477695,,,,
1553451_at,0.11107278,-0.10402936,,,,
241065_x_at,0.11107835,0.16600307,,,,
228479_at,0.11108027,-0.36958609,,,,
211754_s_at,0.11111544,0.23147183,,,,
236567_at,0.1111568,-0.09289259,,,,
204395_s_at,0.11115885,-0.2650295,,,,
228593_at,0.11116631,0.22154278,,,,
219869_s_at,0.11117076,-0.46879496,,,,
239402_at,0.1111767,0.13209276,,,,
227749_at,0.11118738,-0.19630481,,,,
238222_at,0.11120059,-0.45058218,,,,
227346_at,0.11121466,-0.53597116,,,,
213340_s_at,0.11121826,0.39453024,,,,
1553525_at,0.11122877,-0.11517619,,,,
221102_s_at,0.11124723,-0.15848333,,,,
239498_at,0.11126893,-0.13179466,,,,
230540_at,0.11127204,-0.13727923,,,,
222051_s_at,0.11127213,-0.2748915,,,,
214398_s_at,0.11127752,-0.21036788,,,,
1556653_at,0.11129982,0.10655146,,,,
233880_at,0.11136813,-0.15010919,,,,
212098_at,0.11138372,-0.36974674,,,,
50400_at,0.11140766,0.32431738,,,,
227057_at,0.11141982,-0.21391821,,,,
234860_at,0.11143124,-0.09879528,,,,
219505_at,0.11144066,-0.5473566,,,,
234523_at,0.11146813,-0.08256686,,,,
235805_at,0.11149694,-0.23730565,,,,
235121_at,0.11154219,0.46363045,,,,
203172_at,0.11154283,0.13910212,,,,
238865_at,0.11156271,0.66138036,,,,
203910_at,0.11156549,0.44794959,,,,
1565892_at,0.11156694,-0.10953165,,,,
1555629_at,0.11158918,-0.10412585,,,,
1560069_at,0.11159541,-0.10731469,,,,
221126_at,0.11162575,0.06213817,,,,
220877_at,0.11164636,-0.10816259,,,,
204438_at,0.11165232,-0.66280648,,,,
206989_s_at,0.1116547,0.20130331,,,,
242919_at,0.11166196,0.33578888,,,,
225571_at,0.11168839,0.74110798,,,,
200942_s_at,0.11169528,0.17925492,,,,
218446_s_at,0.11170956,0.26666251,,,,
213568_at,0.11171423,0.77219107,,,,
1564514_at,0.11173417,0.09240921,,,,
205587_at,0.11176156,-0.13998522,,,,
1554957_at,0.1117677,-0.07910534,,,,
201847_at,0.11177244,-0.39860596,,,,
203675_at,0.11179251,0.3418092,,,,
1564757_a_at,0.11179935,0.2368908,,,,
1562771_at,0.11180239,0.09023301,,,,
238444_at,0.11182243,0.40790133,,,,
212401_s_at,0.1118231,-0.17873074,,,,
218973_at,0.11182836,0.20800914,,,,
241244_at,0.11184278,-0.0793285,,,,
1552510_at,0.11184947,-0.13122626,,,,
207943_x_at,0.11188125,0.58479019,,,,
1560498_at,0.1118814,-0.13121918,,,,
208501_at,0.11188822,-0.11255387,,,,
223975_at,0.11188839,-0.15394025,,,,
207012_at,0.11191483,0.48810289,,,,
233728_at,0.11191681,-0.13857378,,,,
210031_at,0.11193216,-0.41825126,,,,
220164_s_at,0.11193752,-0.20701499,,,,
224818_at,0.1119548,-0.37860574,,,,
209184_s_at,0.11198181,-0.55710485,,,,
200995_at,0.112042,-0.22424736,,,,
208641_s_at,0.11206341,-0.17944793,,,,
211379_x_at,0.11206539,0.66117061,,,,
237683_s_at,0.11206837,-0.12341152,,,,
210765_at,0.11207293,-0.12665589,,,,
215640_at,0.11211223,-0.11534197,,,,
1563862_at,0.11211346,-0.10592803,,,,
209492_x_at,0.11211482,0.20825804,,,,
209750_at,0.11211747,-0.35782628,,,,
227544_at,0.11212279,-0.23926392,,,,
231758_at,0.1121299,0.12142551,,,,
234897_s_at,0.11213783,-0.13330842,,,,
228828_at,0.11214428,-0.25836343,,,,
223028_s_at,0.11214518,-0.28571686,,,,
240519_at,0.11216248,-0.10469709,,,,
1555665_at,0.11216992,0.13329386,,,,
236900_x_at,0.11218848,0.12963092,,,,
1561353_at,0.11219087,-0.09504419,,,,
1558135_at,0.11219708,-0.128109,,,,
216256_at,0.11219971,-0.11674168,,,,
241536_at,0.11220498,0.07909374,,,,
226925_at,0.11220743,0.36098984,,,,
1555243_x_at,0.11221951,0.3248967,,,,
1557774_at,0.11223971,-0.11046335,,,,
206970_at,0.11225991,-0.16627812,,,,
205586_x_at,0.11228081,0.26358142,,,,
242779_at,0.11230731,-0.10203798,,,,
231725_at,0.11231573,0.80591813,,,,
204937_s_at,0.11236715,-0.19460103,,,,
AFFX-r2-Ec-bioB-M_at,0.11237665,-0.34752463,,,,
226026_at,0.11238465,0.26606388,,,,
1563878_a_at,0.11238715,-0.11435591,,,,
210698_at,0.11240786,-0.07142665,,,,
204151_x_at,0.11241022,0.75884177,,,,
216816_at,0.11241664,-0.11719539,,,,
220640_at,0.11244737,0.14306615,,,,
224513_s_at,0.11246397,0.21058674,,,,
229112_at,0.1124735,0.15128351,,,,
240392_at,0.11247658,0.25535502,,,,
225969_at,0.11248441,0.25686423,,,,
204575_s_at,0.11250011,-0.39638693,,,,
236197_at,0.11252497,0.19701496,,,,
222381_at,0.11253241,0.18622301,,,,
1554410_a_at,0.11253395,-0.26065678,,,,
237893_at,0.11254289,-0.07836033,,,,
210731_s_at,0.11258949,0.28877577,,,,
220737_at,0.11259285,-0.10987927,,,,
216790_at,0.1126067,-0.09805345,,,,
224092_at,0.11263401,-0.10250688,,,,
210531_at,0.11263834,0.17273886,,,,
217672_x_at,0.11263925,-0.16375256,,,,
211131_s_at,0.11264129,-0.13958379,,,,
1555742_at,0.11265148,-0.345929,,,,
235247_at,0.11265694,0.66949609,,,,
219935_at,0.11268763,0.58383947,,,,
215963_x_at,0.11269747,-0.13959302,,,,
235789_at,0.1127037,-0.11570768,,,,
217262_s_at,0.11271033,-0.17857978,,,,
232463_at,0.11271623,0.18767077,,,,
240369_at,0.11272672,-0.11207118,,,,
1563405_at,0.1127612,-0.10683381,,,,
242875_at,0.1127765,-0.12623261,,,,
1561880_a_at,0.11278811,-0.22873973,,,,
216129_at,0.11278933,-0.20700419,,,,
224035_s_at,0.1127949,-0.25633821,,,,
241854_at,0.11282744,-0.13395128,,,,
221789_x_at,0.11285005,-0.1386213,,,,
204653_at,0.11285901,1.06994631,,,,
204770_at,0.11289441,-0.25036031,,,,
236345_at,0.11289774,-0.26549564,,,,
242312_x_at,0.11290445,0.14656731,,,,
211171_s_at,0.11291192,-0.18956648,,,,
1552711_a_at,0.11292037,0.25351892,,,,
213977_s_at,0.11292936,-0.26778301,,,,
243016_at,0.11293091,0.40906526,,,,
1553425_at,0.11297784,-0.09874676,,,,
1566665_at,0.11298124,-0.08006816,,,,
1561313_at,0.11302743,-0.10431013,,,,
204873_at,0.11303144,0.2663068,,,,
1568728_s_at,0.11303731,-0.12376207,,,,
234972_at,0.11304986,0.2653963,,,,
228290_at,0.1130579,0.14303991,,,,
211184_s_at,0.11307696,-0.74607176,,,,
236109_at,0.11309275,-0.17180862,,,,
214092_x_at,0.11309567,0.2375516,,,,
241379_at,0.11309751,0.30093646,,,,
223719_s_at,0.11310533,-0.1228994,,,,
1554963_at,0.11310601,-0.106646,,,,
231926_at,0.11312645,0.32835215,,,,
243226_at,0.11313019,-0.08192975,,,,
1566201_at,0.1131359,-0.09778475,,,,
204690_at,0.1131406,0.19896714,,,,
236055_at,0.11315317,-0.31361653,,,,
1562817_at,0.11315784,-0.07652075,,,,
217944_at,0.11318132,0.29214701,,,,
211805_s_at,0.11323248,-0.12013298,,,,
241200_x_at,0.11323531,0.07958824,,,,
215106_at,0.11323795,-0.15191692,,,,
200005_at,0.11325273,-0.21845263,,,,
1557610_at,0.11328162,-0.11843566,,,,
211712_s_at,0.11329855,0.88442507,,,,
243035_at,0.11330941,-0.09395109,,,,
220206_at,0.11332733,0.25373814,,,,
210829_s_at,0.11334103,0.45762275,,,,
206366_x_at,0.11334279,-0.39053945,,,,
224379_at,0.11334469,-0.0932432,,,,
223614_at,0.11335702,0.69156683,,,,
217690_at,0.11336318,0.17368505,,,,
1569979_at,0.11337089,-0.09164196,,,,
241327_at,0.11337395,-0.09389194,,,,
205029_s_at,0.1133752,0.83190798,,,,
202215_s_at,0.11339295,0.20621408,,,,
204806_x_at,0.11340166,-0.36515065,,,,
211681_s_at,0.11342149,-0.35374114,,,,
200940_s_at,0.11342611,-0.21384214,,,,
206815_at,0.11343269,0.14509776,,,,
1552930_at,0.11346407,-0.41950217,,,,
217577_at,0.11346887,-0.07323946,,,,
221103_s_at,0.11348072,0.3062234,,,,
1557569_at,0.11349026,0.10201134,,,,
211894_x_at,0.11351293,-0.13248699,,,,
235586_at,0.11357149,-0.1197945,,,,
1566105_at,0.11357399,-0.13435779,,,,
232519_at,0.11358004,-0.1029365,,,,
211282_x_at,0.11358066,-0.30209812,,,,
202918_s_at,0.11363529,0.24332815,,,,
211613_s_at,0.1136436,-0.20147692,,,,
214288_s_at,0.11365856,0.149097,,,,
1552375_at,0.11367888,0.19348521,,,,
215764_x_at,0.11367952,-0.15170872,,,,
201547_at,0.11369515,0.09217358,,,,
231664_at,0.11370291,-0.09647286,,,,
243257_at,0.11371136,-0.08056599,,,,
1556037_s_at,0.1137184,-0.46301745,,,,
203534_at,0.11375283,0.23204891,,,,
221782_at,0.1137614,0.27505053,,,,
211422_at,0.11377249,0.08521282,,,,
239896_at,0.11378284,0.4001125,,,,
213745_at,0.11379652,0.47604074,,,,
225888_at,0.11379759,0.28256047,,,,
200074_s_at,0.11380926,-0.17838226,,,,
230205_at,0.1138207,0.26666161,,,,
237235_at,0.11387354,-0.11810844,,,,
1555648_at,0.11390065,-0.06984033,,,,
217917_s_at,0.11391352,-0.21667633,,,,
239661_at,0.11391977,0.18492779,,,,
1570146_at,0.11392245,-0.06517586,,,,
1562321_at,0.11395359,0.21255962,,,,
220632_s_at,0.1139618,0.1452215,,,,
200933_x_at,0.11396985,-0.10233017,,,,
206248_at,0.11401433,-0.11665341,,,,
1554102_a_at,0.1140148,-0.36048504,,,,
206267_s_at,0.11401761,-0.25762687,,,,
214166_at,0.11402053,-0.11685097,,,,
241690_at,0.1140311,-0.10990852,,,,
209236_at,0.11403455,0.32635067,,,,
211566_x_at,0.11403812,-0.17004937,,,,
211082_x_at,0.11408425,-0.20998065,,,,
1561062_a_at,0.11409805,-0.10526499,,,,
202855_s_at,0.11410486,-0.63399447,,,,
212206_s_at,0.1141119,-0.24305546,,,,
236241_at,0.11412454,0.33961993,,,,
234581_at,0.11413835,-0.07922717,,,,
204064_at,0.11413973,0.26814134,,,,
227691_at,0.11414637,0.11602972,,,,
214459_x_at,0.1142088,-0.28439104,,,,
220021_at,0.11421969,-0.28414202,,,,
1562230_at,0.11422505,0.14201751,,,,
238061_at,0.11422519,-0.18064115,,,,
227950_at,0.11423202,-0.25969609,,,,
1554151_at,0.11424535,-0.11382484,,,,
214326_x_at,0.11427006,-0.26274966,,,,
244728_at,0.11427153,-0.09987784,,,,
203597_s_at,0.11428086,0.25676153,,,,
1567458_s_at,0.1143208,-0.30363534,,,,
236752_at,0.11432742,0.43550506,,,,
228835_at,0.11433429,0.23976831,,,,
210200_at,0.1143352,-0.10293971,,,,
204959_at,0.11434161,-0.54174252,,,,
206187_at,0.11435755,-0.17699314,,,,
242255_at,0.11436169,0.27704387,,,,
230428_at,0.11436172,0.29561994,,,,
1565809_x_at,0.11437853,-0.24191434,,,,
218393_s_at,0.11437944,-0.23401857,,,,
244444_at,0.1143937,0.20992181,,,,
206478_at,0.11441031,-0.28883146,,,,
1555198_x_at,0.11441183,-0.11536839,,,,
219853_at,0.11441474,0.2112738,,,,
218685_s_at,0.11442839,0.23756281,,,,
227268_at,0.11443219,0.2521488,,,,
231712_at,0.11448232,-0.12592309,,,,
234746_at,0.11449453,-0.13094915,,,,
1554722_at,0.11452372,-0.07469434,,,,
206134_at,0.11453703,-0.79185269,,,,
1552570_at,0.1145438,-0.08886361,,,,
240686_x_at,0.11455412,0.2271152,,,,
240207_at,0.11455905,-0.07850433,,,,
236021_at,0.11456163,-0.10641297,,,,
1552609_s_at,0.11457721,-0.08772386,,,,
238565_at,0.11460494,0.27316808,,,,
201820_at,0.11463209,1.10616332,,,,
220731_s_at,0.11463529,-0.19946049,,,,
212140_at,0.11468231,0.15844504,,,,
234637_at,0.11468423,-0.13302736,,,,
226238_at,0.11468501,0.3316996,,,,
204560_at,0.11469448,-0.60767951,,,,
237033_at,0.11469735,-0.16873982,,,,
223309_x_at,0.11470798,0.1724118,,,,
220080_at,0.11471642,-0.19764516,,,,
236191_at,0.11471897,-0.08757998,,,,
220822_at,0.11472898,-0.11533273,,,,
233648_at,0.11475432,0.24463516,,,,
219057_at,0.1147572,-0.14512191,,,,
224025_s_at,0.1147602,-0.19242401,,,,
203530_s_at,0.11476208,-0.26675418,,,,
214280_x_at,0.11480041,-0.23387057,,,,
224425_x_at,0.11481801,-0.09350347,,,,
228239_at,0.11482146,0.25004498,,,,
231321_s_at,0.11482965,-0.23766558,,,,
221527_s_at,0.11483657,0.27355518,,,,
1566725_at,0.1148408,-0.07973409,,,,
207839_s_at,0.11486686,-0.29247805,,,,
1565777_at,0.11488587,-0.08674269,,,,
203639_s_at,0.11488913,0.65523426,,,,
1561937_x_at,0.11490394,-0.22546268,,,,
1559167_x_at,0.11491214,-0.20159854,,,,
1562265_at,0.11492006,-0.10444424,,,,
214364_at,0.11492101,-0.16729544,,,,
201383_s_at,0.11492328,-0.23655929,,,,
214253_s_at,0.11495337,0.22856107,,,,
231032_at,0.11497888,0.24199861,,,,
207598_x_at,0.11498152,0.15285979,,,,
209042_s_at,0.11498232,0.18179514,,,,
239241_at,0.11498647,0.13158122,,,,
204157_s_at,0.11502143,0.2402511,,,,
1569332_at,0.11506144,-0.08468876,,,,
1565751_at,0.11509051,-0.10729518,,,,
200598_s_at,0.11510598,0.29009375,,,,
214086_s_at,0.11510792,0.26007745,,,,
210103_s_at,0.11515129,-0.66486486,,,,
219220_x_at,0.11515214,0.17197823,,,,
1562919_at,0.11515307,-0.08984322,,,,
234534_at,0.11516439,-0.10224917,,,,
1553303_at,0.11517495,-0.12105946,,,,
209025_s_at,0.11518809,0.21985534,,,,
239802_at,0.11519047,-0.16042525,,,,
216667_at,0.11519076,-0.08272026,,,,
238281_at,0.11521662,0.1366568,,,,
214277_at,0.11526483,0.2559164,,,,
235100_at,0.11526653,0.09220908,,,,
201008_s_at,0.1152958,-0.41783874,,,,
221918_at,0.11532626,0.22310413,,,,
242301_at,0.11534048,0.67731845,,,,
203186_s_at,0.11534505,-0.6599309,,,,
218746_at,0.1153571,-0.42629115,,,,
1555868_at,0.11540711,-0.17549987,,,,
228793_at,0.11540911,0.39563481,,,,
220421_at,0.11541101,-0.45138567,,,,
229072_at,0.11541608,0.43912296,,,,
233009_at,0.11543705,-0.09426603,,,,
231723_at,0.11545204,-0.25378417,,,,
217989_at,0.11545377,-0.53260819,,,,
202850_at,0.11549554,0.28381518,,,,
1569496_s_at,0.115515,-0.13695882,,,,
1562326_at,0.11552685,-0.08643816,,,,
220637_at,0.11554142,0.2221631,,,,
241114_s_at,0.11556078,0.39935492,,,,
1569788_at,0.11557826,0.36016935,,,,
217276_x_at,0.11559908,0.35461487,,,,
209961_s_at,0.11561205,-0.16636051,,,,
228747_at,0.11561247,0.17350322,,,,
228348_at,0.11569791,0.1869411,,,,
225308_s_at,0.11571116,0.29407119,,,,
1570204_at,0.11571433,-0.0729029,,,,
218508_at,0.11572114,-0.17173084,,,,
1556211_a_at,0.11575669,0.34853058,,,,
224238_at,0.11575983,-0.07652218,,,,
214195_at,0.11579628,-0.12455001,,,,
1567703_at,0.11581299,-0.08458871,,,,
228170_at,0.11582045,-0.49942797,,,,
215071_s_at,0.11582813,0.50037186,,,,
223184_s_at,0.11582969,0.2875064,,,,
1568248_x_at,0.11583228,-0.13847588,,,,
212838_at,0.11583723,-0.35876885,,,,
1554812_at,0.11584752,-0.08902311,,,,
1561502_x_at,0.11584797,0.13192307,,,,
208264_s_at,0.11587144,0.17263063,,,,
1562303_at,0.11590434,0.16719558,,,,
205139_s_at,0.11590882,0.62459472,,,,
213504_at,0.11591847,0.16022827,,,,
240413_at,0.11593866,-0.33866504,,,,
219021_at,0.11595682,0.15252452,,,,
227105_at,0.11595739,0.29809551,,,,
236637_at,0.11597136,0.08564392,,,,
241158_at,0.11604443,-0.10771144,,,,
1553064_at,0.11604692,-0.08859519,,,,
212746_s_at,0.11604696,0.33348327,,,,
213261_at,0.11605358,-0.23156623,,,,
238364_x_at,0.11605469,0.1243402,,,,
221066_at,0.11606304,-0.11485865,,,,
1560659_at,0.1160868,-0.22809686,,,,
242913_at,0.11608729,-0.39683013,,,,
1561997_at,0.1161151,0.06857124,,,,
216807_at,0.11612199,-0.09927205,,,,
223961_s_at,0.11613093,-0.32681538,,,,
234472_at,0.11613944,0.47491158,,,,
1563946_at,0.11614743,-0.08179468,,,,
228923_at,0.11615646,-0.32380772,,,,
210379_s_at,0.11615959,-0.26970452,,,,
220269_at,0.11617155,-0.26089841,,,,
221407_at,0.11618261,-0.11872306,,,,
1561953_at,0.11618508,-0.07756906,,,,
202638_s_at,0.11618658,-0.57007737,,,,
230405_at,0.11618855,-0.25458847,,,,
1570237_at,0.11619698,-0.13224142,,,,
235549_at,0.116212,0.47698135,,,,
222469_s_at,0.1162121,-0.23069123,,,,
243877_at,0.11622058,-0.08274108,,,,
205659_at,0.11623836,-0.48335624,,,,
226730_s_at,0.11625103,0.21682385,,,,
215774_s_at,0.11627878,-0.45299763,,,,
224021_at,0.11630653,0.14008843,,,,
229643_at,0.11633705,-0.12413735,,,,
205212_s_at,0.11636262,-0.15081481,,,,
225842_at,0.11638465,0.50696863,,,,
211815_s_at,0.11640305,-0.12975852,,,,
1554537_at,0.1164383,-0.11843038,,,,
1553696_s_at,0.11645004,0.40424303,,,,
1560939_at,0.11645857,-0.12360026,,,,
201337_s_at,0.1164589,-0.40633801,,,,
202848_s_at,0.11648537,-0.18698837,,,,
243000_at,0.11648623,0.43865406,,,,
1555034_at,0.1164902,-0.05933772,,,,
233769_at,0.11651598,-0.08591106,,,,
208201_at,0.1165373,0.11026577,,,,
219083_at,0.1165403,0.19333083,,,,
232461_at,0.11654974,0.07744454,,,,
202666_s_at,0.1165507,0.30809924,,,,
1553142_at,0.11656673,-0.35617137,,,,
214330_at,0.11657889,0.18734339,,,,
217284_x_at,0.1166056,0.3821644,,,,
207605_x_at,0.11660597,0.33923611,,,,
222433_at,0.11665431,0.44660366,,,,
228721_at,0.11665585,0.50166876,,,,
223831_x_at,0.11666066,0.17139011,,,,
219146_at,0.11667622,0.20309043,,,,
210010_s_at,0.11670083,-0.36309082,,,,
215913_s_at,0.11671409,-0.56086036,,,,
208316_s_at,0.11672824,-0.2339872,,,,
244399_at,0.11673188,-0.12039774,,,,
1562645_at,0.11674403,-0.08280759,,,,
231647_s_at,0.11676425,-0.36366562,,,,
222590_s_at,0.11679388,0.25521645,,,,
200086_s_at,0.11680308,-0.15551979,,,,
225486_at,0.11681331,0.26094788,,,,
1555470_a_at,0.11683093,-0.10811831,,,,
221261_x_at,0.11683476,0.55715347,,,,
235728_at,0.11685264,0.47682046,,,,
1568889_at,0.11685421,-0.10493772,,,,
226258_at,0.1168976,0.34971757,,,,
206365_at,0.11689983,-0.11838567,,,,
216512_s_at,0.11690036,0.44116098,,,,
236124_at,0.11691305,0.26203341,,,,
213713_s_at,0.11693158,-0.2659197,,,,
207910_at,0.11693498,-0.24209392,,,,
215851_at,0.11694932,-0.10351969,,,,
213431_x_at,0.11695319,-0.1566955,,,,
217576_x_at,0.11696211,-0.20570837,,,,
1561619_at,0.11697049,-0.0810623,,,,
220386_s_at,0.11701682,-0.28284766,,,,
1552705_at,0.11702995,0.20055257,,,,
203232_s_at,0.11703842,0.30584871,,,,
1569934_at,0.1170391,0.07237195,,,,
224909_s_at,0.11704528,-0.38757164,,,,
211036_x_at,0.11704978,0.1388701,,,,
242372_s_at,0.11708038,-0.46477254,,,,
237928_at,0.11709147,-0.08437092,,,,
241225_at,0.11710429,-0.08111364,,,,
230354_at,0.11711193,-0.15641294,,,,
232194_at,0.1171453,0.27696239,,,,
234342_at,0.11716768,0.10408023,,,,
225121_at,0.11718555,0.19062577,,,,
217010_s_at,0.11720979,-0.27777832,,,,
217337_at,0.11722536,-0.1123875,,,,
236477_at,0.11722862,0.19918071,,,,
1560371_at,0.11723608,-0.17184223,,,,
240437_at,0.11723998,-0.10946008,,,,
241199_x_at,0.11724067,0.13977382,,,,
214873_at,0.11724605,-0.12934791,,,,
227741_at,0.11727055,0.29049926,,,,
208554_at,0.11727318,0.10318301,,,,
236519_at,0.11728025,-0.1320655,,,,
236331_at,0.11729636,-0.51606495,,,,
207110_at,0.11732119,0.45509719,,,,
220181_x_at,0.11733666,-0.1121323,,,,
215896_at,0.11736414,-0.09726981,,,,
237811_at,0.1173716,-0.11377803,,,,
201807_at,0.11739584,0.15015466,,,,
226335_at,0.11741392,-0.37408366,,,,
236495_at,0.11743915,0.10193037,,,,
237950_s_at,0.11745898,-0.11376513,,,,
236520_at,0.11745986,0.36329678,,,,
1559909_a_at,0.11748591,-0.11206817,,,,
231516_at,0.11755137,0.16345761,,,,
1552729_at,0.11757922,-0.11567195,,,,
229478_x_at,0.11763144,0.13164819,,,,
215845_x_at,0.11764023,-0.1251558,,,,
219669_at,0.11765171,-0.49861139,,,,
220652_at,0.11767972,-0.08654972,,,,
1560994_x_at,0.11770142,0.10584088,,,,
233810_x_at,0.11770193,-0.11420348,,,,
232113_at,0.11775295,0.86898579,,,,
216556_x_at,0.11775436,0.1152728,,,,
1556436_at,0.1177741,0.08991924,,,,
222625_s_at,0.11777559,-0.35353146,,,,
217532_x_at,0.11778951,-0.09835111,,,,
213858_at,0.11779928,0.27290732,,,,
217023_x_at,0.11780413,-0.42865973,,,,
210859_x_at,0.11781318,-0.3307293,,,,
212524_x_at,0.11782014,0.13404215,,,,
1555830_s_at,0.11783076,-0.47488509,,,,
221571_at,0.11783318,-0.22025632,,,,
244285_at,0.11783889,-0.09302662,,,,
211270_x_at,0.11784511,-0.16338736,,,,
1559103_s_at,0.11784625,0.22641264,,,,
217668_at,0.11784909,-0.12888512,,,,
244532_x_at,0.11786896,0.52882618,,,,
219282_s_at,0.11787029,-0.40014477,,,,
223504_at,0.11788057,0.25400246,,,,
240924_x_at,0.11788697,-0.06581067,,,,
201023_at,0.11788822,-0.19912372,,,,
205474_at,0.11790386,-0.19885058,,,,
239787_at,0.11791337,-0.26424968,,,,
241269_at,0.1179263,-0.07933042,,,,
209466_x_at,0.11793956,0.66404785,,,,
1555585_a_at,0.11794134,-0.10780707,,,,
233119_at,0.11794991,-0.11340406,,,,
226474_at,0.11796837,-0.39633359,,,,
209386_at,0.11800135,0.51244971,,,,
227344_at,0.1180083,-0.33747898,,,,
212724_at,0.11801912,0.41670415,,,,
1562163_at,0.1180477,-0.09528097,,,,
221184_at,0.11808153,-0.07353095,,,,
226940_at,0.11809154,0.08417835,,,,
210795_s_at,0.11813649,-0.08837539,,,,
229522_at,0.11814027,0.36762336,,,,
208331_at,0.11814706,-0.11302482,,,,
1560767_at,0.11816047,-0.12894539,,,,
1558919_a_at,0.11816094,-0.08683266,,,,
216496_s_at,0.11818187,-0.10383798,,,,
226570_at,0.11818457,-0.46512313,,,,
210297_s_at,0.118207,0.73137371,,,,
203649_s_at,0.11820997,0.90525461,,,,
201266_at,0.11821188,-0.2187618,,,,
212330_at,0.11823425,-0.28104013,,,,
224547_at,0.11824896,-0.13537168,,,,
217691_x_at,0.11827038,-0.23840293,,,,
217297_s_at,0.11827613,-0.2507714,,,,
207871_s_at,0.11827784,-0.27411471,,,,
215915_at,0.11832237,-0.08944938,,,,
230858_at,0.11834381,-0.09333837,,,,
205982_x_at,0.11834476,-0.52985436,,,,
222382_x_at,0.11838763,0.15099351,,,,
210281_s_at,0.11840309,0.28609354,,,,
243224_at,0.11841504,-0.23453694,,,,
212622_at,0.11842196,-0.226096,,,,
225701_at,0.11842305,-0.29318057,,,,
1562678_at,0.11843996,-0.10891313,,,,
1560806_at,0.11845412,-0.1016115,,,,
230162_s_at,0.1184743,-0.1250852,,,,
238473_at,0.11851908,0.1314252,,,,
1558120_at,0.11852028,-0.15562814,,,,
238296_at,0.11853904,-0.08906961,,,,
228576_s_at,0.11855674,0.11224836,,,,
226211_at,0.1185866,0.30469871,,,,
1552532_a_at,0.11858712,0.31068302,,,,
242475_at,0.11859475,-0.15533586,,,,
1552610_a_at,0.11860257,-0.32355696,,,,
205415_s_at,0.11860888,0.26546127,,,,
227847_at,0.11861475,0.30049732,,,,
209299_x_at,0.11862115,-0.13008698,,,,
230109_at,0.11863358,0.44296127,,,,
240859_at,0.11864094,0.17418677,,,,
232868_at,0.11865259,0.09350945,,,,
1559575_a_at,0.11870998,-0.19617418,,,,
201950_x_at,0.11874014,-0.34841024,,,,
204403_x_at,0.11875004,0.1743798,,,,
223829_at,0.11876175,-0.08722266,,,,
236877_at,0.1187745,-0.09380032,,,,
236584_at,0.1187818,-0.11874467,,,,
222678_s_at,0.11880642,0.28973563,,,,
244710_at,0.11881411,-0.15221777,,,,
204944_at,0.11881569,0.40902847,,,,
1563185_at,0.1188531,0.06282814,,,,
1570342_at,0.11886758,0.08047416,,,,
207080_s_at,0.11887116,-0.57994567,,,,
243485_at,0.11887761,-0.09644807,,,,
232287_at,0.11889601,0.25506264,,,,
224568_x_at,0.11890752,-0.47762469,,,,
244737_at,0.11891286,-0.10875137,,,,
226789_at,0.11892643,-0.62990734,,,,
233972_s_at,0.11894115,-0.0809786,,,,
205143_at,0.118944,0.55657146,,,,
237846_at,0.11894993,-0.08707141,,,,
219706_at,0.11895149,0.17688483,,,,
230966_at,0.11897211,-0.45786296,,,,
234241_at,0.11897642,-0.11866751,,,,
1553009_s_at,0.11898272,-0.10311828,,,,
1554685_a_at,0.1190046,-0.21618418,,,,
227083_at,0.11901862,-0.41186719,,,,
210175_at,0.11902499,0.23175045,,,,
1566474_at,0.11906282,-0.12745725,,,,
1561558_at,0.11906297,-0.08046939,,,,
208277_at,0.1190743,-0.11779863,,,,
237589_at,0.11908238,-0.09947407,,,,
233927_at,0.1190833,-0.07913502,,,,
205977_s_at,0.1191733,0.38667226,,,,
208623_s_at,0.11917972,-0.38171322,,,,
1565862_a_at,0.11919567,-0.10841451,,,,
230615_at,0.11919944,-0.49064185,,,,
231185_at,0.11921642,0.11066394,,,,
241703_at,0.11925565,0.70892034,,,,
217293_at,0.11927921,-0.10979277,,,,
231169_at,0.11929912,0.11989507,,,,
241543_at,0.11931353,-0.07528193,,,,
214741_at,0.11936612,0.27487374,,,,
214532_x_at,0.11937985,-0.15714486,,,,
228594_at,0.11938105,0.44988088,,,,
1553145_at,0.11939806,0.25933737,,,,
221197_s_at,0.11942943,-0.1126713,,,,
211151_x_at,0.11944937,-0.08068598,,,,
236986_at,0.11945435,-0.11660847,,,,
1567540_at,0.11947477,0.07532639,,,,
208845_at,0.11950711,0.19593556,,,,
1559259_at,0.11950828,0.09970683,,,,
242516_x_at,0.11951408,0.41602582,,,,
244256_at,0.11953431,-0.07956264,,,,
229827_at,0.11955802,-0.11969931,,,,
213045_at,0.11956923,-0.1833435,,,,
241484_x_at,0.11959378,0.26694146,,,,
239727_at,0.11961261,-0.1867937,,,,
239959_x_at,0.11962322,-0.09396682,,,,
231400_s_at,0.11963693,-0.10888831,,,,
244360_at,0.11963894,0.15714391,,,,
215548_s_at,0.11965193,0.20529095,,,,
220198_s_at,0.11966878,0.29122525,,,,
226579_at,0.1196718,-0.20249107,,,,
214477_at,0.1196741,0.10332401,,,,
203754_s_at,0.1197013,-0.16265458,,,,
234705_at,0.11974988,-0.10297449,,,,
1566186_at,0.11975085,-0.09317893,,,,
62212_at,0.11979218,0.12637425,,,,
207313_x_at,0.11979277,-0.09480165,,,,
244128_x_at,0.11979301,-0.18012377,,,,
205431_s_at,0.11982573,-0.23416194,,,,
238893_at,0.11982797,0.28939692,,,,
201980_s_at,0.11983655,0.25061806,,,,
225130_at,0.11984134,0.1885743,,,,
242501_at,0.11989229,-0.094383,,,,
217082_at,0.11992594,-0.11053578,,,,
225679_at,0.11993321,0.18203567,,,,
206669_at,0.11993432,-0.19608312,,,,
236392_at,0.1199401,-0.07613109,,,,
200027_at,0.11995455,0.20895465,,,,
1553130_at,0.11995768,-0.09984757,,,,
1558850_s_at,0.12001385,-0.11984666,,,,
233665_x_at,0.12002596,0.19190909,,,,
207650_x_at,0.12003455,-0.15516958,,,,
208780_x_at,0.12003772,0.2009034,,,,
202556_s_at,0.1200453,-0.25385902,,,,
217953_at,0.12008341,0.14379341,,,,
1569895_at,0.12009086,-0.10992922,,,,
241677_x_at,0.12012008,0.15498578,,,,
1553565_s_at,0.12012193,-0.23891953,,,,
226407_at,0.12014597,-0.43390249,,,,
229814_at,0.12017492,-0.35579419,,,,
1569207_s_at,0.12018295,-0.09453681,,,,
241829_at,0.12019999,-0.09950992,,,,
1569676_at,0.12021763,-0.12085628,,,,
231507_at,0.12023435,0.0740577,,,,
1569167_at,0.1202487,0.21650173,,,,
241943_at,0.12025119,0.13151825,,,,
243499_at,0.12025138,-0.09591337,,,,
214519_s_at,0.12025168,-0.50263567,,,,
239736_at,0.12028071,-0.10267532,,,,
220100_at,0.12034707,-0.15553575,,,,
1560883_s_at,0.12038384,-0.1136533,,,,
241825_at,0.12038557,0.18340117,,,,
237259_at,0.12040499,-0.07378414,,,,
218563_at,0.12044927,-0.22243661,,,,
1552554_a_at,0.12045116,-0.09728703,,,,
237721_s_at,0.12045682,-0.2613002,,,,
1558647_at,0.12046304,-0.26346959,,,,
204246_s_at,0.12048609,-0.21313451,,,,
219164_s_at,0.12049496,0.20967767,,,,
210085_s_at,0.12049751,0.67408104,,,,
236075_s_at,0.12050409,0.45863797,,,,
206148_at,0.12055056,-0.22585254,,,,
1552931_a_at,0.12056042,-0.31079906,,,,
1556711_at,0.12056519,-0.11759138,,,,
207002_s_at,0.12056952,0.62321921,,,,
213575_at,0.12059848,-0.21134506,,,,
214993_at,0.12061837,-0.37439633,,,,
220425_x_at,0.12062152,0.55517928,,,,
241026_at,0.12063022,0.12140544,,,,
201602_s_at,0.12064012,0.24529825,,,,
222172_at,0.12064593,-0.09999839,,,,
221474_at,0.12066899,0.15302522,,,,
241814_at,0.1206704,0.06279595,,,,
243595_at,0.12067898,-0.12244608,,,,
225806_at,0.120717,0.48379383,,,,
213286_at,0.12071838,0.29397341,,,,
1560182_at,0.12074519,-0.06886184,,,,
1555852_at,0.12078033,-0.41452161,,,,
1559631_at,0.12081858,-0.10528885,,,,
201448_at,0.12083023,0.34177797,,,,
204709_s_at,0.12083979,0.47124868,,,,
221210_s_at,0.12084201,-0.47886807,,,,
217710_x_at,0.12084929,-0.11058693,,,,
1570552_at,0.12084956,0.39691591,,,,
220686_s_at,0.12088933,-0.26809271,,,,
242530_at,0.12091063,-0.10845656,,,,
235614_at,0.12091164,-0.14024196,,,,
204406_at,0.12091769,-0.08415178,,,,
204736_s_at,0.12092469,0.37616447,,,,
234790_at,0.12092663,-0.0953345,,,,
1566597_at,0.12092709,0.0634245,,,,
240615_at,0.12093472,0.17480776,,,,
229909_at,0.12094522,-0.3961864,,,,
234304_s_at,0.1209534,0.17720216,,,,
1557591_at,0.12095648,-0.07815479,,,,
217723_x_at,0.12098475,-0.11120232,,,,
227642_at,0.12100419,-0.65512662,,,,
210393_at,0.1210343,-0.48298308,,,,
223374_s_at,0.12104412,0.65106714,,,,
220215_at,0.12105984,0.2152997,,,,
244795_at,0.12106079,-0.13791749,,,,
208591_s_at,0.12106853,-0.32982759,,,,
235893_at,0.12115701,-0.2346768,,,,
240997_at,0.12116415,-0.09586468,,,,
205107_s_at,0.12118987,0.42501758,,,,
217285_at,0.12120535,-0.0988237,,,,
242750_at,0.12121091,0.35287943,,,,
1556202_at,0.12123478,0.1336819,,,,
210183_x_at,0.1212803,0.12382009,,,,
207477_at,0.12132532,-0.07634859,,,,
220927_s_at,0.12133534,-0.11393207,,,,
1561662_at,0.12133578,-0.07167226,,,,
218084_x_at,0.12134146,-0.45515259,,,,
1564063_a_at,0.12136571,0.33756618,,,,
218238_at,0.12137537,0.34244165,,,,
214373_at,0.12138294,0.39664513,,,,
1558050_at,0.12138625,0.25288232,,,,
223507_at,0.12138922,0.22349372,,,,
219336_s_at,0.12144265,0.22017476,,,,
243441_at,0.12147887,-0.37059383,,,,
210610_at,0.12148755,-0.21138415,,,,
210107_at,0.12149187,-0.70240222,,,,
223236_at,0.12151279,0.19427509,,,,
229343_at,0.12160719,-0.11311563,,,,
225537_at,0.12161285,0.1748566,,,,
203300_x_at,0.12163312,-0.46517536,,,,
221409_at,0.12164668,-0.12722832,,,,
241003_at,0.12165066,-0.0977668,,,,
238450_at,0.12168851,-0.17919685,,,,
203470_s_at,0.12169425,-0.31285014,,,,
227171_at,0.12170155,-0.23741408,,,,
220182_at,0.12172526,0.20736086,,,,
220235_s_at,0.12173217,0.40889713,,,,
222485_at,0.12174038,-0.12028978,,,,
210047_at,0.12174725,-0.16754256,,,,
221486_at,0.12175804,0.23714058,,,,
218816_at,0.12177284,0.5404528,,,,
242722_at,0.12179104,-0.52659887,,,,
212378_at,0.12179521,0.2598838,,,,
37586_at,0.12179754,0.15261999,,,,
217371_s_at,0.12179884,-0.4207912,,,,
227509_x_at,0.12180168,0.19313543,,,,
237285_at,0.1218077,0.16312502,,,,
1554825_at,0.12183367,-0.08417372,,,,
201770_at,0.12183429,-0.25489972,,,,
239328_at,0.12184639,-0.19942564,,,,
227197_at,0.12185903,0.66533023,,,,
237503_at,0.12186349,-0.11056123,,,,
1554229_at,0.12188287,-0.21058084,,,,
201608_s_at,0.12190886,0.19979024,,,,
225542_at,0.12192533,-0.24327671,,,,
239374_at,0.12192811,-0.09232675,,,,
1561877_at,0.12193147,-0.07282124,,,,
207001_x_at,0.12195712,-0.35727223,,,,
232730_at,0.12199705,-0.17700711,,,,
235664_at,0.12199893,-0.19928633,,,,
220678_at,0.12201096,-0.12684894,,,,
218470_at,0.12203125,0.18325335,,,,
238173_at,0.12204676,-0.10193102,,,,
236083_at,0.12204812,-0.56276427,,,,
215423_at,0.12207334,-0.15072451,,,,
201580_s_at,0.12210384,0.26153301,,,,
201884_at,0.12210463,-1.58641858,,,,
205551_at,0.12210496,0.33910771,,,,
219103_at,0.12213104,0.27085409,,,,
244579_at,0.12213199,0.70533786,,,,
236381_s_at,0.12213969,-0.27546917,,,,
203437_at,0.12215147,0.17494903,,,,
214075_at,0.12218837,0.26317421,,,,
1554149_at,0.12219048,0.18993849,,,,
213386_at,0.12221334,-0.41708116,,,,
236954_at,0.12225573,-0.09311376,,,,
223311_s_at,0.12225865,0.20839968,,,,
216035_x_at,0.1222617,0.30409376,,,,
218301_at,0.12229377,-0.18304647,,,,
214953_s_at,0.12234665,0.18360294,,,,
206823_at,0.12235862,-0.10411502,,,,
233111_at,0.12237023,-0.10876249,,,,
237093_at,0.12237267,-0.10225776,,,,
238978_at,0.1223865,-0.10712883,,,,
222907_x_at,0.1223902,0.23350379,,,,
209373_at,0.12241208,-0.81327578,,,,
211994_at,0.12242703,0.22273,,,,
226601_at,0.12246777,0.22176951,,,,
244431_at,0.12248996,-0.11110515,,,,
224577_at,0.12249688,-0.36020723,,,,
221620_s_at,0.12250806,0.2978777,,,,
216539_at,0.12251949,-0.06095926,,,,
212301_at,0.1225679,0.14349512,,,,
228598_at,0.12257689,-0.55618013,,,,
203334_at,0.12258216,0.19433197,,,,
217547_x_at,0.12261048,0.21630159,,,,
204628_s_at,0.12262153,-0.24670349,,,,
211289_x_at,0.12262504,-0.19996339,,,,
222286_at,0.12262613,-0.22699743,,,,
216040_x_at,0.12263401,-0.10207451,,,,
202883_s_at,0.12268392,0.31650326,,,,
224998_at,0.12268909,-0.36849735,,,,
212253_x_at,0.12270809,-0.28534983,,,,
201895_at,0.12271442,-0.2176965,,,,
225995_x_at,0.12272369,0.17986105,,,,
234498_at,0.12274589,-0.10006707,,,,
226315_at,0.12275116,-0.1848028,,,,
238280_at,0.12279279,-0.1512493,,,,
225116_at,0.12279997,-0.3704066,,,,
234332_at,0.12281883,-0.16468849,,,,
222944_s_at,0.12282249,-0.18641649,,,,
1563120_at,0.12282957,0.18333861,,,,
227647_at,0.12283087,-0.5815666,,,,
220474_at,0.12284084,0.36065393,,,,
205335_s_at,0.12285472,0.18522103,,,,
222605_at,0.12285488,0.28020736,,,,
204741_at,0.12295119,-0.28643298,,,,
242800_at,0.1229715,-0.33363258,,,,
220564_at,0.12297268,0.11884361,,,,
212675_s_at,0.12298204,0.31148621,,,,
230122_at,0.122994,0.25631753,,,,
244200_at,0.12302432,-0.10333576,,,,
210786_s_at,0.12304917,-0.43509341,,,,
240785_at,0.12305528,-0.09355185,,,,
215379_x_at,0.12307027,-0.82289487,,,,
1560033_at,0.12307074,0.06567954,,,,
203679_at,0.12307233,0.17466011,,,,
224282_s_at,0.12307748,0.23398243,,,,
212610_at,0.12308049,0.13672341,,,,
231618_s_at,0.12311797,-0.31444285,,,,
210022_at,0.12317031,-0.11772499,,,,
224118_at,0.12318321,-0.08894716,,,,
220456_at,0.12319877,0.20965446,,,,
224589_at,0.12320782,-0.86933899,,,,
215664_s_at,0.12321503,0.23092875,,,,
216437_at,0.12322655,-0.09179918,,,,
1555308_at,0.12326693,-0.08670674,,,,
217328_at,0.12327008,-0.09897525,,,,
242543_at,0.12327622,-0.11235474,,,,
238747_at,0.1232769,-0.09097978,,,,
231495_at,0.12328466,0.10520051,,,,
1553247_a_at,0.1233013,0.23175548,,,,
204129_at,0.12330245,0.25428067,,,,
203374_s_at,0.12334934,-0.24524381,,,,
1560226_at,0.12339102,-0.0933398,,,,
231781_s_at,0.12340504,0.33898645,,,,
238020_at,0.12340756,0.28496672,,,,
232071_at,0.12344611,0.20347594,,,,
240104_at,0.1234549,0.23377017,,,,
205921_s_at,0.12347154,-0.28688464,,,,
1553645_at,0.12348367,-0.31306001,,,,
207020_at,0.12348472,0.33199416,,,,
215219_at,0.12350025,0.10155008,,,,
226908_at,0.12359917,0.5149648,,,,
1565672_at,0.12360076,-0.10730859,,,,
203131_at,0.12369937,0.68567575,,,,
1553192_at,0.12371521,0.1773449,,,,
226635_at,0.1237214,-0.22991235,,,,
1559579_at,0.12373144,-0.09760914,,,,
206120_at,0.12374364,-0.33029009,,,,
209399_at,0.12375269,0.17075981,,,,
228988_at,0.12376005,0.67168965,,,,
242244_at,0.12376154,-0.14216362,,,,
1562997_a_at,0.12376718,0.05608018,,,,
224820_at,0.12376848,0.23214177,,,,
232696_at,0.12381251,0.17875353,,,,
238507_at,0.12382474,-0.13645091,,,,
1567015_at,0.12384586,-0.14775376,,,,
1561010_a_at,0.12385869,-0.07626588,,,,
222838_at,0.12387352,-0.56375864,,,,
1557444_at,0.12389785,-0.09492854,,,,
229979_x_at,0.12389972,0.12159486,,,,
228300_at,0.1239288,-0.10872084,,,,
1554761_a_at,0.12395337,-0.29935083,,,,
1559226_x_at,0.12396561,-0.1774478,,,,
219446_at,0.12399034,0.20838104,,,,
239303_at,0.12400953,-0.35740932,,,,
1561967_at,0.12405634,-0.06880996,,,,
243620_at,0.12407283,-0.08971433,,,,
206291_at,0.1240732,0.70250781,,,,
215534_at,0.12408076,-0.10830854,,,,
204049_s_at,0.12411954,-0.28200286,,,,
1552472_a_at,0.1241481,0.30777907,,,,
239771_at,0.12416081,0.23497503,,,,
231393_x_at,0.12416261,0.14089199,,,,
227698_s_at,0.12419132,-0.28444817,,,,
1566457_at,0.12419174,-0.11236304,,,,
238373_at,0.12420728,-0.12163335,,,,
212345_s_at,0.12423196,0.2877164,,,,
209992_at,0.12423797,-0.31067161,,,,
200065_s_at,0.12423929,-0.19801236,,,,
216073_at,0.12425369,-0.10195551,,,,
232177_at,0.12425443,-0.10906459,,,,
240372_at,0.12426651,-0.11935627,,,,
236651_at,0.12428188,0.18315052,,,,
1556505_at,0.12431169,-0.13659983,,,,
240955_at,0.12432887,-0.07968472,,,,
232887_at,0.12436136,-0.14049926,,,,
242132_x_at,0.12436845,0.16527723,,,,
207853_s_at,0.12438511,-0.11347004,,,,
225223_at,0.12438996,0.26010164,,,,
1565662_at,0.12440209,0.09204385,,,,
243793_at,0.12443094,-0.0888833,,,,
211407_at,0.12445571,0.15666366,,,,
210710_at,0.12447947,-0.15996484,,,,
225355_at,0.12454502,-0.31731068,,,,
1553274_a_at,0.12454577,0.29971226,,,,
1558406_a_at,0.12454657,-0.08000202,,,,
212591_at,0.12455518,0.24751252,,,,
1557094_at,0.12456233,0.65872168,,,,
201171_at,0.12461489,-0.47557178,,,,
1563503_at,0.12464492,-0.06578425,,,,
216707_at,0.12465054,0.2150162,,,,
244414_at,0.12467388,0.49635,,,,
229224_x_at,0.12467428,0.15984901,,,,
211277_x_at,0.12468005,0.18591799,,,,
241777_x_at,0.12469173,0.10086894,,,,
215110_at,0.12475648,-0.12499745,,,,
235678_at,0.12476218,-0.39408805,,,,
222862_s_at,0.12476598,-0.29839302,,,,
241713_s_at,0.12477913,0.3821033,,,,
219091_s_at,0.12480058,0.34408157,,,,
244520_at,0.12480185,-0.11587761,,,,
239164_at,0.12484732,0.14840297,,,,
243011_at,0.12485517,-0.21111106,,,,
242178_at,0.12485849,-0.07919731,,,,
216598_s_at,0.12488474,-0.53479194,,,,
201647_s_at,0.12489389,-0.30510434,,,,
241121_at,0.12489508,-0.12789088,,,,
1552263_at,0.12490826,-0.26869901,,,,
203350_at,0.12492595,0.22125961,,,,
221846_s_at,0.12493886,0.17505752,,,,
229118_at,0.12494308,0.49074008,,,,
228671_at,0.1249751,-0.28614963,,,,
1559333_at,0.12497874,-0.07891839,,,,
209957_s_at,0.12498193,-0.21896236,,,,
233723_at,0.1249901,-0.12231892,,,,
1561096_at,0.12499092,-0.08683549,,,,
201212_at,0.12501254,-0.32697609,,,,
1570269_at,0.12501679,-0.09242514,,,,
227699_at,0.12503116,0.35280772,,,,
244868_at,0.12503444,-0.20475684,,,,
1558890_at,0.12505254,-0.27737628,,,,
223887_at,0.12510678,-0.19379978,,,,
224831_at,0.12510697,-0.30651236,,,,
209485_s_at,0.12511854,0.36549424,,,,
238314_x_at,0.12512732,-0.0722037,,,,
52005_at,0.12513488,0.17345359,,,,
240071_at,0.12515841,-0.10087545,,,,
207131_x_at,0.12518135,-0.42426322,,,,
1556994_at,0.1251826,-0.1282289,,,,
205514_at,0.12522119,0.56324924,,,,
219079_at,0.12523872,-0.29580335,,,,
206707_x_at,0.12523905,-0.35015696,,,,
238167_at,0.12528717,0.19644941,,,,
214299_at,0.1252995,0.12592585,,,,
207135_at,0.12530775,0.3148702,,,,
230610_at,0.1253157,-0.21476215,,,,
205888_s_at,0.12532064,-0.28531865,,,,
235980_at,0.12532673,0.23108789,,,,
213643_s_at,0.12532838,-0.16338681,,,,
204675_at,0.12533331,0.38127704,,,,
232631_at,0.12534536,-0.19817655,,,,
221577_x_at,0.12535329,-0.8100468,,,,
201359_at,0.12536976,0.1977271,,,,
237325_at,0.1253976,-0.09113032,,,,
223900_s_at,0.1254045,-0.14848112,,,,
221743_at,0.12541503,0.1444494,,,,
203847_s_at,0.12541515,0.15869436,,,,
236852_at,0.12542247,-0.14253718,,,,
211628_x_at,0.12543352,-0.11268029,,,,
226390_at,0.12546015,-0.44527913,,,,
229020_x_at,0.1254764,-0.10616333,,,,
220189_s_at,0.12549811,-0.38654289,,,,
218389_s_at,0.12549825,0.17311184,,,,
206540_at,0.12550066,0.32419716,,,,
239496_at,0.12551584,0.18103836,,,,
224175_s_at,0.12552152,-0.26473603,,,,
234233_s_at,0.12558214,-0.17829438,,,,
237337_at,0.12559019,-0.16374844,,,,
222509_s_at,0.12559677,-0.22799395,,,,
221911_at,0.12560243,-0.61635892,,,,
234281_at,0.125609,0.11432384,,,,
213221_s_at,0.12562725,0.25160291,,,,
204778_x_at,0.1256689,-0.43390642,,,,
234047_at,0.1257084,-0.11879587,,,,
242962_at,0.1257486,-0.09531925,,,,
229512_at,0.12575461,0.42333085,,,,
213516_at,0.12575651,-0.06894921,,,,
205151_s_at,0.12575798,0.39749085,,,,
212767_at,0.1257717,0.25364792,,,,
228720_at,0.12578287,0.45078063,,,,
241618_at,0.12578671,-0.16386921,,,,
238862_at,0.12579253,-0.43523417,,,,
209919_x_at,0.12579495,-0.40343883,,,,
213156_at,0.12582859,0.43470512,,,,
1567304_at,0.12583091,-0.08533493,,,,
1566555_at,0.12583142,0.0969734,,,,
220175_s_at,0.12584281,0.22204598,,,,
206183_s_at,0.1258774,-0.15704576,,,,
225665_at,0.12589055,0.37549116,,,,
1553792_at,0.1259161,0.07402443,,,,
201606_s_at,0.1259247,0.2224348,,,,
227738_s_at,0.12593598,0.13867656,,,,
201605_x_at,0.12594294,-0.27333624,,,,
239995_at,0.1259467,0.27878309,,,,
220350_at,0.12595631,0.23958298,,,,
215892_at,0.12597653,0.11649121,,,,
1569949_at,0.12600201,-0.10569073,,,,
214726_x_at,0.12603302,-0.15048917,,,,
212728_at,0.12603919,-0.35220262,,,,
232809_s_at,0.12604329,-0.13241011,,,,
1563283_at,0.1260632,-0.1191154,,,,
221277_s_at,0.12606836,0.29715562,,,,
235426_at,0.12607223,-0.10196469,,,,
205889_s_at,0.12611259,-0.12418439,,,,
1563073_at,0.12613012,-0.09497389,,,,
AFFX-r2-Ec-bioB-3_at,0.12614276,-0.29736408,,,,
204896_s_at,0.12617368,-0.18981775,,,,
235237_at,0.12618195,-0.20147993,,,,
212174_at,0.12619293,-0.26202326,,,,
213748_at,0.12619301,-0.16523108,,,,
233987_at,0.12620409,-0.09237082,,,,
221179_at,0.12620774,-0.10699345,,,,
241094_at,0.12622386,0.07147976,,,,
208880_s_at,0.12625698,-0.2202089,,,,
201233_at,0.1262659,-0.16657676,,,,
232590_at,0.12626905,-0.13821448,,,,
214778_at,0.1262726,0.27550018,,,,
1561608_at,0.1262772,-0.08745788,,,,
1561403_at,0.12630258,-0.1926213,,,,
AFFX-HSAC07/X00351_3_at,0.12630288,-0.13518006,,,,
242318_at,0.12630512,-0.08695589,,,,
1562107_at,0.12634562,-0.07171733,,,,
242007_at,0.12635488,0.26549728,,,,
208945_s_at,0.12636831,-0.19674124,,,,
215701_at,0.12637831,-0.09363562,,,,
203107_x_at,0.12639142,-0.09009312,,,,
213231_at,0.12639852,-0.10043244,,,,
225053_at,0.12640012,0.21637924,,,,
234369_at,0.12644015,-0.12502322,,,,
208366_at,0.12645137,-0.09389057,,,,
205704_s_at,0.12646088,0.22455772,,,,
238313_at,0.12646656,-0.06927988,,,,
203665_at,0.12651834,-0.48976104,,,,
217051_s_at,0.12652192,-0.17314361,,,,
233278_at,0.12653472,-0.10911287,,,,
214898_x_at,0.12653478,-0.58976048,,,,
1560228_at,0.1265665,-0.12002939,,,,
231960_at,0.12656931,0.28223727,,,,
237757_at,0.12661423,-0.11552398,,,,
236620_at,0.12663008,0.26779609,,,,
1556213_a_at,0.12666851,0.1904668,,,,
1559218_s_at,0.12666893,-0.14985217,,,,
200646_s_at,0.12669806,-0.38144364,,,,
216131_at,0.12671631,-0.06133801,,,,
204419_x_at,0.12672115,-0.53878365,,,,
220501_at,0.12672171,-0.10508855,,,,
1557036_at,0.12672847,0.20706201,,,,
228275_at,0.1267352,0.36053174,,,,
214112_s_at,0.12676956,0.20850702,,,,
224448_s_at,0.12679168,0.26276908,,,,
221702_s_at,0.12679496,0.20274325,,,,
211516_at,0.12680263,-0.08267535,,,,
205975_s_at,0.12681524,-0.66044181,,,,
233102_at,0.12682869,0.08532743,,,,
228498_at,0.12683277,0.30637814,,,,
240525_at,0.12683867,-0.07363544,,,,
228257_at,0.12684373,-0.12477986,,,,
214742_at,0.12685686,0.29347666,,,,
232280_at,0.12686501,0.18031249,,,,
1564841_at,0.12687599,-0.2274496,,,,
218304_s_at,0.12687976,0.19251739,,,,
242471_at,0.1268933,0.42819962,,,,
204927_at,0.12690077,-0.32976793,,,,
241384_x_at,0.12690158,0.22431593,,,,
212264_s_at,0.12690764,0.17831275,,,,
226151_x_at,0.12691557,0.18889542,,,,
213014_at,0.12692704,0.13336479,,,,
1556065_at,0.12692843,0.09073185,,,,
35846_at,0.12695121,-0.18551544,,,,
208866_at,0.12695329,-0.24228745,,,,
229280_s_at,0.12696502,0.34384322,,,,
217334_at,0.12697013,-0.09745669,,,,
203705_s_at,0.12697314,0.61069922,,,,
206809_s_at,0.12697664,-0.15561414,,,,
1558046_x_at,0.12698513,-0.22216286,,,,
225628_s_at,0.12699265,-0.15204194,,,,
1564721_at,0.12700778,-0.07976216,,,,
1555594_a_at,0.12702697,-0.30068358,,,,
215394_at,0.12704057,-0.1153306,,,,
235245_at,0.12705769,-0.36393539,,,,
203487_s_at,0.12706756,0.16942404,,,,
213555_at,0.12707933,0.26947499,,,,
205095_s_at,0.12709255,-0.15843042,,,,
217527_s_at,0.12710453,-0.19650962,,,,
233673_at,0.12710596,-0.10452854,,,,
239626_x_at,0.12710626,-0.09692664,,,,
238782_at,0.12710797,-0.24591501,,,,
223845_at,0.12712556,-0.3440748,,,,
225219_at,0.12714211,0.27236678,,,,
223085_at,0.12717605,0.26195758,,,,
228206_at,0.12718257,-0.28388771,,,,
218350_s_at,0.12718959,0.40998537,,,,
210465_s_at,0.12719542,-0.26639602,,,,
244175_at,0.12720168,-0.08711472,,,,
1569566_at,0.12720177,-0.25846235,,,,
209864_at,0.1272192,-0.24221987,,,,
229128_s_at,0.12722677,0.4004934,,,,
236161_at,0.12723562,0.34718399,,,,
1566482_at,0.12725223,0.22520973,,,,
237340_at,0.12725903,-0.10693052,,,,
218877_s_at,0.1272717,0.32634617,,,,
1570252_at,0.12730349,-0.10176863,,,,
215274_at,0.12731542,-0.10977488,,,,
240043_at,0.12731623,-0.10130494,,,,
240828_at,0.1273231,-0.09421743,,,,
1568590_at,0.12742781,-0.10486928,,,,
225430_at,0.12743074,0.18895216,,,,
212380_at,0.12744089,0.16835419,,,,
217316_at,0.12744277,-0.0956287,,,,
207463_x_at,0.12749408,-0.95715494,,,,
241653_x_at,0.12753616,-0.0649539,,,,
1556592_at,0.12754021,-0.07312016,,,,
1564552_at,0.12754584,-0.09119827,,,,
1552450_a_at,0.12755931,-0.08273977,,,,
1570156_s_at,0.12757942,-0.21151991,,,,
224122_at,0.12757993,-0.0906331,,,,
240161_s_at,0.1275864,-0.3738777,,,,
1564389_at,0.12759195,-0.08147443,,,,
221868_at,0.12763138,0.36213615,,,,
231413_at,0.12763787,0.10385176,,,,
1553634_a_at,0.12765042,0.1571947,,,,
207787_at,0.12765816,-0.34899713,,,,
1564430_at,0.127663,-0.08833864,,,,
232075_at,0.12766449,0.12258478,,,,
244253_at,0.12769263,-0.07523489,,,,
222842_at,0.12769782,-0.16946674,,,,
235184_at,0.1277072,0.14691449,,,,
230419_at,0.12771979,0.31277046,,,,
227496_at,0.1277473,-0.15696796,,,,
1555344_at,0.12775456,-0.08229441,,,,
235368_at,0.12775665,0.531942,,,,
225198_at,0.12776031,0.2134609,,,,
223617_x_at,0.12777183,-0.1483195,,,,
223827_at,0.12777443,0.31665595,,,,
235008_at,0.12777786,-0.36585183,,,,
234721_s_at,0.12780905,-0.0920839,,,,
231616_at,0.12782817,-0.09294568,,,,
244782_at,0.12784123,0.07400062,,,,
212492_s_at,0.12785359,0.25963114,,,,
237252_at,0.12786713,0.40664012,,,,
211872_s_at,0.12787476,-0.08333483,,,,
205853_at,0.12787813,-0.12777093,,,,
207540_s_at,0.12789945,-0.42676372,,,,
202673_at,0.12790397,0.20630762,,,,
228185_at,0.12790696,0.38489152,,,,
1565788_at,0.12791188,-0.070635,,,,
1553829_at,0.12792243,0.20881067,,,,
205933_at,0.12792862,0.45131924,,,,
237694_at,0.12794333,0.08975036,,,,
211317_s_at,0.12796504,-0.32166308,,,,
203561_at,0.12797696,-0.42030673,,,,
230594_at,0.12799869,-0.08681993,,,,
1559945_at,0.12800201,-0.13713497,,,,
231512_at,0.12800987,-0.5571171,,,,
1561175_at,0.12807366,-0.10595582,,,,
1566099_at,0.12807407,-0.11326296,,,,
233764_s_at,0.12811582,0.24218601,,,,
226038_at,0.12813262,0.35051386,,,,
1566134_at,0.12815757,-0.13635778,,,,
217032_at,0.12816971,-0.11809086,,,,
220012_at,0.12818082,0.33246889,,,,
229105_at,0.12818322,-0.67130855,,,,
233601_at,0.12822107,-0.12499384,,,,
233364_s_at,0.12822466,0.62636155,,,,
204729_s_at,0.12824837,-0.29065536,,,,
1555737_a_at,0.12825633,-0.23728428,,,,
239156_at,0.12829393,-0.33404775,,,,
1566868_at,0.12829443,-0.10163506,,,,
213470_s_at,0.12829505,-0.36209801,,,,
238488_at,0.12832757,0.42340811,,,,
232029_at,0.12833488,-0.11555825,,,,
1558761_a_at,0.12836557,-0.17594208,,,,
203074_at,0.1283818,0.8643236,,,,
209223_at,0.12838382,-0.19210523,,,,
237443_at,0.12840138,-0.10417661,,,,
1559067_a_at,0.1284077,-0.46423065,,,,
218123_at,0.12841396,0.24928435,,,,
229440_at,0.12846207,-0.30030619,,,,
203609_s_at,0.12846526,0.33334348,,,,
205232_s_at,0.12849636,-0.23076551,,,,
1560020_at,0.12851573,0.18755445,,,,
1557741_at,0.12855554,-0.07611192,,,,
205996_s_at,0.12855762,-0.23802285,,,,
216881_x_at,0.12859258,-0.1126114,,,,
1569339_s_at,0.12859482,-0.14190115,,,,
1554050_at,0.12859873,-0.18663505,,,,
1563591_at,0.12860814,0.07300307,,,,
210426_x_at,0.12863489,0.43776996,,,,
46270_at,0.1286417,-0.18892666,,,,
1563099_at,0.12866305,-0.06759127,,,,
221979_at,0.12866356,-0.22093623,,,,
1565731_at,0.12867539,-0.09844528,,,,
1557726_at,0.12869545,-0.08465595,,,,
227248_at,0.12870553,0.18847564,,,,
204010_s_at,0.12875219,0.26116288,,,,
239064_at,0.12877357,-0.25416013,,,,
229358_at,0.12878287,-0.55389273,,,,
212275_s_at,0.12878738,-0.15107544,,,,
222203_s_at,0.12878776,0.16849363,,,,
200757_s_at,0.12879025,0.23801226,,,,
239970_at,0.12879701,-0.21984402,,,,
244248_at,0.12881597,0.10868335,,,,
231793_s_at,0.12881767,-0.36753028,,,,
226832_at,0.12881938,0.23328681,,,,
234186_at,0.12883125,-0.11950637,,,,
1570055_at,0.12883854,-0.11142115,,,,
224292_at,0.12884934,-0.11516646,,,,
1554478_a_at,0.12885001,0.2361387,,,,
225026_at,0.12886507,0.23806866,,,,
217006_x_at,0.12886759,0.18476176,,,,
1555352_at,0.12889177,0.15143473,,,,
632_at,0.12889824,-0.10693636,,,,
214770_at,0.12891781,-0.43703952,,,,
241339_at,0.12892128,-0.08709355,,,,
243351_at,0.12892239,-0.17806427,,,,
1559324_at,0.12893867,0.13325975,,,,
1561738_at,0.12894208,-0.07510571,,,,
205976_at,0.12894956,0.26622758,,,,
230183_at,0.12897727,0.37422393,,,,
238139_at,0.12899158,0.1686672,,,,
219626_at,0.12899646,0.20057992,,,,
229626_at,0.12900466,-0.10045344,,,,
235443_at,0.12904159,0.28948634,,,,
222574_s_at,0.12905275,0.23888013,,,,
1563754_at,0.12907383,-0.14681381,,,,
234847_at,0.12908703,-0.08067188,,,,
1554285_at,0.12909379,-0.34065955,,,,
242346_x_at,0.12912435,0.39128922,,,,
229274_at,0.12914506,0.22494728,,,,
1562856_at,0.12915125,-0.07558274,,,,
211178_s_at,0.12915403,-0.30024326,,,,
218891_at,0.12915787,-0.14855423,,,,
243795_s_at,0.1291686,0.07857815,,,,
220761_s_at,0.12917713,-0.21965522,,,,
232501_at,0.12918148,-0.17438705,,,,
230255_at,0.12919483,-0.22611417,,,,
220804_s_at,0.12920832,-0.15097676,,,,
241784_x_at,0.12923768,-0.08728215,,,,
215983_s_at,0.1292382,0.38656551,,,,
228971_at,0.12925397,0.23340651,,,,
244493_at,0.12929344,0.06381516,,,,
229618_at,0.12929466,0.30135498,,,,
228000_at,0.12929668,-0.12403051,,,,
222658_s_at,0.12941062,-0.23063658,,,,
224542_s_at,0.12943021,-0.10564387,,,,
221077_at,0.12943459,-0.11628645,,,,
233338_at,0.12943542,0.07641529,,,,
1570316_at,0.1294622,0.0808719,,,,
227913_at,0.12946256,-0.27895927,,,,
230989_s_at,0.12946548,0.12775538,,,,
232830_at,0.12950955,0.06758121,,,,
211128_at,0.1295327,-0.10395205,,,,
1552750_at,0.12955121,-0.1044892,,,,
211595_s_at,0.12957665,0.20107111,,,,
229166_s_at,0.12961385,-0.08852243,,,,
230723_at,0.12963836,-0.18652101,,,,
1554508_at,0.129641,-0.45458034,,,,
217873_at,0.12965307,-0.17120578,,,,
226572_at,0.12966345,0.24494646,,,,
224206_x_at,0.12967847,0.27376565,,,,
201661_s_at,0.1296867,0.25229687,,,,
218065_s_at,0.12969584,-0.19481681,,,,
1555745_a_at,0.12969616,-0.76793273,,,,
222615_s_at,0.12972113,0.14706148,,,,
1559488_at,0.12972831,-0.08652233,,,,
237736_at,0.12973511,-0.08231175,,,,
218659_at,0.12974023,-0.1211657,,,,
209311_at,0.12974101,-0.21870153,,,,
210493_s_at,0.12975614,0.23588258,,,,
230729_at,0.12978709,0.26971928,,,,
215984_s_at,0.1298041,-0.2767272,,,,
238037_at,0.12980946,0.23163627,,,,
238237_at,0.1298292,0.06870986,,,,
202218_s_at,0.12982969,0.29105724,,,,
226275_at,0.12983112,-0.44033307,,,,
243198_at,0.12984393,0.47351201,,,,
221814_at,0.12985728,0.38380238,,,,
233720_at,0.12994347,0.24766113,,,,
208293_x_at,0.12994729,-0.10984226,,,,
243090_at,0.12994836,0.20651824,,,,
242387_at,0.12996143,0.23055554,,,,
242201_at,0.12997572,0.30354248,,,,
237452_at,0.12999597,0.34817617,,,,
244036_at,0.12999653,-0.09009528,,,,
210625_s_at,0.13002371,-0.36426199,,,,
208450_at,0.13003419,-0.64960536,,,,
218513_at,0.13003733,0.2630653,,,,
1555662_s_at,0.13005811,-0.10878292,,,,
1557336_at,0.13005924,0.18720132,,,,
244359_s_at,0.13005962,0.50456712,,,,
237763_at,0.13007307,-0.11263076,,,,
219570_at,0.13007534,-0.32005684,,,,
242807_at,0.13012955,-0.4144485,,,,
233468_at,0.13013641,-0.08306631,,,,
217455_s_at,0.13015335,-0.25175462,,,,
242603_x_at,0.13015406,0.09520695,,,,
205068_s_at,0.13015812,-0.37462273,,,,
215341_at,0.13017007,-0.14452206,,,,
221875_x_at,0.13018086,-0.33761057,,,,
203590_at,0.13018253,-0.2020247,,,,
1567906_at,0.13019876,-0.17368966,,,,
238264_at,0.1302113,-0.06409363,,,,
1557950_at,0.13021811,0.21996263,,,,
205385_at,0.13025969,-0.13089138,,,,
225115_at,0.13025994,0.27321138,,,,
211261_at,0.13026352,-0.12373459,,,,
213585_s_at,0.13027478,-0.18817007,,,,
233659_at,0.1302898,-0.07765099,,,,
210416_s_at,0.13029276,0.29037892,,,,
1570488_at,0.13030632,-0.08041547,,,,
244014_x_at,0.13030728,0.19726386,,,,
1559538_at,0.13031205,-0.39932241,,,,
244747_at,0.13032293,0.26269585,,,,
200882_s_at,0.13032938,0.2026912,,,,
233596_at,0.13038275,-0.11243329,,,,
241259_at,0.13040088,-0.08950441,,,,
221131_at,0.13042759,-0.19500799,,,,
231580_at,0.13043408,-0.24814519,,,,
1563431_x_at,0.13046266,0.2402447,,,,
1569063_at,0.1304713,0.08914552,,,,
1555231_a_at,0.13049005,-0.16557452,,,,
210838_s_at,0.13049731,-0.38716131,,,,
229978_at,0.13050081,-0.49036175,,,,
208927_at,0.13050332,0.17147202,,,,
244600_at,0.13051964,-0.33551037,,,,
226236_at,0.13053166,0.20385508,,,,
234214_at,0.13053522,-0.10089129,,,,
219890_at,0.13054799,-0.67343332,,,,
243141_at,0.13058183,-0.3716556,,,,
236262_at,0.13062108,0.41314226,,,,
216852_x_at,0.13063169,-0.12153614,,,,
221539_at,0.13063989,0.35782422,,,,
233966_at,0.1306925,-0.08346582,,,,
238165_at,0.13069372,0.23119592,,,,
241401_at,0.13072198,0.30106174,,,,
213416_at,0.13072487,-0.35669924,,,,
209491_s_at,0.13074572,-0.12509991,,,,
1553450_s_at,0.13075747,-0.07084482,,,,
205067_at,0.13077448,-0.41255769,,,,
203259_s_at,0.13078244,0.23893805,,,,
1560201_at,0.13080869,0.20213807,,,,
240893_at,0.13081714,-0.07682411,,,,
202760_s_at,0.13083976,-0.37242576,,,,
227401_at,0.13085425,0.51873875,,,,
1559616_x_at,0.13085433,0.17436074,,,,
1570065_at,0.13088462,-0.12069478,,,,
232548_at,0.13089271,-0.09562956,,,,
239455_at,0.13089674,0.23478923,,,,
221699_s_at,0.13090047,0.21428022,,,,
234475_x_at,0.130904,-0.07740078,,,,
223486_at,0.13102866,0.20238023,,,,
1562227_at,0.13105001,-0.11964353,,,,
1562443_at,0.13106304,-0.19643214,,,,
1561347_a_at,0.13108956,-0.15664481,,,,
1562130_at,0.13115725,-0.05947701,,,,
244810_at,0.1311905,-0.09639626,,,,
204446_s_at,0.13119748,-0.53322979,,,,
1569807_at,0.13120027,-0.1155554,,,,
244482_at,0.13120076,0.24173594,,,,
221255_s_at,0.13120127,0.17677909,,,,
237480_at,0.13122778,0.12072016,,,,
212103_at,0.13122971,0.18505222,,,,
1554489_a_at,0.13128697,0.36585801,,,,
1552757_s_at,0.13133629,-0.11926047,,,,
1552264_a_at,0.13134069,-0.26195039,,,,
1566885_at,0.13135297,-0.11293345,,,,
232225_at,0.13137218,-0.1303365,,,,
222589_at,0.13138252,0.26041381,,,,
1552775_at,0.1314042,-0.0979775,,,,
217573_at,0.13141438,0.12221482,,,,
234036_x_at,0.13142748,0.17983816,,,,
213186_at,0.13144467,0.27877371,,,,
204245_s_at,0.13144933,-0.18730386,,,,
206122_at,0.13146464,0.35589345,,,,
215480_at,0.13147104,-0.10003983,,,,
210386_s_at,0.13147345,0.20484939,,,,
242147_at,0.13148797,-0.12420733,,,,
205893_at,0.13152858,0.36920824,,,,
231560_at,0.13156787,0.16710664,,,,
208284_x_at,0.13158183,-0.36680897,,,,
1557816_a_at,0.13158777,-0.10346575,,,,
1555708_a_at,0.13160387,-0.0667442,,,,
213631_x_at,0.13160404,0.34575269,,,,
229361_at,0.13161374,-0.09631754,,,,
238439_at,0.13162518,-0.75530523,,,,
240903_at,0.13165462,0.13723109,,,,
239237_at,0.13166615,-0.27029225,,,,
240617_at,0.13171968,0.14090951,,,,
209142_s_at,0.13175153,0.179041,,,,
1558588_at,0.13176218,-0.15487827,,,,
240658_at,0.13176898,-0.07513165,,,,
227614_at,0.13177191,-0.80989401,,,,
209821_at,0.13179931,0.71430557,,,,
1570283_at,0.13180215,-0.07040676,,,,
209632_at,0.13182522,0.43454344,,,,
1562558_at,0.13182837,-0.07097968,,,,
1556698_a_at,0.13182857,-0.28635931,,,,
208960_s_at,0.1318491,-0.41368472,,,,
201224_s_at,0.13191518,-0.2140796,,,,
1552394_a_at,0.13197951,-0.31085808,,,,
238819_at,0.13198609,0.32703249,,,,
216069_at,0.13200223,0.21462513,,,,
228057_at,0.13200296,0.45778345,,,,
225410_at,0.13207019,0.14062364,,,,
240768_x_at,0.13207405,-0.09948563,,,,
224594_x_at,0.13209084,-0.13448614,,,,
1553318_at,0.13209397,-0.09342549,,,,
223847_s_at,0.13209774,-0.31865254,,,,
217766_s_at,0.13209868,-0.212049,,,,
34697_at,0.13216402,0.27269984,,,,
233344_x_at,0.13218398,0.1206262,,,,
205159_at,0.13220009,-0.48711224,,,,
204966_at,0.13222205,0.25843643,,,,
221876_at,0.13223543,-0.17920353,,,,
202526_at,0.13225564,0.19540219,,,,
228746_s_at,0.13231667,-0.31624471,,,,
227835_at,0.13232642,0.6152967,,,,
238951_at,0.13233837,0.23903314,,,,
215035_at,0.13234883,-0.21612184,,,,
240907_at,0.13234939,-0.09630994,,,,
240193_at,0.13235034,0.20017022,,,,
231135_at,0.13235627,-0.1032058,,,,
211165_x_at,0.13237205,-0.40488408,,,,
234301_s_at,0.13248206,-0.13599452,,,,
235470_at,0.13248552,0.34181048,,,,
221018_s_at,0.13248866,-0.15639661,,,,
205102_at,0.13253744,-0.34299138,,,,
211012_s_at,0.13255101,-0.16012388,,,,
207794_at,0.13258488,-0.27964218,,,,
1562351_at,0.13260112,-0.07424428,,,,
213232_at,0.13260618,-0.07488335,,,,
221269_s_at,0.13261793,-0.3766457,,,,
221099_at,0.13263536,-0.09851351,,,,
212806_at,0.13264067,-0.46490593,,,,
204567_s_at,0.13267344,-0.38166205,,,,
226663_at,0.1326886,-0.42673872,,,,
212744_at,0.1326928,0.28938928,,,,
1552541_at,0.13271281,-0.12080322,,,,
201323_at,0.13271587,0.22951798,,,,
226188_at,0.13272858,0.33416924,,,,
234633_at,0.13272931,-0.07768334,,,,
228337_at,0.13273395,-0.19234584,,,,
201850_at,0.13275682,-0.49391172,,,,
222445_at,0.13279094,0.17560662,,,,
226867_at,0.13280062,-0.31308085,,,,
200889_s_at,0.13280197,0.27259381,,,,
214977_at,0.1328059,-0.10235787,,,,
243322_at,0.1328256,-0.08280063,,,,
36564_at,0.13284786,-0.3149079,,,,
1566994_at,0.13287327,-0.10934194,,,,
216345_at,0.13287554,0.11531958,,,,
235494_at,0.13288225,-0.3099118,,,,
1566448_at,0.13293034,-0.08702391,,,,
209738_x_at,0.13294687,-0.15223854,,,,
233345_at,0.13294949,-0.12886865,,,,
209595_at,0.13296429,-0.27932805,,,,
239257_at,0.13298786,-0.10521328,,,,
229555_at,0.13298953,-0.36358717,,,,
1561012_at,0.13299785,-0.07761042,,,,
220744_s_at,0.13302535,0.31831399,,,,
240505_at,0.13303201,-0.09344468,,,,
242070_at,0.13305868,0.2881295,,,,
222014_x_at,0.13310821,0.19205428,,,,
209409_at,0.13312682,0.34320699,,,,
216269_s_at,0.13314853,0.22283533,,,,
226923_at,0.13315126,0.16920791,,,,
243769_at,0.13315584,-0.11001686,,,,
219326_s_at,0.13317501,-0.3065335,,,,
225959_s_at,0.1331862,0.29155387,,,,
234237_s_at,0.13323632,-0.1232451,,,,
208856_x_at,0.1332371,0.09825486,,,,
243524_at,0.13327816,-0.1825907,,,,
229368_s_at,0.13329359,-0.17201154,,,,
1557882_at,0.13331568,0.08225935,,,,
237074_at,0.13336407,-0.08397468,,,,
237482_s_at,0.13337135,-0.23084954,,,,
226378_s_at,0.1333763,-0.22598081,,,,
234642_at,0.13339099,-0.09727265,,,,
219764_at,0.13339761,-0.77061645,,,,
210800_at,0.13343796,0.11180447,,,,
211429_s_at,0.13356302,-1.17643968,,,,
232196_at,0.13357588,0.15427139,,,,
223692_at,0.13358072,-0.2571968,,,,
226074_at,0.13359882,-0.25936708,,,,
228691_at,0.13359996,-0.11154993,,,,
50221_at,0.133601,-0.30397741,,,,
203763_at,0.13361269,0.31896544,,,,
210874_s_at,0.13362449,-0.15166871,,,,
223851_s_at,0.13363032,-0.33053554,,,,
1553736_at,0.1336448,0.13224636,,,,
216971_s_at,0.13364789,-0.43567654,,,,
216744_at,0.13365459,-0.08269923,,,,
1561740_at,0.13365843,-0.08961761,,,,
203475_at,0.13366412,0.37681774,,,,
207454_at,0.1336672,-0.11031102,,,,
219768_at,0.13367925,0.88383692,,,,
233692_at,0.13368564,0.15311214,,,,
225976_at,0.13370195,0.25443043,,,,
206238_s_at,0.13370538,0.20260124,,,,
1566209_at,0.13370744,-0.08534973,,,,
238621_at,0.13372714,-0.36437278,,,,
243228_at,0.13374136,0.16063649,,,,
52731_at,0.13374765,-0.19754572,,,,
209918_at,0.13375676,-0.1242571,,,,
230377_s_at,0.13376833,-0.09326961,,,,
1554953_a_at,0.13381562,0.10394922,,,,
238578_at,0.13381722,0.30034556,,,,
241678_at,0.1338227,-0.07241373,,,,
226624_at,0.13384038,-0.12839043,,,,
1555092_at,0.13384246,-0.11798842,,,,
214901_at,0.13385498,0.20558418,,,,
214558_at,0.13386958,-0.1302093,,,,
206209_s_at,0.13387336,-0.54735415,,,,
239814_at,0.13387672,-0.33311214,,,,
41387_r_at,0.13388953,-0.14061802,,,,
244023_at,0.13391252,-0.26559028,,,,
242009_at,0.13394199,-0.25651317,,,,
213755_s_at,0.13395068,0.15471425,,,,
1561665_at,0.13399226,-0.08219463,,,,
222763_s_at,0.13402562,0.23487163,,,,
210546_x_at,0.13405224,0.56042762,,,,
206928_at,0.13406486,0.35995614,,,,
233272_at,0.13409159,-0.07275511,,,,
225573_at,0.13413778,0.45551233,,,,
207747_s_at,0.13414073,-0.31629138,,,,
214430_at,0.13419352,-0.23984897,,,,
1558954_at,0.13425448,-0.09144099,,,,
1561513_at,0.13425481,-0.07994052,,,,
234558_at,0.134325,-0.07809742,,,,
221786_at,0.13434094,0.22238401,,,,
210616_s_at,0.13434668,0.21371201,,,,
1568678_s_at,0.13435038,0.27678835,,,,
229631_at,0.13436329,-0.12696396,,,,
228288_at,0.13436761,-0.1272696,,,,
218499_at,0.13437379,0.66582583,,,,
239191_at,0.13440032,-0.11150489,,,,
241507_x_at,0.13441051,0.24737984,,,,
1552405_at,0.13441758,-0.11710807,,,,
1559640_at,0.13443327,-0.11585641,,,,
227943_at,0.13444096,0.41931779,,,,
230512_x_at,0.13444559,-0.10300845,,,,
244258_at,0.13448135,-0.21977458,,,,
203890_s_at,0.13450117,-0.40816681,,,,
205353_s_at,0.13453628,0.35854166,,,,
243379_at,0.13454738,0.10814288,,,,
1556859_a_at,0.13455362,-0.09045554,,,,
217746_s_at,0.13456382,-0.19760601,,,,
230113_at,0.13459134,0.24071448,,,,
243543_at,0.13460149,-0.22298353,,,,
221186_at,0.13460269,-0.10070902,,,,
238101_at,0.13462556,-0.08973367,,,,
237000_at,0.1346319,-0.07553536,,,,
223678_s_at,0.13466569,-0.65619652,,,,
228534_s_at,0.13470289,-0.18779971,,,,
220930_s_at,0.13471641,-0.17397259,,,,
1557787_at,0.1347216,-0.07478303,,,,
225886_at,0.1347335,0.24859881,,,,
1570578_at,0.13474167,0.08505508,,,,
1560263_at,0.13474785,-0.24787769,,,,
240125_at,0.13475519,-0.11056299,,,,
1563458_at,0.13475653,-0.14986827,,,,
232479_at,0.13476563,-0.08684091,,,,
1487_at,0.13481069,-0.22423442,,,,
230531_at,0.13483885,-0.16861439,,,,
208038_at,0.13486776,0.25158519,,,,
212269_s_at,0.13489898,0.15339787,,,,
204223_at,0.13491692,0.54227756,,,,
223182_s_at,0.13491798,0.3266329,,,,
238707_at,0.13494976,-0.09976223,,,,
1555001_at,0.13495514,-0.08085686,,,,
238116_at,0.13496929,0.45117222,,,,
237147_at,0.13497526,-0.09601194,,,,
65635_at,0.13499777,-0.14825297,,,,
243740_at,0.13500131,0.26473422,,,,
240308_at,0.13500473,-0.08100607,,,,
243828_at,0.13500706,-0.07822452,,,,
228940_at,0.13502555,0.15941928,,,,
242754_at,0.13503585,0.15780779,,,,
36545_s_at,0.13503706,-0.2810556,,,,
208089_s_at,0.13505834,-0.28057226,,,,
222724_at,0.13507695,-0.14311887,,,,
209127_s_at,0.13508283,0.24024893,,,,
1559939_at,0.13508467,-0.0982604,,,,
1557314_at,0.13508706,0.12475825,,,,
1554379_a_at,0.13511013,-0.11136275,,,,
225692_at,0.1351197,0.19776856,,,,
207479_at,0.13516441,-0.0630063,,,,
228771_at,0.13517223,-0.3548821,,,,
1555837_s_at,0.13517861,0.16027464,,,,
234130_at,0.1352022,-0.15326939,,,,
234094_x_at,0.13522295,0.06185246,,,,
238223_at,0.13525335,-0.10817939,,,,
216358_at,0.13526061,0.1076259,,,,
226833_at,0.13526412,0.2449014,,,,
71933_at,0.13526691,-0.1190351,,,,
223751_x_at,0.13527435,-0.16693061,,,,
217247_at,0.13527788,-0.12280594,,,,
203192_at,0.13529258,0.36523232,,,,
209873_s_at,0.13529641,-0.51890379,,,,
238777_x_at,0.13534152,-0.13058835,,,,
207586_at,0.13534891,-0.16411937,,,,
217436_x_at,0.13538905,-0.31383002,,,,
221160_s_at,0.1353929,-0.08759571,,,,
1559548_at,0.1354277,-0.12220492,,,,
207317_s_at,0.13544133,0.4539567,,,,
232137_at,0.13545359,-0.2105492,,,,
229889_at,0.13546278,-0.50595736,,,,
242987_x_at,0.13548188,0.23425058,,,,
238864_at,0.13549327,-0.10498438,,,,
217264_s_at,0.13549766,0.21615839,,,,
205313_at,0.13549917,-0.3403714,,,,
227967_at,0.13555257,0.19043338,,,,
204213_at,0.13557541,-0.51697913,,,,
37965_at,0.13558328,-0.29338099,,,,
205924_at,0.13559866,-0.42575212,,,,
205767_at,0.13560021,-1.13950833,,,,
1567853_at,0.1356155,-0.17976011,,,,
1563106_at,0.13562113,-0.09153273,,,,
1568828_at,0.13562219,-0.16590792,,,,
216946_at,0.13563224,-0.07927754,,,,
232285_at,0.13570436,-0.10812472,,,,
239083_at,0.13573467,0.22904361,,,,
210471_s_at,0.13574617,0.38322955,,,,
202531_at,0.13576861,-0.33437268,,,,
223727_at,0.13578033,-0.1148218,,,,
219298_at,0.13582109,0.68746471,,,,
206460_at,0.13582303,-0.30384612,,,,
224907_s_at,0.13582542,-0.17071249,,,,
1564886_at,0.13582803,-0.10260225,,,,
207129_at,0.13584062,-0.148837,,,,
237066_at,0.13586134,-0.07303435,,,,
243138_at,0.13587292,-0.08189836,,,,
231478_at,0.13590265,-0.30378406,,,,
213981_at,0.1359455,0.13537097,,,,
224248_x_at,0.13595037,-0.12862183,,,,
208486_at,0.13596412,-0.14859242,,,,
242465_at,0.13596441,-0.41628973,,,,
206282_at,0.13599119,-0.5541478,,,,
214913_at,0.13600742,0.43557095,,,,
201414_s_at,0.13605706,-0.19061307,,,,
219013_at,0.13605713,0.26140588,,,,
216391_s_at,0.13611447,0.11687443,,,,
65438_at,0.13613709,0.30869744,,,,
218125_s_at,0.13616478,0.25111899,,,,
215954_s_at,0.13623428,-0.21900158,,,,
228722_at,0.13623594,0.25932388,,,,
239587_at,0.13625642,-0.5164094,,,,
209315_at,0.13629386,0.18463899,,,,
240637_at,0.13629555,0.14730671,,,,
203047_at,0.13630359,-0.24472058,,,,
1558249_s_at,0.13630948,-0.23457255,,,,
227572_at,0.13633207,0.20377814,,,,
206545_at,0.13634713,-0.48421898,,,,
211020_at,0.1363598,0.21620721,,,,
208402_at,0.13636262,-0.07807499,,,,
224627_at,0.13637826,-0.25212111,,,,
206720_at,0.13639717,-0.14035066,,,,
823_at,0.13642104,0.48930937,,,,
206223_at,0.13643648,-0.1332966,,,,
231935_at,0.13648738,0.26023076,,,,
236041_at,0.13649218,-0.16026041,,,,
208292_at,0.13649485,-0.1265069,,,,
207748_at,0.13649658,-0.09006381,,,,
242605_at,0.13649957,0.41602047,,,,
1563691_at,0.13650208,-0.09613451,,,,
215370_at,0.13651066,-0.11449331,,,,
1561817_at,0.13654915,-0.31981698,,,,
238899_at,0.13654928,-0.07030556,,,,
215382_x_at,0.13655168,-0.36777871,,,,
224737_x_at,0.1365579,0.15747402,,,,
238403_at,0.13655794,-0.0842235,,,,
222692_s_at,0.13657104,0.30125342,,,,
238084_at,0.136574,0.21881846,,,,
227035_x_at,0.13661511,0.15414747,,,,
1555565_s_at,0.13662935,-0.29480399,,,,
235205_at,0.13663497,-0.42619303,,,,
1555194_at,0.1366663,-0.08060261,,,,
235725_at,0.13669607,0.25244104,,,,
1563725_at,0.13671393,-0.06971139,,,,
233726_at,0.13673161,-0.10030879,,,,
206531_at,0.13676552,-0.11685242,,,,
1557458_s_at,0.13676637,0.32009412,,,,
220184_at,0.13677249,0.14606796,,,,
206239_s_at,0.13679447,-1.56457438,,,,
231188_at,0.13680148,0.23817173,,,,
1563596_at,0.13680441,-0.08263047,,,,
218993_at,0.13680769,0.22104306,,,,
1560506_at,0.13681089,-0.08393815,,,,
225068_at,0.13681545,-0.18760378,,,,
207497_s_at,0.13683653,-0.25327907,,,,
244297_at,0.13686271,-0.32555126,,,,
223324_s_at,0.13687249,0.18846679,,,,
1555383_a_at,0.13687586,-0.90910321,,,,
220033_at,0.13691174,-0.17253462,,,,
1566537_at,0.13695234,-0.08233053,,,,
1559713_at,0.13696534,-0.10238368,,,,
202406_s_at,0.13696541,0.17011576,,,,
234580_at,0.13697722,-0.09988737,,,,
239089_at,0.13699167,0.41478063,,,,
240855_at,0.13707473,-0.11342593,,,,
208004_at,0.13708744,-0.09261259,,,,
206506_s_at,0.13709533,0.26326662,,,,
242946_at,0.13713964,-0.16233997,,,,
226370_at,0.13716107,0.27399441,,,,
206372_at,0.13717444,0.36018538,,,,
222545_s_at,0.13717508,0.24016763,,,,
205681_at,0.13718828,-0.6412065,,,,
235308_at,0.13721455,0.41571142,,,,
235684_s_at,0.13722279,0.32754258,,,,
211101_x_at,0.1372243,-0.22996964,,,,
213218_at,0.13725892,0.19085929,,,,
34031_i_at,0.13729008,0.1882602,,,,
244296_at,0.13730561,-0.10860752,,,,
241181_x_at,0.13731165,0.16824882,,,,
229996_s_at,0.13731254,-0.23178367,,,,
55081_at,0.13734583,0.34438427,,,,
226078_at,0.13736002,-0.10916649,,,,
204793_at,0.13736244,0.46396888,,,,
223382_s_at,0.13737052,0.29038912,,,,
222892_s_at,0.1373799,0.54524591,,,,
1552671_a_at,0.13738366,0.25393498,,,,
238729_x_at,0.1373911,0.19361353,,,,
240993_at,0.1374696,0.1428749,,,,
233382_at,0.13747106,-0.0921807,,,,
201204_s_at,0.13747744,0.264719,,,,
211132_at,0.13749512,-0.11470088,,,,
229015_at,0.13749658,0.20250735,,,,
226135_at,0.13750068,0.26045589,,,,
239827_at,0.13752563,-0.09741163,,,,
236233_at,0.13754457,0.17401817,,,,
1563478_at,0.1375912,0.09683421,,,,
207101_at,0.13759369,0.12466722,,,,
214489_at,0.13762735,-0.10515466,,,,
1552476_s_at,0.13762924,-0.28810509,,,,
219429_at,0.13764522,-0.78045514,,,,
209521_s_at,0.13767658,0.21194112,,,,
226544_x_at,0.13768095,0.14304379,,,,
213539_at,0.13769133,-0.42252536,,,,
232716_at,0.13771762,0.19174685,,,,
1568977_at,0.13773697,-0.07126424,,,,
225736_at,0.13773955,0.20090301,,,,
205030_at,0.13774493,0.84736314,,,,
210265_x_at,0.13776233,-0.17256049,,,,
1554432_x_at,0.13776956,0.1369109,,,,
223730_at,0.13777181,0.29684159,,,,
223899_at,0.13779137,-0.09174078,,,,
1566463_at,0.13780478,0.07278616,,,,
204061_at,0.13780731,-0.42549296,,,,
244069_at,0.13782951,-0.09220453,,,,
206000_at,0.13784583,-0.95911787,,,,
209812_x_at,0.13785687,-0.25447825,,,,
208373_s_at,0.13786871,0.20844589,,,,
221294_at,0.13787927,-0.10894089,,,,
204095_s_at,0.13788565,-0.1362161,,,,
225581_s_at,0.13789315,0.25047746,,,,
228523_at,0.13790721,0.75962856,,,,
219153_s_at,0.13800306,-0.33801751,,,,
214965_at,0.13801185,0.18535897,,,,
217588_at,0.13802087,-0.12583738,,,,
203807_x_at,0.1380313,-0.12370578,,,,
214591_at,0.13804457,0.38042684,,,,
1557886_at,0.13807484,-0.07592499,,,,
1553564_at,0.13807748,0.11977283,,,,
243066_at,0.13811312,-0.07924301,,,,
206342_x_at,0.13811776,-0.26128927,,,,
1569098_s_at,0.13811835,0.1333987,,,,
1562424_at,0.13812875,-0.08108952,,,,
207042_at,0.13813331,-0.10705504,,,,
213759_at,0.13813656,-0.15451247,,,,
227568_at,0.13814329,0.4128935,,,,
231715_s_at,0.13814441,-0.2768444,,,,
230876_at,0.13815426,0.54531827,,,,
1555136_at,0.13817,0.12723706,,,,
226220_at,0.13819847,-0.5005196,,,,
226067_at,0.13821454,0.6785446,,,,
49049_at,0.13823642,-0.12101217,,,,
209434_s_at,0.13826448,0.21794435,,,,
235959_at,0.13827529,0.28107576,,,,
1558348_at,0.13828286,-0.14992138,,,,
220636_at,0.13829841,-0.08825763,,,,
204785_x_at,0.13832792,-0.19631108,,,,
232569_at,0.13833798,0.3321765,,,,
234508_at,0.13834673,-0.11373922,,,,
241610_x_at,0.13835236,-0.10592037,,,,
212311_at,0.13835543,-0.48509841,,,,
231996_at,0.13837777,0.23610217,,,,
225627_s_at,0.13838487,0.71588422,,,,
1569998_at,0.13841079,-0.0745939,,,,
209095_at,0.13843422,0.21490479,,,,
215768_at,0.13845472,0.32989325,,,,
216659_at,0.13848197,-0.06350875,,,,
229765_at,0.13850174,0.38150595,,,,
222068_s_at,0.1385458,0.18118992,,,,
219067_s_at,0.1385541,0.29453275,,,,
1554982_a_at,0.1385662,-0.0625611,,,,
228904_at,0.1385754,-0.59820335,,,,
214677_x_at,0.13857769,-0.92285502,,,,
1558777_at,0.13858672,0.09181299,,,,
200023_s_at,0.13860293,-0.18397732,,,,
216775_at,0.1386339,-0.07753271,,,,
219937_at,0.13863458,-0.53164754,,,,
214173_x_at,0.13863842,0.26136012,,,,
223604_at,0.13864684,0.21262951,,,,
230105_at,0.13869846,-0.35237271,,,,
240476_at,0.13870321,-0.08923491,,,,
233595_at,0.13873246,0.34252721,,,,
200640_at,0.13874703,-0.28453071,,,,
200884_at,0.13874979,-0.63039927,,,,
202051_s_at,0.13876643,0.2521283,,,,
228901_at,0.13877704,-0.18540222,,,,
1560035_at,0.13877708,-0.12189556,,,,
230056_at,0.13877922,0.30364111,,,,
207355_at,0.13878677,-0.28649076,,,,
1555691_a_at,0.13880937,-0.31898817,,,,
241566_at,0.13883759,-0.05785168,,,,
234213_at,0.13884294,-0.06202005,,,,
216504_s_at,0.13886264,-0.40474134,,,,
224207_x_at,0.13889945,-0.24837542,,,,
230561_s_at,0.13891599,0.34362695,,,,
208483_x_at,0.13894716,-0.20484323,,,,
1554496_at,0.13895644,0.1999789,,,,
1567611_at,0.13895731,-0.0907313,,,,
237636_at,0.13896043,-0.08617542,,,,
214603_at,0.13896044,0.51479625,,,,
208481_at,0.13897084,-0.08766708,,,,
209416_s_at,0.13901809,-0.13696955,,,,
1555380_at,0.13903236,-0.10780906,,,,
1560628_at,0.13904229,-0.07591223,,,,
205667_at,0.13906888,0.27113477,,,,
243253_at,0.13908939,-0.21034441,,,,
233126_s_at,0.13909706,-0.0743401,,,,
227059_at,0.13909959,0.59215756,,,,
224418_x_at,0.13912179,-0.10097415,,,,
242743_at,0.13914329,-0.11593028,,,,
210783_x_at,0.13914753,-0.22377396,,,,
236952_at,0.1391738,0.1622049,,,,
1555113_at,0.13918694,-0.11787761,,,,
215121_x_at,0.1391874,-0.79738354,,,,
243008_at,0.1391974,0.21552185,,,,
235772_at,0.1392225,-0.1581957,,,,
236657_at,0.13922619,0.35779746,,,,
241637_at,0.1392373,0.14734146,,,,
227394_at,0.13925855,0.36251563,,,,
234701_at,0.13925924,0.23206177,,,,
212766_s_at,0.13926598,0.24069605,,,,
213781_at,0.13926958,-0.10742859,,,,
230962_at,0.13929643,0.47813424,,,,
1555681_at,0.13930128,-0.12388559,,,,
211525_s_at,0.13930751,-0.0542113,,,,
212231_at,0.13930903,0.34551924,,,,
244740_at,0.13931072,0.41979154,,,,
231292_at,0.13932653,0.40122572,,,,
227512_at,0.13933592,0.4375569,,,,
226654_at,0.13934154,-0.60299386,,,,
240159_at,0.13937698,-0.1022141,,,,
1555759_a_at,0.13939323,-0.5009112,,,,
1565557_at,0.13940571,-0.06713172,,,,
225847_at,0.13940784,-0.51152772,,,,
205170_at,0.13941172,-0.20904635,,,,
1556713_at,0.13942697,0.11550503,,,,
210808_s_at,0.13942848,-0.40479361,,,,
239505_at,0.13947195,-0.11299357,,,,
221753_at,0.13948916,0.20800258,,,,
209016_s_at,0.13949068,1.01167132,,,,
241482_at,0.13949326,0.20147619,,,,
243366_s_at,0.1394933,-0.33910811,,,,
219128_at,0.13950616,0.13294541,,,,
1556822_s_at,0.13953363,-0.11631001,,,,
219801_at,0.13955348,0.25916197,,,,
219173_at,0.1395693,-0.28633144,,,,
211752_s_at,0.13957137,-0.21456025,,,,
200741_s_at,0.1395722,0.0839458,,,,
240684_at,0.13957321,-0.08237179,,,,
238278_at,0.13961639,0.10825693,,,,
241227_at,0.13961996,0.20573034,,,,
233817_at,0.13964138,0.08438768,,,,
1561639_at,0.13964176,-0.11259897,,,,
1556034_s_at,0.13964313,-0.45684466,,,,
232704_s_at,0.13973172,-0.15042634,,,,
213932_x_at,0.13975885,-0.2381587,,,,
1556060_a_at,0.13976173,0.272096,,,,
91682_at,0.13976953,-0.16077609,,,,
242867_x_at,0.1397702,-0.09550431,,,,
222525_s_at,0.13980792,0.21607557,,,,
209004_s_at,0.13982211,0.23839332,,,,
208622_s_at,0.13982305,-0.41889218,,,,
1557363_a_at,0.13986729,0.15496891,,,,
231035_s_at,0.13987449,-0.27031457,,,,
234456_at,0.13989454,-0.13252585,,,,
218577_at,0.13991124,0.22066595,,,,
215183_at,0.13991955,0.07505902,,,,
1553361_x_at,0.13994358,-0.1143749,,,,
224063_at,0.139975,0.08242876,,,,
215085_x_at,0.139977,-0.09046459,,,,
236409_at,0.14000825,0.18474556,,,,
1560108_at,0.14001562,-0.09362193,,,,
231744_at,0.14002697,-0.10617768,,,,
215842_s_at,0.14003139,-0.22512332,,,,
230613_at,0.14006363,-0.11515026,,,,
233960_s_at,0.14009233,-0.14800178,,,,
235475_at,0.14009817,0.27298315,,,,
1557633_at,0.14013207,-0.07542061,,,,
208072_s_at,0.14014515,-0.19141747,,,,
1558290_a_at,0.14014793,-0.34560461,,,,
226442_at,0.14015755,-0.18935843,,,,
219384_s_at,0.14018784,0.18372616,,,,
226113_at,0.1402099,0.36575865,,,,
225828_at,0.14021128,-0.26023328,,,,
216274_s_at,0.14021917,0.14341061,,,,
213810_s_at,0.14023089,-0.32714752,,,,
239822_at,0.14024012,0.26521518,,,,
209228_x_at,0.14024145,0.61598968,,,,
213483_at,0.14025406,0.23419197,,,,
234239_at,0.14026144,-0.12173547,,,,
1556422_at,0.14027707,-0.13381395,,,,
225954_s_at,0.14027967,-0.21275873,,,,
1569944_at,0.14028675,-0.08610045,,,,
229102_at,0.14029675,-0.16907701,,,,
242670_at,0.14030939,-0.14618431,,,,
216287_at,0.14035145,-0.07906351,,,,
213160_at,0.14035412,-0.43373676,,,,
220997_s_at,0.1404232,-0.08943534,,,,
210811_s_at,0.14043339,0.22682287,,,,
1553552_at,0.14044065,-0.09366073,,,,
201834_at,0.14045813,-0.25567371,,,,
203996_s_at,0.14045855,0.11150654,,,,
217122_s_at,0.14046161,-0.24468621,,,,
205610_at,0.14048622,0.44686078,,,,
233385_x_at,0.14049718,-0.14915536,,,,
215831_at,0.14050931,-0.06554925,,,,
1556116_s_at,0.14055099,-0.19485061,,,,
221213_s_at,0.14057161,0.31322437,,,,
234814_at,0.14057745,-0.08285547,,,,
211155_s_at,0.14059587,0.29961242,,,,
222269_at,0.14060828,0.29763348,,,,
1562433_at,0.14061886,-0.11989128,,,,
206999_at,0.14064015,0.48687195,,,,
209685_s_at,0.14066213,-0.44554157,,,,
206422_at,0.14067515,-0.53722338,,,,
243222_at,0.14067572,-0.13825047,,,,
220649_at,0.14067619,0.15750816,,,,
241078_at,0.1407029,-0.10139469,,,,
206883_x_at,0.14070406,-0.10743011,,,,
222702_x_at,0.14070586,0.17451218,,,,
219014_at,0.14072436,-0.85953692,,,,
223784_at,0.14074075,0.83753035,,,,
209241_x_at,0.14074891,-0.12125415,,,,
1559018_at,0.140749,-0.0917433,,,,
1553196_a_at,0.1407672,-0.10449731,,,,
244792_at,0.14078276,-0.10116257,,,,
217836_s_at,0.1407939,0.21340202,,,,
221185_s_at,0.14085999,0.44257311,,,,
232595_at,0.14090465,-0.11918339,,,,
214049_x_at,0.14092498,-0.13436236,,,,
220642_x_at,0.14092507,0.22682688,,,,
1554404_a_at,0.14093144,-0.10967605,,,,
232167_at,0.14093357,-0.12586673,,,,
211598_x_at,0.14094594,-0.1124169,,,,
238319_at,0.14095596,-0.08248024,,,,
222920_s_at,0.14096403,-0.17584495,,,,
224039_at,0.14099084,-0.13739622,,,,
205810_s_at,0.14102325,-0.19015897,,,,
205494_at,0.14105517,0.11317317,,,,
1570537_a_at,0.14106378,-0.0859447,,,,
242553_at,0.14110088,0.23499082,,,,
235671_at,0.14110203,-0.1089667,,,,
203278_s_at,0.14110301,0.26683157,,,,
1560520_at,0.14114774,-0.08762173,,,,
1563105_at,0.14119415,-0.10966776,,,,
1559490_at,0.1412358,0.21878164,,,,
217290_at,0.14124519,-0.06350136,,,,
208188_at,0.14125245,0.25141844,,,,
1562139_a_at,0.14127413,0.11354998,,,,
1565752_at,0.14128823,-0.11693884,,,,
1561224_at,0.14130476,-0.08934617,,,,
219840_s_at,0.14132632,-0.07356206,,,,
1558899_s_at,0.14133644,-0.09660032,,,,
204007_at,0.14133884,-0.41048716,,,,
226072_at,0.14134917,-0.18928275,,,,
226950_at,0.14134935,-0.37959594,,,,
1568377_x_at,0.14138981,-0.17223302,,,,
232286_at,0.14140576,-0.37925975,,,,
1558289_at,0.1414148,-0.10725821,,,,
202642_s_at,0.14142096,0.22090928,,,,
1554810_at,0.14142426,0.10215702,,,,
232454_at,0.14143266,0.10406311,,,,
221040_at,0.14148056,-0.52112118,,,,
203209_at,0.14148128,0.26817224,,,,
1559979_at,0.14148232,-0.09903077,,,,
240067_at,0.14148904,-0.08173463,,,,
244249_at,0.14149737,-0.11516267,,,,
230552_at,0.14150766,0.27934015,,,,
230152_at,0.1415103,0.32016847,,,,
229130_at,0.14151416,0.45224933,,,,
222491_at,0.14153601,0.20314793,,,,
215832_x_at,0.14154822,-0.18259159,,,,
205094_at,0.14156093,0.19024016,,,,
216094_at,0.14156251,-0.13578555,,,,
236093_at,0.1415686,-0.12143756,,,,
209625_at,0.14158311,0.22845255,,,,
1569057_s_at,0.14159499,-0.32983306,,,,
204654_s_at,0.14159831,0.2592404,,,,
241427_x_at,0.14160113,-0.14144335,,,,
241673_x_at,0.14162102,0.06693033,,,,
231309_at,0.14162432,0.13258177,,,,
220381_at,0.14165188,0.23608393,,,,
219908_at,0.14165562,0.52764741,,,,
243282_at,0.14167784,-0.17235211,,,,
1557809_a_at,0.14170178,-0.10176817,,,,
206939_at,0.14170243,-0.08381836,,,,
241506_at,0.14172503,-0.11258503,,,,
238802_at,0.14173421,0.20106189,,,,
1556682_s_at,0.14174204,0.15078106,,,,
1555950_a_at,0.14175881,-0.4355173,,,,
209318_x_at,0.14176711,0.60655026,,,,
212660_at,0.14178123,-0.34044206,,,,
233342_at,0.14180121,-0.11918349,,,,
223588_at,0.14180204,0.3637478,,,,
244626_at,0.14182057,0.07862089,,,,
239565_at,0.14184277,0.08945393,,,,
1570474_s_at,0.14184417,0.07254659,,,,
203945_at,0.14188026,-0.26237774,,,,
210042_s_at,0.1418857,-0.28438456,,,,
213208_at,0.14190652,0.18454881,,,,
211186_s_at,0.14190652,-0.09594215,,,,
221363_x_at,0.14192791,-0.08787212,,,,
241492_at,0.14194595,0.11752852,,,,
206014_at,0.14195034,-0.26108155,,,,
217003_s_at,0.14195944,-0.07268363,,,,
241211_at,0.14196199,-0.09748049,,,,
215543_s_at,0.14196989,0.2435208,,,,
1563509_at,0.14197123,-0.1231639,,,,
229623_at,0.14200254,0.6934458,,,,
204904_at,0.14200366,0.19344207,,,,
217927_at,0.14201115,-0.14247234,,,,
1566456_at,0.14205373,-0.13416894,,,,
206569_at,0.14205633,-0.1414754,,,,
235842_at,0.1420633,0.22615074,,,,
236626_at,0.14206983,-0.1871217,,,,
234215_at,0.14210206,-0.09357027,,,,
237296_at,0.14210646,-0.09512623,,,,
236214_at,0.14214212,-0.08264304,,,,
228249_at,0.14215075,0.23829985,,,,
240708_at,0.14215141,-0.08455257,,,,
218271_s_at,0.14216098,0.17775866,,,,
228464_at,0.14216697,0.43600173,,,,
1553954_at,0.14218387,0.19695508,,,,
235217_at,0.14219514,0.34547821,,,,
229846_s_at,0.14219774,-0.34502815,,,,
230884_s_at,0.14221626,-0.28585496,,,,
233409_at,0.14221752,-0.1034457,,,,
244402_at,0.1422232,-0.09737942,,,,
229793_at,0.14224411,0.33675393,,,,
242726_at,0.14225226,0.15744928,,,,
210177_at,0.14225967,-0.42372738,,,,
224824_at,0.14227611,0.24041051,,,,
211563_s_at,0.14227824,0.24535956,,,,
201782_s_at,0.14229722,-0.18651539,,,,
212546_s_at,0.14230823,-0.26127587,,,,
235929_s_at,0.14231703,-0.1270536,,,,
222927_s_at,0.1423366,-0.24389289,,,,
1562755_at,0.1423886,-0.06580093,,,,
219180_s_at,0.14238978,-0.18191571,,,,
234414_at,0.14239885,-0.12836778,,,,
206100_at,0.1424338,-0.59710109,,,,
240516_at,0.14245462,-0.10444782,,,,
226027_at,0.14247681,0.22129135,,,,
244722_at,0.14248326,-0.11430882,,,,
231449_at,0.14248497,0.15903468,,,,
232653_at,0.14248982,0.55096064,,,,
212592_at,0.14250564,-0.9043299,,,,
216062_at,0.14253224,0.06992856,,,,
221414_s_at,0.14254385,0.27882531,,,,
236296_x_at,0.14258009,-0.0843708,,,,
209776_s_at,0.14258693,-0.20376431,,,,
1560556_a_at,0.14258804,0.2752094,,,,
243575_at,0.14259311,-0.13372443,,,,
233354_at,0.1426269,-0.25083771,,,,
215128_at,0.14264554,0.26254811,,,,
243032_at,0.14266281,-0.07921435,,,,
1566955_at,0.14267284,-0.07016213,,,,
1565588_at,0.14269789,-0.08457233,,,,
205730_s_at,0.14272547,-0.43030966,,,,
200077_s_at,0.14275067,-0.10430733,,,,
218285_s_at,0.1427935,0.33747585,,,,
1556451_at,0.1428109,-0.08245808,,,,
1562999_x_at,0.1428231,-0.06127484,,,,
235137_at,0.14289088,-0.08521583,,,,
226895_at,0.14289625,0.28521582,,,,
232599_at,0.14289951,-0.08704623,,,,
234756_at,0.14291725,-0.1323729,,,,
214268_s_at,0.14291933,0.19533853,,,,
231773_at,0.14293012,0.56012603,,,,
1552792_at,0.14293515,0.14273432,,,,
235005_at,0.14294373,0.21172685,,,,
234417_at,0.14294848,-0.09854069,,,,
241817_at,0.14296317,-0.22979046,,,,
211535_s_at,0.14300811,0.54184818,,,,
227107_at,0.14301193,0.23712093,,,,
229815_at,0.14303662,0.33381093,,,,
202949_s_at,0.14303998,-0.46499878,,,,
222659_at,0.14305702,0.13596474,,,,
233117_at,0.14308739,-0.08296456,,,,
237028_at,0.14308992,0.17848063,,,,
234622_at,0.14309415,-0.08236026,,,,
211238_at,0.14309635,-0.18240926,,,,
212737_at,0.14312916,-0.28636029,,,,
214948_s_at,0.14315046,0.28237233,,,,
232866_at,0.14316638,-0.1144614,,,,
1555266_a_at,0.14320882,-0.11072447,,,,
200048_s_at,0.14324057,0.14144091,,,,
235364_at,0.14325606,-0.10307841,,,,
208812_x_at,0.14325997,-0.2570107,,,,
238668_at,0.14326026,-0.44243276,,,,
235883_at,0.14326106,-0.13044349,,,,
1553521_at,0.1433166,-0.07383946,,,,
244177_at,0.14331688,-0.27089835,,,,
230893_at,0.14333012,0.35028534,,,,
217323_at,0.14336709,-0.08840397,,,,
1553125_x_at,0.14337641,-0.07032494,,,,
1561092_at,0.14338012,-0.08023129,,,,
236462_at,0.14339084,0.23162956,,,,
210945_at,0.14339148,0.29667429,,,,
229777_at,0.14339162,-1.1714234,,,,
1566689_at,0.14339377,-0.08871093,,,,
206742_at,0.14340062,-0.51147197,,,,
211316_x_at,0.14340779,-0.23098119,,,,
204496_at,0.14341087,0.17042786,,,,
232832_at,0.14345173,-0.10842853,,,,
226352_at,0.14345376,0.36457112,,,,
224342_x_at,0.1434803,-0.51490071,,,,
215459_at,0.14348491,-0.15476852,,,,
1565857_at,0.14349874,-0.0853103,,,,
219979_s_at,0.14350834,0.22883397,,,,
238546_at,0.14351828,-0.29429258,,,,
241312_at,0.14353132,-0.13961834,,,,
218717_s_at,0.14354878,-0.64180264,,,,
220752_at,0.14356045,-0.0853934,,,,
206507_at,0.14356321,0.22110234,,,,
234429_at,0.14358271,0.08641996,,,,
219127_at,0.14360679,-0.87084896,,,,
225122_at,0.14361033,-0.12372206,,,,
1564676_a_at,0.1436211,-0.10269904,,,,
223096_at,0.14362966,0.23768043,,,,
241554_at,0.14363436,-0.08853392,,,,
228005_at,0.1436411,0.21847652,,,,
227408_s_at,0.14374323,-0.34720252,,,,
1566924_at,0.14374634,0.08446571,,,,
238772_at,0.14375437,-0.1042746,,,,
232703_at,0.14375829,-0.0931513,,,,
200726_at,0.1437632,0.16290013,,,,
208974_x_at,0.14376323,0.18012626,,,,
222335_at,0.14376726,-0.17260648,,,,
212402_at,0.1437786,-0.2157537,,,,
205346_at,0.14379154,-0.17167557,,,,
1566721_at,0.14379821,-0.08645529,,,,
243113_at,0.14380859,-0.11543668,,,,
201854_s_at,0.14381746,0.18638377,,,,
233965_at,0.14381821,-0.12424047,,,,
211849_s_at,0.14382516,-0.17862071,,,,
210844_x_at,0.1438254,-0.18423016,,,,
235346_at,0.14384237,0.25789505,,,,
237805_at,0.14387875,-0.09676103,,,,
241757_x_at,0.14389068,0.12889831,,,,
1554978_at,0.14389113,-0.11361956,,,,
38964_r_at,0.14389483,-0.16885269,,,,
241882_at,0.14389872,-0.08840597,,,,
1564276_at,0.14390001,-0.12911396,,,,
232749_at,0.14390608,0.10045945,,,,
211312_s_at,0.14392714,-0.11856081,,,,
1566854_at,0.14396011,0.1391351,,,,
1560995_s_at,0.14396596,-0.08240626,,,,
217156_at,0.14396779,-0.10695256,,,,
238258_at,0.14396904,0.15823529,,,,
235731_at,0.14399488,-0.10901726,,,,
235216_at,0.14401143,0.33368011,,,,
238689_at,0.14401449,-0.59266926,,,,
239699_s_at,0.14403093,0.2954025,,,,
202560_s_at,0.14408679,0.18560184,,,,
1556494_at,0.14414464,-0.08231037,,,,
243948_at,0.14416731,0.28238458,,,,
233587_s_at,0.14418026,0.36315875,,,,
1568365_at,0.14419725,0.10370397,,,,
1553810_a_at,0.14420592,0.31973136,,,,
224625_x_at,0.14421207,0.14128221,,,,
231069_at,0.14421849,0.29239201,,,,
232937_at,0.14423874,-0.10515624,,,,
234887_at,0.14423922,-0.12834486,,,,
212364_at,0.1442498,0.41919706,,,,
230797_s_at,0.14427893,-0.07580088,,,,
226181_at,0.14428223,0.33945435,,,,
225873_at,0.14432884,-0.11263951,,,,
206334_at,0.14432918,0.52001579,,,,
207092_at,0.14433242,-0.42534678,,,,
204989_s_at,0.14435424,-0.48892469,,,,
39891_at,0.14436154,-0.15900399,,,,
208039_at,0.14437367,-0.08073138,,,,
226774_at,0.1444084,0.19502375,,,,
231777_at,0.14444062,-0.158804,,,,
235783_at,0.14445022,0.22799268,,,,
1566538_at,0.14446384,-0.09258236,,,,
202509_s_at,0.14448807,-0.21848712,,,,
212874_at,0.14449728,0.20541983,,,,
225436_at,0.14452119,-0.51445062,,,,
240150_at,0.14453029,-0.1197407,,,,
242821_at,0.14454781,0.17570587,,,,
235751_s_at,0.14455295,0.40670949,,,,
204267_x_at,0.14456734,-0.17505766,,,,
233598_at,0.14456786,-0.10023381,,,,
240709_at,0.14456789,-0.20961945,,,,
1554636_at,0.14457254,0.20818945,,,,
236418_at,0.1445901,-0.10010132,,,,
210697_at,0.14461586,0.26047236,,,,
233304_at,0.14465191,0.29350902,,,,
1563680_at,0.14465215,-0.0982061,,,,
205797_s_at,0.14466404,-0.12187941,,,,
214052_x_at,0.14468062,-0.39107971,,,,
219088_s_at,0.14474578,0.18255264,,,,
235148_at,0.14476767,-0.57272294,,,,
1568448_at,0.14480227,-0.14115334,,,,
222374_at,0.14482065,-0.08691855,,,,
1552923_a_at,0.14483684,-0.13085819,,,,
222616_s_at,0.14483694,0.25697416,,,,
243364_at,0.14487052,0.21669636,,,,
229759_s_at,0.14489935,-0.3215412,,,,
231457_at,0.1449051,-0.14767021,,,,
223316_at,0.14492124,0.38211933,,,,
220866_at,0.1449267,-0.0853837,,,,
217738_at,0.14493106,0.34267192,,,,
243172_at,0.14496794,-0.2552609,,,,
227702_at,0.14498363,0.80409197,,,,
1554342_s_at,0.14498752,0.19371204,,,,
213984_at,0.1449987,0.29461242,,,,
221672_s_at,0.14499882,0.21055164,,,,
207622_s_at,0.14501044,-0.31489371,,,,
231985_at,0.14501834,-0.12683092,,,,
244715_at,0.14501903,0.08978466,,,,
1556709_a_at,0.14502382,-0.12664191,,,,
225489_at,0.14504177,-0.23274239,,,,
1554643_at,0.14504324,-0.08945796,,,,
232736_s_at,0.14505227,-0.08721127,,,,
234975_at,0.1450753,-0.32051931,,,,
237990_x_at,0.14507707,-0.08664563,,,,
233483_at,0.14507955,-0.12140551,,,,
240126_x_at,0.14510568,-0.15274246,,,,
217360_x_at,0.14510587,-0.32896779,,,,
238283_at,0.14511555,0.12748619,,,,
233012_at,0.14514418,0.0697506,,,,
218747_s_at,0.14514425,-0.41792918,,,,
223478_at,0.14520726,0.21496201,,,,
1570393_at,0.14520894,-0.08496398,,,,
223496_s_at,0.14522725,0.53316875,,,,
233636_at,0.14525954,-0.06820682,,,,
1562004_x_at,0.14527242,-0.11721319,,,,
1565713_at,0.14527886,-0.0837943,,,,
221763_at,0.1452923,0.21195403,,,,
225632_s_at,0.1452952,0.27577118,,,,
204912_at,0.14530242,-0.44831157,,,,
1555728_a_at,0.14531588,-0.46000077,,,,
204985_s_at,0.14531721,0.25613245,,,,
1561545_at,0.14533597,-0.07637903,,,,
231341_at,0.14535928,-0.7454979,,,,
1566251_at,0.14544941,-0.04863631,,,,
219154_at,0.14548823,0.20278839,,,,
232557_at,0.14549875,0.1183514,,,,
200060_s_at,0.14550347,-0.17926892,,,,
203661_s_at,0.14551089,0.42085678,,,,
1558661_at,0.14551699,-0.08754391,,,,
214622_at,0.14552367,0.16866147,,,,
227518_at,0.14553284,0.19705887,,,,
211181_x_at,0.1455339,-0.11188267,,,,
234037_s_at,0.14553683,-0.0925428,,,,
232187_at,0.14555263,0.13035657,,,,
239376_at,0.14557112,0.23890809,,,,
237429_at,0.14563735,-0.10013967,,,,
235706_at,0.14564253,-0.51397995,,,,
204158_s_at,0.145668,-0.25581606,,,,
240069_at,0.14569009,0.47804658,,,,
1562930_at,0.14571746,-0.10932789,,,,
200837_at,0.14572116,-0.26915022,,,,
1556737_at,0.14572379,-0.10029132,,,,
238949_at,0.14574226,-0.38363043,,,,
216162_at,0.14575369,-0.12645379,,,,
212405_s_at,0.1457881,0.16958466,,,,
213321_at,0.14579409,0.27335373,,,,
1567000_at,0.1457947,-0.06421533,,,,
203670_at,0.14579585,-0.114421,,,,
217390_x_at,0.14581141,-0.07871611,,,,
232114_at,0.14581355,-0.09990302,,,,
1556821_x_at,0.14582462,-0.32816279,,,,
201151_s_at,0.1459019,-0.27873023,,,,
209158_s_at,0.14592747,-0.22977002,,,,
1552306_at,0.14592891,0.30412208,,,,
1558603_at,0.14593332,0.46146588,,,,
227253_at,0.14596716,1.22130166,,,,
223072_s_at,0.14599121,0.19257114,,,,
238970_at,0.14599391,0.27488443,,,,
212038_s_at,0.14601234,-0.23973844,,,,
209346_s_at,0.14601938,-0.1919592,,,,
231286_at,0.14606463,-0.08892447,,,,
1562805_at,0.14606703,-0.18775394,,,,
237360_at,0.14608327,-0.09703524,,,,
227074_at,0.14609662,-0.25757016,,,,
1567320_at,0.14611171,0.13066062,,,,
214776_x_at,0.14612797,0.28811427,,,,
200683_s_at,0.14613862,-0.20174859,,,,
213064_at,0.1461411,0.17854414,,,,
1566248_at,0.14617311,0.07014848,,,,
1556687_a_at,0.14619695,-0.21979977,,,,
225376_at,0.14624262,0.18350467,,,,
237220_at,0.14624846,-0.09093402,,,,
209143_s_at,0.14625119,0.19186298,,,,
1556582_at,0.14625366,-0.18725801,,,,
1554125_a_at,0.14629516,0.1173094,,,,
213961_s_at,0.14632619,-0.13741309,,,,
217571_at,0.14633585,-0.06587221,,,,
1568804_at,0.14635995,-0.09239155,,,,
205935_at,0.1463733,-0.40790555,,,,
225076_s_at,0.14640375,-0.18206205,,,,
216706_x_at,0.14641707,-0.10951898,,,,
206821_x_at,0.14641852,-0.13705892,,,,
233518_at,0.14643338,0.43626281,,,,
214613_at,0.14643461,-0.09246795,,,,
210842_at,0.14643683,-0.1757466,,,,
1554790_at,0.14644125,-0.08169871,,,,
227556_at,0.14646272,-0.45834016,,,,
223055_s_at,0.14646437,0.26747824,,,,
222043_at,0.14648802,0.71673681,,,,
238712_at,0.14649327,0.32065996,,,,
241100_at,0.14652149,-0.07896896,,,,
212932_at,0.14655039,-0.20607441,,,,
1553529_at,0.14655255,-0.114295,,,,
1559503_a_at,0.14656205,0.09116881,,,,
226995_at,0.14656258,0.31201973,,,,
207192_at,0.14660012,-0.11437608,,,,
1568619_s_at,0.14662335,-0.29040471,,,,
243329_at,0.1466268,0.18644721,,,,
202394_s_at,0.1466319,0.17003108,,,,
212362_at,0.1466491,-0.19981269,,,,
227716_at,0.14668268,-0.18189188,,,,
216588_at,0.1467079,0.09022278,,,,
1553764_a_at,0.14671323,0.46237763,,,,
228355_s_at,0.14671929,0.19772195,,,,
225804_at,0.14672618,0.23683889,,,,
1556249_a_at,0.14678299,-0.10794697,,,,
235491_at,0.14680557,-0.08236067,,,,
1563361_at,0.14680569,-0.06978635,,,,
232070_at,0.14681414,0.07344094,,,,
228532_at,0.14682025,-0.42894998,,,,
1562019_at,0.14682429,-0.1360226,,,,
219380_x_at,0.14684159,0.1496753,,,,
229813_x_at,0.14684427,-0.17158231,,,,
210402_at,0.14685182,-0.07217961,,,,
231882_at,0.14686536,0.60606276,,,,
235911_at,0.14686969,0.54995982,,,,
219607_s_at,0.14690716,-0.46372617,,,,
1560856_at,0.14692256,-0.08624665,,,,
1557907_x_at,0.14693776,-0.08572492,,,,
1553243_at,0.14695191,0.52639853,,,,
222075_s_at,0.14695194,0.39911201,,,,
239877_at,0.14696066,-0.08399856,,,,
210635_s_at,0.14697147,-0.25976816,,,,
218830_at,0.14697697,0.17802521,,,,
231036_at,0.1469773,-0.11595074,,,,
242532_at,0.14699132,0.21372962,,,,
219603_s_at,0.14701007,0.32536302,,,,
AFFX-BioB-M_at,0.14701445,-0.30883223,,,,
1570108_at,0.14704329,-0.11789015,,,,
210164_at,0.14704867,-0.55330414,,,,
208500_x_at,0.14704987,-0.08829838,,,,
218643_s_at,0.14706406,0.19148667,,,,
208917_x_at,0.14706539,-0.24076399,,,,
214259_s_at,0.14709154,0.20009699,,,,
239183_at,0.14710792,0.4736228,,,,
239873_at,0.14712744,-0.12550129,,,,
236293_at,0.14713269,-0.25849757,,,,
242143_at,0.14713445,0.33542298,,,,
1561868_at,0.14715212,-0.09030769,,,,
233562_at,0.1471711,0.37340849,,,,
204041_at,0.14719358,0.73500285,,,,
202717_s_at,0.147213,-0.24624301,,,,
209374_s_at,0.14722059,-0.67065615,,,,
207061_at,0.14724936,-0.10647087,,,,
222664_at,0.14726524,0.36926169,,,,
230317_x_at,0.14727301,-0.09948973,,,,
209572_s_at,0.14727403,0.19132926,,,,
204535_s_at,0.14728702,-0.19367482,,,,
1569857_s_at,0.14729155,-0.18335606,,,,
228817_at,0.14730387,0.21767115,,,,
214162_at,0.14730665,0.34735348,,,,
1555046_at,0.14730825,0.0854303,,,,
238554_at,0.14730873,-0.34417958,,,,
240892_at,0.14731389,-0.16586221,,,,
207882_at,0.14732589,-0.09118563,,,,
219727_at,0.14733241,-0.71959154,,,,
234881_at,0.14735639,-0.13049409,,,,
227942_s_at,0.14735914,0.17924744,,,,
237092_at,0.14736198,0.13659085,,,,
234812_at,0.14737645,-0.09076623,,,,
1558793_at,0.14740094,-0.05972316,,,,
204037_at,0.14740719,0.57416534,,,,
236530_at,0.14742061,-0.09682905,,,,
239678_at,0.14743078,0.1842603,,,,
231969_at,0.1474337,0.52758978,,,,
237959_at,0.14746403,0.09093784,,,,
224573_at,0.14748041,-0.21324338,,,,
222754_at,0.14748678,0.23575319,,,,
228270_at,0.14752967,0.17793714,,,,
226746_s_at,0.1475381,-0.28395929,,,,
203412_at,0.14757046,-0.13568009,,,,
211835_at,0.1475731,-0.20101947,,,,
1555253_at,0.1476041,0.07556963,,,,
1559586_at,0.14761673,-0.13762963,,,,
207188_at,0.14762908,-0.15567768,,,,
221287_at,0.14763249,-0.14852499,,,,
238803_at,0.14763569,0.28540215,,,,
240925_at,0.14770071,-0.09950986,,,,
1556747_a_at,0.1477171,-0.09052174,,,,
243491_at,0.14773731,0.25019348,,,,
1566831_at,0.14775177,-0.10441455,,,,
1557720_s_at,0.14776105,-0.11059291,,,,
203706_s_at,0.14778356,0.61862731,,,,
234713_x_at,0.1478025,0.15113702,,,,
238737_at,0.1478162,-0.13505236,,,,
216228_s_at,0.14781861,0.33447195,,,,
230634_x_at,0.14782405,-0.2536372,,,,
231118_at,0.147862,0.35914393,,,,
202652_at,0.14786248,-0.12922723,,,,
212033_at,0.14786512,0.19269032,,,,
1561000_at,0.14786692,-0.1177552,,,,
240818_at,0.14787438,-0.09728776,,,,
203503_s_at,0.14790358,-0.19157925,,,,
239488_at,0.14791791,0.20504717,,,,
1561985_at,0.14793616,0.24410778,,,,
241027_at,0.1479502,0.14938105,,,,
204309_at,0.14797855,0.29480654,,,,
208351_s_at,0.14797982,-0.27627557,,,,
227844_at,0.14798698,-0.25842442,,,,
218715_at,0.14801153,0.13915447,,,,
225055_at,0.14802212,0.25309438,,,,
209589_s_at,0.14803724,-0.41960636,,,,
223653_x_at,0.14803949,-0.11097318,,,,
207651_at,0.14804114,-0.44422824,,,,
226954_at,0.14805591,-0.24368399,,,,
214804_at,0.14806899,0.2910203,,,,
233484_at,0.14808665,-0.12390481,,,,
241650_x_at,0.14813156,0.12315902,,,,
224583_at,0.14816708,-0.35241115,,,,
225022_at,0.14818473,0.17993393,,,,
231419_at,0.1481972,0.12247314,,,,
221104_s_at,0.14820494,0.26621451,,,,
236768_at,0.14820874,0.08374177,,,,
229876_at,0.14823965,0.33047236,,,,
202741_at,0.14826023,-0.34423312,,,,
212979_s_at,0.14826207,0.20515349,,,,
243738_at,0.14826474,-0.14232199,,,,
221867_at,0.14826674,-0.19171946,,,,
242618_at,0.1482777,0.2985694,,,,
211583_x_at,0.14831053,-0.11472385,,,,
233379_at,0.14831382,-0.08527011,,,,
213754_s_at,0.14832828,0.20514932,,,,
235317_at,0.14834266,-0.12960189,,,,
217888_s_at,0.14834457,-0.18740593,,,,
202330_s_at,0.14834589,0.2619318,,,,
225491_at,0.14836132,0.86101812,,,,
1562792_at,0.14840547,-0.09713317,,,,
1553036_at,0.14841625,-0.07899267,,,,
242570_at,0.14843996,-0.0767916,,,,
231249_at,0.1484677,0.1760697,,,,
1570411_at,0.14846797,0.06248181,,,,
220244_at,0.14856341,0.36553201,,,,
242504_at,0.14856578,-0.1267491,,,,
202350_s_at,0.1485766,0.6318248,,,,
220216_at,0.14858289,0.15352618,,,,
239457_at,0.14858726,-0.39239624,,,,
202072_at,0.14859096,-0.1341589,,,,
231626_at,0.14860789,-0.19885484,,,,
230184_at,0.14863618,-0.14791801,,,,
221221_s_at,0.1486413,-0.26722881,,,,
1555754_s_at,0.14864224,-0.10685917,,,,
207885_at,0.14865838,-0.29893453,,,,
213987_s_at,0.14865975,-0.08630773,,,,
224511_s_at,0.14866076,0.25936954,,,,
241354_at,0.14868278,-0.10294476,,,,
244352_at,0.14869314,-0.39353375,,,,
236640_at,0.14870458,0.44291903,,,,
200098_s_at,0.14871491,0.13116605,,,,
221658_s_at,0.14872668,-0.26364528,,,,
1555255_a_at,0.14873155,-0.21602526,,,,
1570262_at,0.14874006,-0.10378289,,,,
1552736_a_at,0.14874592,-0.25840873,,,,
222184_at,0.14875464,0.3151721,,,,
233125_at,0.14878713,-0.08304931,,,,
202633_at,0.14882854,0.23317372,,,,
211541_s_at,0.1488473,-0.20129989,,,,
210677_at,0.14885248,0.16914804,,,,
204803_s_at,0.14885775,-0.50854241,,,,
223069_s_at,0.14886177,-0.23285635,,,,
234775_at,0.14888103,-0.11316843,,,,
223536_at,0.14890238,-0.18669803,,,,
1554663_a_at,0.14890592,-0.11307505,,,,
222565_s_at,0.1489129,0.29626354,,,,
216833_x_at,0.14891447,-0.08473784,,,,
222749_at,0.14892394,0.15605731,,,,
227260_at,0.14893336,-0.34270582,,,,
204333_s_at,0.14894264,0.32628394,,,,
217394_at,0.14895098,-0.13830435,,,,
219300_s_at,0.14896278,-0.48114379,,,,
232905_at,0.14896279,0.18120269,,,,
215586_at,0.14899379,0.16395228,,,,
209489_at,0.14899991,-0.16819238,,,,
242753_x_at,0.14900174,-0.21543653,,,,
211888_x_at,0.14902478,-0.14370942,,,,
228846_at,0.1490455,-0.52105316,,,,
223181_at,0.14911962,0.220319,,,,
235814_at,0.14913111,0.24454237,,,,
231127_at,0.1491456,-0.0811504,,,,
240811_at,0.14915091,0.27934139,,,,
240164_at,0.14915678,-0.12528324,,,,
1553262_a_at,0.14915796,-0.09560944,,,,
202210_x_at,0.14917698,-0.10798507,,,,
1562642_at,0.14918108,-0.08590702,,,,
226365_at,0.14920378,0.37389579,,,,
229170_s_at,0.14920993,0.30398627,,,,
242412_at,0.14921011,-0.05229193,,,,
232175_at,0.14921191,-0.1746278,,,,
226519_s_at,0.14924252,-0.24551855,,,,
204788_s_at,0.14924533,0.25505783,,,,
213738_s_at,0.14926155,0.17154448,,,,
232943_at,0.14926947,-0.08507084,,,,
242004_x_at,0.14928939,-0.11546516,,,,
1569401_at,0.14929858,-0.18857395,,,,
201989_s_at,0.14930431,-0.22043483,,,,
236291_at,0.14932031,-0.14756207,,,,
209128_s_at,0.14935096,0.12183041,,,,
204432_at,0.14937918,0.30960774,,,,
228418_at,0.14939368,0.21981246,,,,
213421_x_at,0.14939574,-0.88971838,,,,
240060_at,0.14941899,0.40334948,,,,
1562953_s_at,0.14943374,0.20987539,,,,
1563246_at,0.14943523,-0.09370074,,,,
236719_at,0.1494442,0.18971909,,,,
1559630_at,0.14944439,-0.09511729,,,,
237234_at,0.14945094,0.15422406,,,,
240575_at,0.1494768,0.07754979,,,,
200018_at,0.14950028,-0.08718383,,,,
201313_at,0.14952932,-0.4914616,,,,
203320_at,0.14955429,-0.27325058,,,,
219253_at,0.14957083,0.24712973,,,,
206161_s_at,0.14957398,-0.11371824,,,,
212961_x_at,0.1495845,0.19226342,,,,
216565_x_at,0.1495877,-0.2628504,,,,
233531_at,0.14959497,-0.10900714,,,,
205285_s_at,0.1496103,-0.36993481,,,,
217038_at,0.14961304,-0.11821894,,,,
204284_at,0.14962729,0.5602165,,,,
226857_at,0.14962924,0.28120959,,,,
224628_at,0.14963077,0.17269158,,,,
231228_at,0.149657,-0.13381036,,,,
219016_at,0.14968618,0.17996051,,,,
241826_x_at,0.14972569,0.31927947,,,,
213331_s_at,0.14972636,0.34633683,,,,
1556138_a_at,0.14974442,0.30119284,,,,
208545_x_at,0.14976721,0.15590677,,,,
219207_at,0.14977204,0.18257198,,,,
207060_at,0.14977815,-0.25296647,,,,
221686_s_at,0.14978751,-0.16659883,,,,
206470_at,0.14980334,-0.42617581,,,,
1567457_at,0.1498448,-0.27533327,,,,
1565706_at,0.14988614,-0.11589831,,,,
211306_s_at,0.14988752,0.09212265,,,,
213608_s_at,0.14989443,0.17914404,,,,
206314_at,0.14989797,0.36940256,,,,
230872_s_at,0.14991199,-0.13244433,,,,
244597_at,0.14994035,0.21983746,,,,
233713_at,0.14994143,0.38605043,,,,
231222_at,0.14994754,-0.10125258,,,,
237544_at,0.14996773,-0.1496335,,,,
1554583_a_at,0.14999796,-0.08879986,,,,
232616_at,0.15000905,-0.10745657,,,,
1552915_at,0.15004255,-0.12376367,,,,
228302_x_at,0.15005631,-0.63637367,,,,
225795_at,0.15012234,-0.20396741,,,,
1563899_at,0.15013799,0.06586996,,,,
216171_at,0.15016145,-0.06282213,,,,
204696_s_at,0.15017855,-0.13243374,,,,
209417_s_at,0.15021333,-0.34931683,,,,
1557267_s_at,0.150228,0.13524279,,,,
209633_at,0.15024438,0.44568912,,,,
230132_at,0.15024695,0.21145748,,,,
215941_at,0.15028201,-0.06580423,,,,
239566_at,0.15028679,-0.08678021,,,,
243773_at,0.15030035,0.19016285,,,,
236977_at,0.15031135,-0.20729796,,,,
234861_at,0.15032382,0.06136436,,,,
228371_s_at,0.15032529,-0.21848525,,,,
225916_at,0.15032594,0.24214219,,,,
226906_s_at,0.15033326,-0.29120806,,,,
211877_s_at,0.15035859,0.08808891,,,,
1559111_a_at,0.15035908,-0.11460992,,,,
222582_at,0.15036457,-0.27392041,,,,
241638_at,0.15038258,-0.071122,,,,
228571_at,0.15038389,0.23423693,,,,
233077_at,0.15041623,-0.10397869,,,,
205488_at,0.15042827,-0.55570792,,,,
202820_at,0.15043028,0.34697337,,,,
235025_at,0.15043693,0.22799835,,,,
203460_s_at,0.15049706,-0.17954698,,,,
202901_x_at,0.15051066,-0.45158778,,,,
232815_at,0.15054713,0.1544375,,,,
219345_at,0.15054954,0.26081328,,,,
214498_at,0.15055519,-0.11117809,,,,
200814_at,0.15055842,-0.21490141,,,,
201775_s_at,0.15055986,-0.1824616,,,,
236414_at,0.15057192,-0.14925134,,,,
1562933_at,0.15060197,-0.08448661,,,,
225705_at,0.15064076,0.26319611,,,,
218945_at,0.15064239,0.14219484,,,,
237373_at,0.1506461,-0.08976647,,,,
239062_at,0.15065206,-0.19054633,,,,
232834_at,0.15071702,-0.12230203,,,,
209387_s_at,0.15072629,0.5190643,,,,
244661_at,0.15073095,-0.34406139,,,,
209807_s_at,0.15073132,0.34385304,,,,
239068_at,0.15074564,0.1560925,,,,
237712_at,0.15076585,-0.08350891,,,,
226457_at,0.15077105,0.23037192,,,,
201968_s_at,0.15079199,0.38082991,,,,
1554594_at,0.15079434,-0.39975966,,,,
229009_at,0.15082148,0.27490108,,,,
241037_at,0.15082613,0.08332212,,,,
241516_at,0.15084465,-0.09828924,,,,
233492_s_at,0.15086382,-0.19366285,,,,
228637_at,0.15089674,0.16479678,,,,
203008_x_at,0.15090316,0.21961286,,,,
203574_at,0.15090844,0.27813816,,,,
208180_s_at,0.15092841,0.58784673,,,,
214784_x_at,0.15093232,-0.12509061,,,,
220893_at,0.15095782,0.05323298,,,,
233738_at,0.15097123,-0.08047113,,,,
210504_at,0.15100311,-0.1337038,,,,
236263_at,0.15101139,-0.3940058,,,,
1558959_at,0.15101714,-0.22280325,,,,
225252_at,0.15103531,0.24048485,,,,
201614_s_at,0.15104133,0.245709,,,,
218305_at,0.15105158,0.25464886,,,,
1557745_at,0.15105496,-0.11378538,,,,
1560227_at,0.15105566,0.18654855,,,,
225991_at,0.15106155,0.23785897,,,,
218728_s_at,0.15106848,0.2336409,,,,
213179_at,0.15106922,0.17275172,,,,
208950_s_at,0.15107449,0.32384427,,,,
201277_s_at,0.15107889,-0.19832781,,,,
230084_at,0.15108168,-0.24652278,,,,
242200_at,0.1511114,-0.10537548,,,,
1556887_at,0.15117737,-0.09203034,,,,
237001_at,0.15117754,0.22576062,,,,
205062_x_at,0.15118914,0.15820978,,,,
1562273_at,0.151199,-0.13833151,,,,
240930_at,0.15121345,0.07938257,,,,
242540_at,0.15122912,-0.10594949,,,,
218140_x_at,0.15125732,0.20173549,,,,
202873_at,0.1512929,-0.2565919,,,,
1557638_at,0.15129512,-0.36254337,,,,
238257_at,0.15132938,0.07111477,,,,
219233_s_at,0.1513548,-0.4210381,,,,
241461_at,0.15139689,-0.0731513,,,,
220027_s_at,0.15140591,0.32413904,,,,
1569225_a_at,0.15141189,-0.39275731,,,,
1560112_at,0.15143486,-0.08803535,,,,
1563045_at,0.15145826,-0.10874698,,,,
214517_at,0.15148226,-0.09997271,,,,
227457_at,0.15153339,-0.0965864,,,,
200684_s_at,0.15154183,-0.19986318,,,,
223872_at,0.15154834,-0.10021513,,,,
1562762_at,0.15156043,-0.07963289,,,,
1557177_at,0.15159418,-0.16617804,,,,
208334_at,0.15164615,-0.19073541,,,,
210004_at,0.15166005,-0.61855613,,,,
237726_at,0.15166793,0.09089599,,,,
221123_x_at,0.15166795,0.21368752,,,,
229964_at,0.15167084,-0.87857924,,,,
1561083_at,0.15170793,-0.06293073,,,,
241977_s_at,0.15173545,-0.09141819,,,,
1561102_at,0.15175327,-0.07661301,,,,
235508_at,0.15178302,0.17057514,,,,
215238_s_at,0.15180856,-0.14684323,,,,
1564158_a_at,0.15181354,0.14613358,,,,
229113_s_at,0.15181922,-0.26281489,,,,
206656_s_at,0.15183437,0.24733606,,,,
205958_x_at,0.15186263,-0.10331501,,,,
219972_s_at,0.15186947,0.26741135,,,,
1562675_at,0.15189309,-0.09030477,,,,
203770_s_at,0.15189843,-0.15067004,,,,
1562100_at,0.15190574,-0.10390059,,,,
1560614_at,0.15191405,-0.05969575,,,,
216923_at,0.15192276,-0.10179906,,,,
219814_at,0.15194093,0.40528612,,,,
217267_s_at,0.15194659,-0.06338122,,,,
242226_at,0.15194783,-0.09183858,,,,
221525_at,0.15195138,-0.14115801,,,,
215791_at,0.15195839,0.10351371,,,,
213676_at,0.1519704,-0.14469258,,,,
204710_s_at,0.15199028,0.13317602,,,,
231387_at,0.15199495,0.18897626,,,,
217820_s_at,0.15203691,0.41317859,,,,
222756_s_at,0.15203748,-0.29972615,,,,
210310_s_at,0.1520429,-0.25464738,,,,
211889_x_at,0.15207315,-0.60694477,,,,
227443_at,0.15210198,0.41352995,,,,
1566916_at,0.15213831,-0.05840438,,,,
209220_at,0.1521429,0.6416337,,,,
206889_at,0.15215272,-0.12152578,,,,
217978_s_at,0.15216728,0.14448602,,,,
226680_at,0.15220082,0.22159259,,,,
201681_s_at,0.15220332,0.32044991,,,,
201871_s_at,0.15220522,-0.18587629,,,,
1566643_a_at,0.1522366,-0.11653595,,,,
212000_at,0.15225492,0.22650321,,,,
222119_s_at,0.15228031,0.16476015,,,,
41113_at,0.15233934,0.12402168,,,,
241128_at,0.15235433,0.0797357,,,,
236811_at,0.15236879,0.07949206,,,,
205868_s_at,0.15238129,0.21866346,,,,
216732_at,0.15238132,-0.10867003,,,,
218944_at,0.15240935,0.26465517,,,,
233657_at,0.15241885,-0.10297161,,,,
223735_at,0.15243201,0.23049002,,,,
226143_at,0.15247062,0.20096007,,,,
221334_s_at,0.15249661,-0.0891038,,,,
224252_s_at,0.15250149,-0.41322055,,,,
210548_at,0.15255657,-0.36299042,,,,
204130_at,0.15257755,-0.61779637,,,,
217484_at,0.1525832,-0.10720222,,,,
223843_at,0.15262616,0.52540169,,,,
240247_at,0.15264598,-0.21517684,,,,
241325_at,0.1526506,-0.09167879,,,,
211925_s_at,0.1526653,0.21697183,,,,
226082_s_at,0.15268241,0.16158318,,,,
1561199_at,0.15269529,-0.09980297,,,,
1559205_s_at,0.15270448,-0.11381426,,,,
227270_at,0.15273573,0.33064304,,,,
241717_at,0.15276046,0.08281953,,,,
227230_s_at,0.1527861,-0.59007636,,,,
231096_at,0.15280023,-0.38006646,,,,
207478_at,0.15280426,-0.08230469,,,,
218152_at,0.15282163,0.17777958,,,,
212434_at,0.15286619,0.19295773,,,,
1553541_at,0.15286756,-0.10495846,,,,
244563_at,0.15292105,0.2997951,,,,
1552811_at,0.15294554,-0.1081303,,,,
212914_at,0.15299379,-0.23213562,,,,
201071_x_at,0.15300259,0.16270203,,,,
200990_at,0.15301491,-0.28750476,,,,
237181_at,0.15302124,-0.07228973,,,,
229228_at,0.15302844,0.64715028,,,,
206832_s_at,0.15303031,0.29801943,,,,
240520_at,0.15303678,-0.09033022,,,,
1558001_s_at,0.15304524,-0.10163314,,,,
224950_at,0.15306336,0.35476869,,,,
236644_at,0.15307774,0.27178708,,,,
241619_at,0.15309549,0.10320346,,,,
228625_at,0.15310188,0.31532943,,,,
243235_at,0.15310353,-0.10187343,,,,
212229_s_at,0.15311436,0.3675177,,,,
227546_x_at,0.15311582,0.15591864,,,,
210880_s_at,0.15312741,0.30959961,,,,
1554372_at,0.1531323,-0.08538576,,,,
235041_at,0.15315347,0.16873785,,,,
221530_s_at,0.15316724,-0.57418941,,,,
235834_at,0.15316917,0.23552783,,,,
232699_at,0.15317769,-0.22365967,,,,
221222_s_at,0.15319096,0.20285872,,,,
234353_at,0.15325645,-0.0872617,,,,
206750_at,0.15327648,-0.16039033,,,,
218648_at,0.15329336,0.19974477,,,,
211620_x_at,0.15329934,-0.07594363,,,,
205023_at,0.15330875,-0.1107196,,,,
1552727_s_at,0.15335944,0.47688558,,,,
227883_at,0.15339986,-0.17787815,,,,
200638_s_at,0.15340673,-0.23865732,,,,
1565152_at,0.15341055,-0.07909194,,,,
242586_at,0.15341417,-0.47611616,,,,
211827_s_at,0.15342726,-0.08987704,,,,
214956_at,0.15344788,-0.10623913,,,,
204437_s_at,0.15345513,-0.78740369,,,,
217295_at,0.15345713,-0.08364972,,,,
220105_at,0.15351806,0.11434005,,,,
228736_at,0.15352462,0.2550222,,,,
229475_at,0.15354952,0.47116871,,,,
236795_at,0.15355473,0.32871195,,,,
238890_at,0.15358616,0.30671501,,,,
200085_s_at,0.15359662,-0.13906645,,,,
1568830_at,0.15363445,-0.10683337,,,,
217617_at,0.15365655,0.41091026,,,,
224581_s_at,0.15367971,0.18041103,,,,
215292_s_at,0.15370504,-0.11519811,,,,
220006_at,0.15373745,-0.19165738,,,,
233368_s_at,0.15374124,0.10180692,,,,
1569446_x_at,0.15375248,-0.08011962,,,,
64432_at,0.15376611,-0.25939626,,,,
234118_at,0.15380152,0.15817657,,,,
212476_at,0.1538041,0.20976475,,,,
227187_at,0.15382894,0.19373566,,,,
214083_at,0.15385252,-0.21467538,,,,
211708_s_at,0.15385317,-0.55663884,,,,
1568699_at,0.15385804,-0.13942021,,,,
206699_x_at,0.15385955,0.09055521,,,,
1560913_at,0.15385976,-0.10420876,,,,
225862_at,0.15388439,-0.14119771,,,,
205136_s_at,0.15388859,0.20901455,,,,
1553432_s_at,0.15389291,-0.14827279,,,,
237647_at,0.15389304,-0.11589546,,,,
1568999_at,0.15390414,-0.10600125,,,,
236153_at,0.15392023,0.23702281,,,,
201412_at,0.15393577,-0.22211006,,,,
212823_s_at,0.15400394,0.17943375,,,,
223842_s_at,0.15400673,0.42053939,,,,
201145_at,0.15400701,0.16545542,,,,
225403_at,0.15401493,-0.19509053,,,,
244021_at,0.15404401,0.11063225,,,,
231995_at,0.15405091,-0.3433007,,,,
1555377_at,0.15405504,-0.1113924,,,,
236801_at,0.15407425,0.12889182,,,,
1568892_at,0.15408178,-0.07857987,,,,
243193_at,0.15408383,0.08200559,,,,
220457_at,0.15409886,-0.11787075,,,,
207939_x_at,0.15410173,-0.13927271,,,,
239429_at,0.15413544,-0.09706659,,,,
239310_at,0.15415745,-0.0931054,,,,
236018_at,0.15418608,0.22012595,,,,
209644_x_at,0.15420251,-0.57610426,,,,
224018_s_at,0.15422731,0.17813957,,,,
235707_at,0.15424418,0.27432383,,,,
236825_at,0.15425982,-0.10524002,,,,
231896_s_at,0.15426338,0.18226303,,,,
235106_at,0.15428929,-0.28641083,,,,
206458_s_at,0.15429234,0.4118348,,,,
222945_x_at,0.15433203,-0.11322878,,,,
223215_s_at,0.15433382,0.19419199,,,,
1555510_at,0.1543663,-0.07592807,,,,
230504_at,0.15437518,-0.12250425,,,,
226023_at,0.15438373,0.16660942,,,,
1554712_a_at,0.15438573,0.48080513,,,,
216366_x_at,0.15440675,-0.1153062,,,,
210439_at,0.15442387,-0.25381343,,,,
1570292_at,0.15443138,-0.06677158,,,,
241730_at,0.15446941,0.22976668,,,,
226878_at,0.15447778,-0.40827457,,,,
237843_at,0.15447886,-0.07082578,,,,
227949_at,0.15450384,-0.59614097,,,,
219323_s_at,0.1545178,-0.08465396,,,,
214640_at,0.15455487,0.14591549,,,,
233883_at,0.15457268,-0.10040378,,,,
1557394_at,0.15459477,-0.14163598,,,,
226111_s_at,0.154609,-0.19112162,,,,
1560630_at,0.15461624,-0.08715568,,,,
237953_at,0.15464431,-0.17744048,,,,
224202_at,0.15467494,-0.08732245,,,,
235690_at,0.15467702,0.26647656,,,,
1565920_at,0.15470297,-0.0943902,,,,
216502_at,0.15471229,-0.13039619,,,,
200602_at,0.15471562,0.20016977,,,,
238265_x_at,0.15473375,-0.12784227,,,,
227911_at,0.15474614,0.70953078,,,,
238122_at,0.1547559,0.23065745,,,,
204727_at,0.1548085,0.30536596,,,,
240864_at,0.15481975,-0.07338462,,,,
235086_at,0.15482966,0.3627806,,,,
216701_at,0.15484996,0.11302765,,,,
217732_s_at,0.15486752,-0.13715358,,,,
233149_at,0.15491051,-0.13092789,,,,
1569159_at,0.15492773,-0.08235557,,,,
201629_s_at,0.15493786,-0.24261339,,,,
218298_s_at,0.1549586,-0.33606299,,,,
237023_at,0.15497621,-0.14481685,,,,
211337_s_at,0.15497971,0.19958437,,,,
213434_at,0.15498448,-0.25652761,,,,
223964_x_at,0.15499909,-0.14904746,,,,
243757_at,0.15500553,-0.11198078,,,,
213657_s_at,0.15505763,0.27606166,,,,
235032_at,0.15507335,0.2025911,,,,
1561279_at,0.15509075,-0.07884331,,,,
1570420_at,0.15509553,-0.09257406,,,,
208625_s_at,0.15510728,0.22170263,,,,
1552641_s_at,0.15512408,-0.24932397,,,,
1554749_s_at,0.15521266,-0.09168206,,,,
211810_s_at,0.15521406,-0.29868805,,,,
225956_at,0.15522228,-0.23478255,,,,
230842_at,0.1552434,0.12343051,,,,
219596_at,0.15524722,0.25672863,,,,
1556371_at,0.1552553,-0.07029615,,,,
223525_at,0.15525592,-0.14689912,,,,
210218_s_at,0.15526535,-0.27348508,,,,
234969_s_at,0.15527512,0.13353118,,,,
202126_at,0.15528615,0.18093487,,,,
216333_x_at,0.15529582,0.54500869,,,,
232452_at,0.15530053,-0.09181859,,,,
243643_x_at,0.15530954,0.13491145,,,,
1565339_at,0.15532979,0.09308154,,,,
1555794_at,0.15541272,0.07422769,,,,
230141_at,0.15543246,0.22044403,,,,
235273_at,0.15544106,0.45369205,,,,
225201_s_at,0.15544509,0.18179299,,,,
208010_s_at,0.15552192,-0.27642247,,,,
210919_at,0.15553754,0.05974807,,,,
241103_at,0.15554804,-0.06348587,,,,
1554740_a_at,0.15558831,0.23360472,,,,
1557616_at,0.15559771,0.15101618,,,,
236587_at,0.15559913,0.31281367,,,,
221325_at,0.15565311,-0.09835612,,,,
1557158_s_at,0.15565923,-0.13225692,,,,
1554042_s_at,0.15566365,-0.09595801,,,,
239921_at,0.15566608,-0.26284723,,,,
242572_at,0.15569113,-0.21970046,,,,
226888_at,0.15576385,0.20474932,,,,
221268_s_at,0.15577612,-0.36075774,,,,
212356_at,0.1557859,-0.18292135,,,,
241505_at,0.15579099,0.39430222,,,,
238586_at,0.15580477,-0.0672156,,,,
203076_s_at,0.15580672,0.17744456,,,,
236904_x_at,0.15582608,-0.09921539,,,,
1557589_a_at,0.15583203,-0.07340233,,,,
203752_s_at,0.15584052,-0.20634009,,,,
217802_s_at,0.15585063,0.1792253,,,,
1562211_a_at,0.15586878,-0.10217429,,,,
1559571_a_at,0.15587967,-0.2816847,,,,
216135_at,0.15589853,0.10975845,,,,
220561_at,0.15589917,0.11925201,,,,
216146_at,0.15591012,-0.09193834,,,,
213813_x_at,0.15593658,0.26622236,,,,
1569142_at,0.15595851,-0.25232849,,,,
234653_at,0.15602713,-0.10290868,,,,
215445_x_at,0.1560573,0.10341996,,,,
237777_at,0.15606204,-0.07940655,,,,
206985_at,0.15607633,0.23673824,,,,
1570291_at,0.15607725,-0.09407348,,,,
236945_at,0.15608598,0.33125011,,,,
1556486_at,0.1560976,0.23890235,,,,
232178_at,0.15609879,0.09470283,,,,
1570470_at,0.15611428,-0.07634669,,,,
220288_at,0.15612201,-0.1202711,,,,
224707_at,0.1561276,-0.38446524,,,,
208555_x_at,0.15615853,-0.28272745,,,,
210115_at,0.15616247,0.48112367,,,,
213809_x_at,0.15616872,-0.08850646,,,,
230678_at,0.15617513,0.20963508,,,,
1561891_at,0.15618727,-0.09905845,,,,
241514_at,0.15620361,-0.09149565,,,,
210219_at,0.1562098,-0.18129432,,,,
241770_x_at,0.15622651,0.40865004,,,,
1566505_at,0.15625166,-0.08578639,,,,
1565546_at,0.15628648,0.07674804,,,,
216996_s_at,0.15629433,0.19261614,,,,
230011_at,0.15632306,-0.16714162,,,,
208103_s_at,0.15634689,0.35022959,,,,
202791_s_at,0.15636464,0.18998509,,,,
1558469_at,0.15637858,-0.0956419,,,,
206320_s_at,0.15637962,-0.19581922,,,,
217833_at,0.15638262,0.28887516,,,,
211737_x_at,0.15639181,0.75823229,,,,
1557374_at,0.15641678,0.26396853,,,,
203900_at,0.15641707,-0.16716307,,,,
1561304_a_at,0.15642172,-0.09971017,,,,
1555139_a_at,0.15643858,0.1994416,,,,
225268_at,0.15644359,0.1825024,,,,
222850_s_at,0.15645157,-0.23168176,,,,
227392_at,0.15646352,-0.12075011,,,,
234106_s_at,0.15653006,-0.16418229,,,,
232659_at,0.15654188,0.19497325,,,,
233170_at,0.15656322,0.15836019,,,,
1565595_at,0.15657357,0.19385226,,,,
220454_s_at,0.15658633,-0.14868218,,,,
36742_at,0.15659423,-0.38198716,,,,
226616_s_at,0.15661979,0.25067459,,,,
242699_at,0.15662337,0.17136307,,,,
1553845_x_at,0.15664375,-0.08960358,,,,
1553514_a_at,0.15667907,0.15676362,,,,
239881_at,0.15669247,0.1473604,,,,
208986_at,0.1567345,0.25094909,,,,
241575_at,0.15674591,-0.06878069,,,,
1570651_at,0.1567474,-0.10029652,,,,
214783_s_at,0.15674754,-0.28689571,,,,
234693_at,0.15676363,-0.06915545,,,,
1563487_at,0.15685565,-0.07254853,,,,
223528_s_at,0.15687075,-0.16273161,,,,
1552825_at,0.15690662,0.14071928,,,,
233898_s_at,0.15694195,0.24206543,,,,
209212_s_at,0.15694668,-0.80845247,,,,
208475_at,0.15695428,0.27171282,,,,
1570145_at,0.15696125,-0.08288358,,,,
201948_at,0.15697369,0.19583387,,,,
205594_at,0.15698368,0.30972613,,,,
223861_at,0.15698822,0.70014073,,,,
223552_at,0.15699253,-0.1680093,,,,
211339_s_at,0.15699917,-0.41964559,,,,
217344_at,0.1569997,0.19322311,,,,
225352_at,0.15700285,0.19386152,,,,
232434_at,0.15701078,0.25175351,,,,
1568951_at,0.15701383,0.17274793,,,,
207480_s_at,0.15704211,0.56406415,,,,
204204_at,0.15704393,-0.34298875,,,,
1552414_at,0.15706325,-0.09309998,,,,
228242_at,0.15706908,0.28049971,,,,
244279_at,0.15707094,0.17308044,,,,
233396_s_at,0.15708153,0.16946283,,,,
1568449_at,0.15709463,-0.05939587,,,,
1559288_at,0.15713699,-0.11852256,,,,
1555421_at,0.15715732,0.10495154,,,,
1558011_at,0.15719397,-0.1646758,,,,
215395_x_at,0.15720209,-0.39576181,,,,
1557576_at,0.15720332,-0.08244679,,,,
226679_at,0.15720348,0.32166274,,,,
213410_at,0.15720496,0.23081869,,,,
214686_at,0.15721644,-0.26190187,,,,
223837_at,0.15721808,-0.12874358,,,,
1559297_at,0.15722049,-0.07391589,,,,
244247_at,0.15723424,0.10855831,,,,
215584_at,0.1572394,-0.12538644,,,,
240264_at,0.15724049,-0.17851549,,,,
244000_at,0.157251,-0.09186842,,,,
207247_s_at,0.15726529,0.26717964,,,,
216102_at,0.15728796,-0.14069038,,,,
225096_at,0.15729364,0.1744736,,,,
228780_at,0.15730495,-0.47953257,,,,
206864_s_at,0.15730626,0.37712617,,,,
1563606_a_at,0.15730912,0.0986622,,,,
200941_at,0.1573367,0.22512381,,,,
221653_x_at,0.15734089,-0.26563484,,,,
238961_s_at,0.1573489,-0.12896719,,,,
1566455_at,0.15735124,0.07503561,,,,
221628_s_at,0.15740927,-0.28538443,,,,
211937_at,0.15742463,-0.20881162,,,,
215388_s_at,0.15743355,0.68463455,,,,
242220_at,0.1574629,-0.17754433,,,,
215331_at,0.15747467,-0.15848664,,,,
208216_at,0.15748975,0.18190094,,,,
1555248_a_at,0.1575207,0.0924436,,,,
243695_at,0.15752304,-0.19633797,,,,
239914_at,0.15753074,-0.12265833,,,,
205588_s_at,0.15753708,0.28124621,,,,
223064_at,0.15754259,0.15970839,,,,
204503_at,0.15756992,-0.25910092,,,,
217601_at,0.1575702,-0.09461746,,,,
242065_x_at,0.15757337,0.17998492,,,,
240156_at,0.15757721,-0.16756455,,,,
222010_at,0.15758321,0.23009118,,,,
210011_s_at,0.15764306,-0.19167052,,,,
216914_at,0.15764641,-0.10382512,,,,
206807_s_at,0.15766724,-0.09613722,,,,
237689_at,0.15768526,-0.12264136,,,,
218940_at,0.15769402,0.24318474,,,,
1569361_a_at,0.15769639,-0.15080803,,,,
231251_at,0.15770336,-0.22576476,,,,
224747_at,0.15771177,0.24666079,,,,
221647_s_at,0.15772094,-0.1536011,,,,
1554511_at,0.15772543,-0.12833284,,,,
238527_at,0.15772876,-0.09319739,,,,
1563692_at,0.15772917,-0.17556996,,,,
1554934_at,0.15774524,0.06765781,,,,
218336_at,0.15775452,0.22377123,,,,
1561207_at,0.15776661,-0.09333268,,,,
224140_at,0.15777513,-0.08284611,,,,
229095_s_at,0.15781732,0.5849033,,,,
236276_at,0.1578362,-0.13363979,,,,
215519_x_at,0.15786963,-0.18088932,,,,
230788_at,0.15787504,0.58272542,,,,
1559204_x_at,0.15787751,-0.09584926,,,,
212846_at,0.15788338,0.1699311,,,,
1553177_at,0.15789459,-0.16663999,,,,
232896_at,0.15795426,0.08312651,,,,
204866_at,0.15797625,0.29720359,,,,
1559028_at,0.15798063,-0.09251472,,,,
1554455_at,0.15798889,0.31399927,,,,
1554327_a_at,0.1579923,-0.2837652,,,,
213469_at,0.15800073,0.50431262,,,,
228452_at,0.15800408,0.19330486,,,,
1563035_x_at,0.15800554,0.0996137,,,,
240823_at,0.1580069,-0.14537823,,,,
1570005_at,0.1580494,0.10361077,,,,
220696_at,0.15806692,0.10710607,,,,
217806_s_at,0.15806863,0.18080378,,,,
234627_at,0.15810779,-0.06929973,,,,
233505_at,0.1581154,-0.07268232,,,,
226920_at,0.15813473,-0.23109152,,,,
232272_at,0.15814169,0.26488304,,,,
223514_at,0.15818401,-0.23385231,,,,
1557335_at,0.15819316,-0.07956866,,,,
242199_at,0.15821032,-0.08120659,,,,
244464_at,0.15821862,-0.11640853,,,,
1563070_at,0.15822397,0.08173836,,,,
1565817_at,0.15827735,0.16889383,,,,
206186_at,0.15828512,0.1623175,,,,
226883_at,0.15831222,0.17694949,,,,
223377_x_at,0.15832223,-0.28664055,,,,
225204_at,0.1583583,-0.21553376,,,,
1553938_a_at,0.15837324,-0.2827107,,,,
1564772_at,0.15840481,-0.06698318,,,,
215476_at,0.15840673,-0.10518719,,,,
1558322_a_at,0.15843648,0.74045409,,,,
236558_at,0.15846512,-0.14854587,,,,
237706_at,0.15846966,0.21436215,,,,
203762_s_at,0.15849215,0.27476541,,,,
202852_s_at,0.15853917,0.20538152,,,,
228839_s_at,0.15854337,0.19654695,,,,
230128_at,0.15855186,-0.15697321,,,,
235087_at,0.15855682,-0.10164413,,,,
216528_at,0.15857638,-0.08299287,,,,
1554805_at,0.1585765,-0.10100366,,,,
1568558_x_at,0.1586371,-0.11982697,,,,
228814_at,0.15865085,0.14270212,,,,
201926_s_at,0.15867703,-0.41604145,,,,
212296_at,0.15868634,0.178912,,,,
210845_s_at,0.15868637,-0.46889815,,,,
234850_at,0.15870409,-0.38215557,,,,
201352_at,0.15870714,0.14899753,,,,
212027_at,0.15874838,0.23979999,,,,
1565702_at,0.15876908,-0.06157832,,,,
223516_s_at,0.15878557,0.19062218,,,,
219468_s_at,0.1588008,0.25168275,,,,
236238_at,0.15880356,0.09420325,,,,
217605_at,0.15880764,0.23568007,,,,
1552925_at,0.15884783,-0.23620422,,,,
204954_s_at,0.15889749,0.14829475,,,,
204389_at,0.15890361,-0.60715527,,,,
202592_at,0.15893188,-0.1798716,,,,
206139_at,0.15894324,0.16988356,,,,
241738_at,0.15895311,0.2845679,,,,
1563985_at,0.15895781,-0.07626526,,,,
211876_x_at,0.15899014,-0.13497889,,,,
240289_at,0.15899817,-0.13495881,,,,
214447_at,0.15901881,-0.20699651,,,,
242556_at,0.15904469,-0.11188975,,,,
223782_s_at,0.15905848,-0.32899642,,,,
207581_s_at,0.15909049,0.07766053,,,,
220852_at,0.1591356,-0.10481847,,,,
244538_at,0.15915493,-0.10781298,,,,
216812_at,0.15917689,-0.08950733,,,,
200678_x_at,0.15918051,-0.26890898,,,,
238996_x_at,0.1591831,-0.31128467,,,,
228003_at,0.15919002,0.29173832,,,,
220512_at,0.15921431,0.25164271,,,,
234055_s_at,0.15922463,0.16992933,,,,
208323_s_at,0.15923749,-0.58343741,,,,
234069_at,0.15924939,-0.08484104,,,,
229099_at,0.15925136,0.22757811,,,,
229982_at,0.15926267,0.3173147,,,,
1570303_at,0.1592769,-0.07362486,,,,
218791_s_at,0.1592805,0.25820502,,,,
1565863_at,0.15928372,-0.19880935,,,,
1552644_a_at,0.15928642,0.25570973,,,,
205974_at,0.15931069,-0.08207226,,,,
224433_s_at,0.15933445,0.16008078,,,,
222667_s_at,0.15936421,0.27344338,,,,
205312_at,0.15937131,-0.16171763,,,,
203225_s_at,0.15937208,-0.27061147,,,,
222283_at,0.15937501,-0.20216584,,,,
216372_at,0.15941876,-0.12039806,,,,
1559075_s_at,0.1594258,-0.07987241,,,,
233607_at,0.15944078,0.35563588,,,,
1557068_at,0.15945436,-0.07052046,,,,
241110_at,0.15949903,-0.06358801,,,,
228443_s_at,0.1595014,0.22242564,,,,
206246_at,0.15952526,-0.10842853,,,,
1555214_a_at,0.15959971,-0.40187097,,,,
210101_x_at,0.15960927,-0.17051374,,,,
214641_at,0.15961232,-0.15039935,,,,
202096_s_at,0.15962331,-0.26800154,,,,
221072_at,0.1596253,-0.09724804,,,,
209443_at,0.15964249,0.83869995,,,,
212066_s_at,0.15964955,0.16370811,,,,
239807_at,0.15965166,-0.12256445,,,,
1552648_a_at,0.15965802,-0.30266443,,,,
203193_at,0.1596592,-0.17423196,,,,
212223_at,0.15966185,-0.22857996,,,,
201553_s_at,0.15967365,-0.13734594,,,,
226264_at,0.15970695,-0.29337367,,,,
1554971_at,0.15971805,-0.07064717,,,,
1557702_at,0.15976099,-0.1109937,,,,
227848_at,0.15976718,-0.50461954,,,,
203856_at,0.15978801,0.27120375,,,,
217951_s_at,0.15980502,0.30040595,,,,
207738_s_at,0.15981827,0.20099073,,,,
218495_at,0.15982062,-0.19103144,,,,
203238_s_at,0.15982724,0.43629395,,,,
227689_at,0.15983616,0.16826406,,,,
240803_at,0.1598423,-0.09123387,,,,
209902_at,0.1598511,0.23030196,,,,
1563300_at,0.1598556,-0.1037203,,,,
201711_x_at,0.15989031,-0.2402476,,,,
1560577_at,0.15989472,-0.17041047,,,,
204674_at,0.15990862,-0.32275569,,,,
205342_s_at,0.15991376,-0.69357417,,,,
212418_at,0.15991858,-0.2541656,,,,
217663_at,0.159929,0.14609848,,,,
1562079_at,0.15995492,-0.05676384,,,,
222394_at,0.15996179,-0.22288958,,,,
241050_at,0.15997048,-0.08978187,,,,
1556886_a_at,0.15997288,0.1702698,,,,
1564632_at,0.15999525,-0.07154153,,,,
229168_at,0.15999702,-0.22088736,,,,
237891_at,0.16000321,-0.06096668,,,,
214126_at,0.16001336,0.19456491,,,,
230727_at,0.16004348,-0.24987871,,,,
234031_at,0.16006211,-0.11165658,,,,
216713_at,0.16008826,0.19350838,,,,
203725_at,0.16009235,-0.35115997,,,,
236970_s_at,0.16009279,-0.08470749,,,,
229713_at,0.16014624,-0.29559891,,,,
231441_at,0.16015517,-0.08692132,,,,
208946_s_at,0.1601676,-0.15281409,,,,
206804_at,0.16020697,-0.3054511,,,,
1555989_at,0.16021486,0.26809439,,,,
218831_s_at,0.16021531,-0.35072133,,,,
223216_x_at,0.1602325,0.21975597,,,,
204176_at,0.16023497,0.2168016,,,,
236817_at,0.16025589,-0.16842292,,,,
215603_x_at,0.16027317,-0.303899,,,,
227323_at,0.16031522,-0.13194859,,,,
210159_s_at,0.16033814,-0.55114389,,,,
216280_s_at,0.1603699,-0.13867427,,,,
1563086_at,0.16038005,-0.11701851,,,,
215882_at,0.16038662,-0.12223674,,,,
205604_at,0.16039163,-0.19195936,,,,
40850_at,0.16039717,-0.13460196,,,,
1555445_at,0.16039896,0.17814911,,,,
213458_at,0.16040618,-0.06023044,,,,
206329_at,0.16043886,0.2237513,,,,
239458_at,0.1604465,-0.09962375,,,,
216572_at,0.1604876,-0.07649707,,,,
1553241_at,0.16052252,-0.08665059,,,,
227043_at,0.16054866,-0.16199663,,,,
218933_at,0.16056553,0.15774063,,,,
1558971_at,0.1605692,-0.31891274,,,,
216334_s_at,0.16061682,0.12570491,,,,
214484_s_at,0.16064041,-0.39151535,,,,
232021_at,0.16064275,0.29261329,,,,
1569032_at,0.16064887,-0.08598958,,,,
230728_at,0.16065349,0.30001358,,,,
200943_at,0.16065526,0.20234704,,,,
1569689_s_at,0.16066453,-0.06309278,,,,
232658_at,0.16067613,-0.08988141,,,,
242856_at,0.16067891,0.3506479,,,,
232444_at,0.16069546,-0.10423306,,,,
217975_at,0.16071535,0.27472347,,,,
213417_at,0.16072755,-0.25794089,,,,
243462_s_at,0.16072884,0.46448844,,,,
243205_at,0.16074431,-0.13847277,,,,
238496_at,0.16075942,0.2608379,,,,
203135_at,0.16079987,0.13830595,,,,
1568814_at,0.16080179,-0.08887517,,,,
226955_at,0.16081302,0.3455837,,,,
217756_x_at,0.16083108,0.13602132,,,,
1562187_at,0.16086296,-0.06517189,,,,
208970_s_at,0.16086435,0.21658106,,,,
228905_at,0.16086986,0.40291769,,,,
233527_at,0.16087606,-0.20096636,,,,
1559925_s_at,0.1608774,-0.08856543,,,,
217358_at,0.16088148,-0.08911864,,,,
202302_s_at,0.16098053,0.14466388,,,,
209552_at,0.16098418,-0.38600396,,,,
223340_at,0.160994,0.43226846,,,,
216296_at,0.16101822,-0.1066541,,,,
1564760_at,0.16102001,-0.08294841,,,,
243809_at,0.16102314,0.17038396,,,,
239714_at,0.16102325,-0.0951386,,,,
215754_at,0.16104074,-0.14307308,,,,
221343_at,0.16105635,-0.06970136,,,,
229804_x_at,0.16109049,0.25562285,,,,
232678_at,0.16109152,0.14280625,,,,
240180_at,0.16109429,-0.44141971,,,,
204124_at,0.16109556,-0.67162109,,,,
215291_at,0.1611848,0.13958648,,,,
223828_s_at,0.16119466,-0.15459082,,,,
1553798_a_at,0.16119475,0.28811046,,,,
1556015_a_at,0.16122065,-0.11934417,,,,
209204_at,0.16122901,0.50481032,,,,
65585_at,0.1612608,0.2492909,,,,
234586_at,0.16126283,-0.09335944,,,,
235576_at,0.16129307,-0.08586313,,,,
218505_at,0.16129612,0.16651018,,,,
235042_at,0.16130394,-0.20212768,,,,
203307_at,0.16130949,0.15012988,,,,
209806_at,0.16132998,0.3859285,,,,
223920_s_at,0.16136117,0.15765351,,,,
201232_s_at,0.16139554,-0.15032596,,,,
203760_s_at,0.16140705,-0.33708386,,,,
214501_s_at,0.16141997,-0.21265892,,,,
244470_at,0.16143292,-0.12146833,,,,
229737_at,0.16143931,-0.10899932,,,,
224726_at,0.16145189,0.21622857,,,,
228089_x_at,0.16147423,-0.17484001,,,,
205471_s_at,0.16147861,-0.79338723,,,,
241209_at,0.16148702,-0.06591224,,,,
241584_at,0.16151093,-0.10617874,,,,
216159_s_at,0.16153938,-0.10604344,,,,
205716_at,0.16154069,-0.16993471,,,,
231291_at,0.16155577,-0.16137946,,,,
231154_x_at,0.16157144,-0.66294166,,,,
200657_at,0.16158065,-0.18742004,,,,
236646_at,0.16160309,-0.33635896,,,,
244501_at,0.16160369,0.09210101,,,,
236013_at,0.161606,-0.10719319,,,,
212018_s_at,0.16161664,-0.21324192,,,,
1558519_at,0.16162253,-0.0576736,,,,
1570299_at,0.16163019,-0.07238661,,,,
240489_at,0.16163756,-0.06682081,,,,
202657_s_at,0.16166981,0.27908433,,,,
236180_at,0.1617337,-0.31379163,,,,
217117_x_at,0.16175295,-0.16833125,,,,
244206_at,0.16177117,0.1043692,,,,
205193_at,0.16178532,-0.27145189,,,,
1570160_at,0.16178963,0.07869231,,,,
242229_at,0.16179873,-0.22851212,,,,
1561389_at,0.16181355,-0.09424755,,,,
206337_at,0.16184065,-0.49910069,,,,
237740_at,0.16184085,-0.11622634,,,,
1556808_at,0.16184182,-0.17830326,,,,
205615_at,0.16184295,0.08381684,,,,
214892_x_at,0.16186766,-0.11315078,,,,
222222_s_at,0.16186805,0.33875697,,,,
1562219_at,0.16187202,-0.09540401,,,,
217273_at,0.161908,-0.12407909,,,,
220808_at,0.16191645,-0.11750806,,,,
1561786_at,0.16194881,-0.07038072,,,,
213347_x_at,0.16196068,-0.09726874,,,,
201258_at,0.1620074,-0.14070885,,,,
243628_at,0.16201237,-0.0842416,,,,
233635_at,0.16202573,0.10500569,,,,
239245_at,0.16202902,-0.08680697,,,,
228622_s_at,0.16203357,0.21476522,,,,
234769_at,0.16203891,-0.09397611,,,,
227795_at,0.16203919,-0.09923295,,,,
230906_at,0.16204805,-0.23508773,,,,
210455_at,0.16206925,-0.28765369,,,,
243563_at,0.16210425,0.17726092,,,,
212338_at,0.16212885,-0.38266482,,,,
1563770_at,0.16216712,0.11437158,,,,
1560901_at,0.1621732,-0.06953712,,,,
244485_at,0.16218468,-0.31462123,,,,
1566596_at,0.16220118,-0.07080274,,,,
219061_s_at,0.16220437,0.29018101,,,,
220821_at,0.16222274,-0.23334272,,,,
232269_x_at,0.16223281,-0.38532974,,,,
225712_at,0.16223443,0.18420688,,,,
218128_at,0.16229972,0.2262534,,,,
226859_at,0.16234418,0.31681144,,,,
233156_at,0.16235308,-0.10898261,,,,
226246_at,0.16235981,0.47162985,,,,
229874_x_at,0.16238191,0.29187385,,,,
209229_s_at,0.16241443,-0.12243018,,,,
1561437_at,0.16242882,0.06080895,,,,
229417_at,0.16246452,0.27160243,,,,
210578_at,0.16246594,-0.099356,,,,
239340_at,0.16247562,-0.17795441,,,,
1558177_at,0.16249084,-0.09102318,,,,
212990_at,0.16249115,0.20946476,,,,
220053_at,0.16250591,-0.12470964,,,,
215212_at,0.16255083,0.16789087,,,,
1554571_at,0.16255087,-0.07539026,,,,
242707_at,0.16255234,-0.0973976,,,,
212843_at,0.16256415,0.46466943,,,,
1553363_at,0.16259164,0.08388108,,,,
209221_s_at,0.16259325,-0.1822121,,,,
1556111_s_at,0.16260559,0.22553226,,,,
1553456_at,0.16260897,-0.06901199,,,,
1564112_at,0.16261476,-0.11070588,,,,
1562998_at,0.16263632,0.05704247,,,,
1554592_a_at,0.16263797,0.29818056,,,,
39402_at,0.16266928,-0.39607008,,,,
217666_at,0.1626958,0.10910831,,,,
209495_at,0.16272163,-0.15666973,,,,
1558778_s_at,0.1627284,0.09727457,,,,
214219_x_at,0.16274539,-0.18282976,,,,
213087_s_at,0.16276698,-0.46977713,,,,
1558915_a_at,0.16279742,-0.14770476,,,,
229209_at,0.16280827,-0.06929975,,,,
244073_at,0.16281377,-0.10028658,,,,
202946_s_at,0.16282248,0.31779611,,,,
209707_at,0.16285512,0.20813863,,,,
236713_at,0.16286513,-0.11904325,,,,
241631_at,0.16287724,-0.12030492,,,,
212970_at,0.16288017,0.29687628,,,,
218025_s_at,0.16289198,0.43413875,,,,
244029_at,0.16289941,-0.12684304,,,,
1559603_at,0.16290775,-0.12418259,,,,
1553889_at,0.16291849,-0.10021033,,,,
1569138_a_at,0.16293864,-0.10533534,,,,
216767_at,0.1629471,-0.09610582,,,,
242273_at,0.16296064,0.28592499,,,,
204420_at,0.16296779,-0.30325291,,,,
211363_s_at,0.1629809,-0.36515051,,,,
207580_at,0.1629848,0.06814475,,,,
237522_at,0.16300641,-0.07340209,,,,
217399_s_at,0.16303638,-0.19401852,,,,
216010_x_at,0.16307885,-0.56990953,,,,
1560342_at,0.16310252,0.18066358,,,,
223688_s_at,0.16311895,0.26430468,,,,
1559252_a_at,0.16312205,0.09089576,,,,
1565776_at,0.16312297,-0.07615256,,,,
207389_at,0.16316078,-0.12017561,,,,
221471_at,0.1631948,-0.14675473,,,,
221640_s_at,0.16320157,-0.25297907,,,,
235311_at,0.16321118,0.30875169,,,,
40560_at,0.16322721,-0.28305024,,,,
1566030_at,0.16322845,-0.06592559,,,,
205861_at,0.16324055,-0.29006784,,,,
205083_at,0.16324692,0.99515138,,,,
1565925_at,0.16325505,-0.07312036,,,,
216414_at,0.16325674,-0.09373721,,,,
237460_x_at,0.16326205,0.29643749,,,,
1562597_at,0.16327515,0.08746818,,,,
237563_s_at,0.1632939,0.35565314,,,,
1559725_at,0.16329395,0.06005984,,,,
222811_at,0.16329445,0.26447014,,,,
1558052_at,0.16331352,-0.11745839,,,,
1563693_at,0.16331718,-0.06894334,,,,
223638_at,0.16331785,0.28468706,,,,
238004_at,0.16335272,0.22406683,,,,
1565905_at,0.16338144,-0.08287664,,,,
1552411_at,0.16340152,-0.16253643,,,,
201808_s_at,0.16342059,-0.18476765,,,,
228678_at,0.1634533,-0.17982292,,,,
202953_at,0.16348571,-0.44500481,,,,
1569727_at,0.16349042,-0.09573666,,,,
215803_at,0.1635222,-0.07778341,,,,
240130_at,0.16354924,-0.09093145,,,,
1552731_at,0.16355727,-0.1159689,,,,
240979_at,0.16357219,-0.15154534,,,,
238967_at,0.16357344,0.30924063,,,,
224084_at,0.16358091,-0.07229982,,,,
232950_s_at,0.16366996,-0.12338592,,,,
1563130_a_at,0.16370919,0.18495847,,,,
244330_at,0.1637565,-0.0920818,,,,
213989_x_at,0.16376223,0.16514059,,,,
230061_at,0.16376456,0.41816699,,,,
1560715_at,0.16378795,-0.07655205,,,,
230127_at,0.16383086,0.52030899,,,,
215217_at,0.16384299,-0.17900397,,,,
231244_at,0.16385092,-0.08625952,,,,
225524_at,0.16388945,-0.38441785,,,,
1557172_x_at,0.16393255,-0.11876697,,,,
212840_at,0.1639415,0.29994699,,,,
1563225_a_at,0.1639487,-0.09789694,,,,
232767_at,0.16395917,-0.07460868,,,,
214816_x_at,0.16395962,0.17048237,,,,
239643_at,0.16397469,0.12747554,,,,
238405_at,0.16397746,0.11640387,,,,
221606_s_at,0.16398614,0.35345866,,,,
210885_s_at,0.16399882,-0.25682764,,,,
210487_at,0.16403157,-0.08046376,,,,
211048_s_at,0.16404383,0.23055855,,,,
220660_at,0.16404393,-0.09015565,,,,
207872_s_at,0.16404864,0.0814771,,,,
218309_at,0.16405723,-0.59054817,,,,
233795_at,0.16406449,-0.10790369,,,,
1563816_at,0.16407169,-0.09311425,,,,
231891_at,0.16408679,-0.08995043,,,,
1558487_a_at,0.16408881,0.34079023,,,,
1559049_a_at,0.16409985,-0.09774691,,,,
237406_at,0.16416135,0.08487753,,,,
239236_at,0.16417754,0.29041943,,,,
214936_at,0.16418253,-0.17144579,,,,
208218_s_at,0.16421544,-0.18089503,,,,
229800_at,0.16422575,0.79242938,,,,
211336_x_at,0.16422663,-0.25768332,,,,
202137_s_at,0.16424473,0.20681313,,,,
202189_x_at,0.1642451,-0.14338817,,,,
221570_s_at,0.1642742,0.19881896,,,,
221086_s_at,0.1642941,-0.05890695,,,,
204629_at,0.16429705,-0.31202403,,,,
1559996_s_at,0.16430856,0.10216207,,,,
202088_at,0.16434332,0.37841203,,,,
215855_s_at,0.1643526,0.223187,,,,
1555786_s_at,0.16435436,-0.41316352,,,,
204762_s_at,0.16436794,-0.16473756,,,,
224492_s_at,0.16436933,0.21841174,,,,
214323_s_at,0.16437409,-0.21302495,,,,
215488_at,0.16437424,0.11162498,,,,
216141_at,0.16437645,-0.08761838,,,,
220093_at,0.1644239,-0.12089561,,,,
243621_at,0.16442631,-0.14803059,,,,
56197_at,0.16442912,0.17157839,,,,
211655_at,0.16446298,-0.23489812,,,,
242153_at,0.16446335,0.36688411,,,,
205194_at,0.16448676,0.33331994,,,,
203367_at,0.16448892,0.29371574,,,,
1554553_s_at,0.16450024,-0.27622673,,,,
219783_at,0.16456623,-0.1521928,,,,
207427_at,0.16458048,-0.11131318,,,,
208187_s_at,0.16460145,-0.09153372,,,,
210335_at,0.16466359,0.34619791,,,,
233129_at,0.16467695,0.09764057,,,,
243486_at,0.16471355,-0.08088782,,,,
238479_at,0.16471629,0.19066252,,,,
234025_at,0.16472174,0.09447816,,,,
232090_at,0.16473535,0.57750436,,,,
212287_at,0.16474559,0.18252125,,,,
228816_at,0.16477817,-0.22205209,,,,
202163_s_at,0.16479222,-0.17598166,,,,
223357_s_at,0.16481873,-0.09432905,,,,
239656_at,0.16482302,-0.26117574,,,,
1555289_at,0.16483787,-0.07931756,,,,
229389_at,0.16484233,-0.12688132,,,,
216966_at,0.16484837,-0.06543829,,,,
210649_s_at,0.16485648,-0.33878392,,,,
229611_at,0.16486681,0.20216206,,,,
222660_s_at,0.16487262,-0.2551639,,,,
221561_at,0.1648808,-0.38327272,,,,
237286_at,0.16488647,0.09275207,,,,
229180_at,0.16489153,-0.19435987,,,,
215313_x_at,0.16490093,-0.26919407,,,,
201009_s_at,0.16494655,-0.3250245,,,,
220217_x_at,0.16496105,-0.31481888,,,,
1556980_at,0.16496255,-0.06584067,,,,
1557389_at,0.16496593,-0.4046207,,,,
1558292_s_at,0.16500803,0.20240689,,,,
219126_at,0.16501699,0.17641404,,,,
212982_at,0.16502763,0.21404244,,,,
214352_s_at,0.16505914,0.29908797,,,,
226705_at,0.16506768,0.49954182,,,,
1560370_x_at,0.16510423,-0.10747589,,,,
1560089_at,0.16512538,-0.41255172,,,,
218307_at,0.16512951,0.19444032,,,,
1554951_at,0.16513755,-0.06227999,,,,
218142_s_at,0.16515696,0.21330597,,,,
208758_at,0.16517342,-0.20853387,,,,
1564491_at,0.16517656,-0.09342141,,,,
226328_at,0.16518722,-0.19207371,,,,
219406_at,0.16521255,0.13197991,,,,
1562970_at,0.16522143,-0.06636768,,,,
1556598_at,0.16524335,0.0843852,,,,
1562046_at,0.16524903,-0.10161328,,,,
231482_at,0.16526485,-0.08894187,,,,
206646_at,0.16528049,-0.18130022,,,,
200007_at,0.16528593,0.11127933,,,,
201825_s_at,0.16532041,0.3418629,,,,
235604_x_at,0.16534215,0.21936634,,,,
240915_at,0.16534625,0.07895032,,,,
222221_x_at,0.16538021,0.15964837,,,,
210709_at,0.16539422,-0.07131773,,,,
237035_at,0.16539641,0.10594924,,,,
210383_at,0.16540607,-0.20709672,,,,
212755_at,0.16544361,0.15488453,,,,
243311_at,0.16544836,-0.18850769,,,,
232875_at,0.16545766,-0.08292033,,,,
218561_s_at,0.16547535,0.23539897,,,,
214976_at,0.16549486,-0.1215193,,,,
1553600_at,0.16549774,-0.09992735,,,,
1553611_s_at,0.16550894,0.2187799,,,,
1570398_at,0.16552487,-0.06804265,,,,
210693_at,0.16553533,-0.11014186,,,,
203496_s_at,0.16554056,-0.2360326,,,,
238827_at,0.16554784,-0.17808452,,,,
217130_at,0.1655579,-0.12495662,,,,
241314_at,0.16556782,-0.15607718,,,,
211980_at,0.16557212,0.24626781,,,,
1561872_at,0.16558048,-0.07588806,,,,
223222_at,0.16561713,-0.19645413,,,,
200010_at,0.16562026,-0.11595592,,,,
227242_s_at,0.16562526,0.43846569,,,,
1558842_at,0.16566486,0.13958337,,,,
209051_s_at,0.1657126,-0.25024502,,,,
200069_at,0.16571907,0.19073289,,,,
208253_at,0.16572486,-0.18243915,,,,
1552813_at,0.16572747,-0.10918452,,,,
210767_at,0.16575795,0.19759511,,,,
235840_at,0.16578759,0.21933669,,,,
243875_at,0.16581169,-0.11452863,,,,
56821_at,0.16581547,-0.14456243,,,,
230324_at,0.16584936,0.0912931,,,,
204014_at,0.16585956,0.783867,,,,
214146_s_at,0.16586669,-0.79816063,,,,
205459_s_at,0.16587629,-0.19940024,,,,
1558333_at,0.16587831,-0.08093385,,,,
220580_at,0.16590037,0.29282295,,,,
232046_at,0.16594243,-0.10448673,,,,
244191_at,0.16596202,-0.0811052,,,,
213000_at,0.16597684,0.16220011,,,,
1558606_s_at,0.16601485,0.23264321,,,,
224094_at,0.16605694,-0.06438531,,,,
237551_at,0.16605817,-0.07193757,,,,
236976_at,0.16607572,-0.17847708,,,,
208717_at,0.16607803,-0.19517694,,,,
204773_at,0.1660853,0.3500733,,,,
200031_s_at,0.16610565,-0.07896224,,,,
231757_at,0.16611181,0.11000821,,,,
1555154_a_at,0.16612884,-0.41315378,,,,
225324_at,0.16613849,0.3013744,,,,
1566249_at,0.16616004,-0.09603169,,,,
203286_at,0.16618137,-0.19957222,,,,
203385_at,0.1661883,-0.28796924,,,,
217169_at,0.16619363,-0.0945995,,,,
1555755_at,0.16619929,-0.06313769,,,,
230000_at,0.16621915,0.26992045,,,,
234898_at,0.16622166,-0.07950247,,,,
237148_at,0.16625779,-0.07982205,,,,
205906_at,0.16629307,-0.22669897,,,,
205442_at,0.16629658,0.65547444,,,,
209005_at,0.16630643,0.34943689,,,,
236155_at,0.16631033,0.22451142,,,,
241169_at,0.16632285,-0.07304606,,,,
1558280_s_at,0.16632586,0.25268209,,,,
207422_at,0.16632976,-0.08767284,,,,
236623_at,0.16634728,0.17609104,,,,
223445_at,0.1663844,0.20267563,,,,
227183_at,0.1663905,-0.16297708,,,,
223568_s_at,0.16639051,0.34946114,,,,
203426_s_at,0.16641093,0.44094032,,,,
1560482_at,0.1664183,-0.07218652,,,,
221560_at,0.16644829,0.16395555,,,,
1561536_at,0.16647939,-0.0851672,,,,
1564974_at,0.16651178,-0.07473992,,,,
241377_s_at,0.16652616,-0.07549573,,,,
225260_s_at,0.16653404,0.1638556,,,,
205917_at,0.166549,-0.28350647,,,,
1570167_at,0.16659705,-0.08541125,,,,
204140_at,0.16661848,0.34234036,,,,
235207_at,0.16662651,0.28427215,,,,
222194_at,0.16663017,-0.06416596,,,,
242998_at,0.16663482,0.32788012,,,,
240438_at,0.16663805,-0.0736529,,,,
243459_x_at,0.16664039,0.15792114,,,,
238103_at,0.16667116,-0.77913566,,,,
212159_x_at,0.16669051,-0.19454386,,,,
220918_at,0.16672936,-0.21924408,,,,
1554909_at,0.16673637,0.08235113,,,,
222523_at,0.16675749,0.21504659,,,,
205940_at,0.16676579,0.36254431,,,,
1565735_at,0.16676975,-0.10597783,,,,
1559755_at,0.1668466,-0.07913884,,,,
221308_at,0.16685123,0.21838131,,,,
1569983_at,0.16686683,-0.06375027,,,,
225923_at,0.16686933,0.24033231,,,,
201268_at,0.16689655,0.17033672,,,,
1405_i_at,0.16692613,-0.50947929,,,,
201813_s_at,0.16694563,-0.1815883,,,,
212923_s_at,0.16694896,0.30696238,,,,
1554780_a_at,0.16695847,-0.15630307,,,,
201264_at,0.1669659,-0.29848222,,,,
216405_at,0.16698661,0.10876526,,,,
202843_at,0.16699823,0.30484032,,,,
213838_at,0.167007,0.20253706,,,,
219537_x_at,0.16701815,-0.25104431,,,,
1555976_s_at,0.16707247,0.2479693,,,,
1570424_at,0.1670727,-0.06410219,,,,
1553785_at,0.16707522,-0.17716668,,,,
206475_x_at,0.16709883,-0.08744912,,,,
1554950_at,0.16711499,-0.11570539,,,,
210660_at,0.16712307,-0.14675313,,,,
212989_at,0.16714534,0.2581635,,,,
207762_at,0.16718158,-0.09478162,,,,
1565537_at,0.16719327,-0.13886566,,,,
232995_at,0.16720468,0.10485364,,,,
231916_at,0.16721084,-0.0734722,,,,
232897_at,0.16721124,-0.13912467,,,,
1557718_at,0.16721549,-0.18347198,,,,
1555040_at,0.1672312,0.08668737,,,,
1552599_at,0.16725333,-0.09441592,,,,
225984_at,0.1672654,-0.21817069,,,,
211273_s_at,0.16727923,0.23485095,,,,
225021_at,0.16729045,0.36327723,,,,
1555567_s_at,0.16732004,0.12881317,,,,
218055_s_at,0.16732012,0.31572766,,,,
217908_s_at,0.16736261,0.18877288,,,,
205706_s_at,0.1673883,0.23933753,,,,
231999_at,0.16739265,0.25825787,,,,
210147_at,0.1674083,0.56529478,,,,
226682_at,0.16741596,0.43314693,,,,
215090_x_at,0.16742821,-0.19710366,,,,
237307_at,0.16743294,-0.13373771,,,,
243836_at,0.16743916,-0.07051352,,,,
209138_x_at,0.16748419,-0.81658675,,,,
204365_s_at,0.16749692,-0.48439961,,,,
218184_at,0.16753911,0.18248757,,,,
224404_s_at,0.16753943,-0.31556749,,,,
232465_at,0.16754534,0.14750499,,,,
238627_at,0.16755287,-0.12543752,,,,
224970_at,0.16757119,0.39023624,,,,
227317_at,0.16763478,0.281295,,,,
232938_at,0.16764086,-0.06755396,,,,
210211_s_at,0.16765863,0.13799362,,,,
244590_at,0.16766827,0.10652834,,,,
213429_at,0.16767827,0.59586497,,,,
206463_s_at,0.16771054,0.28906956,,,,
219372_at,0.16773165,0.37911926,,,,
205543_at,0.16777557,0.44610387,,,,
1561161_at,0.16778517,0.06151444,,,,
1552796_a_at,0.16783616,-0.06863319,,,,
214471_x_at,0.16783941,-0.11978895,,,,
225700_at,0.16784927,-0.20253238,,,,
237395_at,0.16785629,0.81939364,,,,
1570441_at,0.16786412,0.0989684,,,,
237800_at,0.16788978,-0.11333494,,,,
220125_at,0.16789712,-0.11725645,,,,
207461_at,0.1679015,-0.06193263,,,,
222732_at,0.16790565,0.09670514,,,,
211686_s_at,0.16791967,0.19669755,,,,
233414_at,0.16792328,-0.08601476,,,,
1561411_at,0.16792402,-0.06241619,,,,
1553835_a_at,0.16792461,-0.37038347,,,,
236931_at,0.16792808,0.17025225,,,,
1558541_at,0.16793033,-0.09771329,,,,
242040_at,0.16796314,0.14345533,,,,
217779_s_at,0.1679649,-0.19030522,,,,
242266_x_at,0.16796841,-0.11132879,,,,
216964_at,0.16797492,-0.0995171,,,,
216846_at,0.16799151,-0.17159432,,,,
237785_at,0.1679978,0.08213584,,,,
223940_x_at,0.16800624,-0.39528507,,,,
229295_at,0.16802424,-0.23912038,,,,
241538_at,0.16811854,-0.08752447,,,,
210339_s_at,0.16813425,-0.4803715,,,,
1559427_at,0.1681602,-0.0786438,,,,
220340_at,0.16817049,-0.16707214,,,,
229281_at,0.16821184,0.43208603,,,,
219248_at,0.1682535,0.24932264,,,,
212044_s_at,0.16827869,-0.27607144,,,,
206402_s_at,0.16829552,-0.12639057,,,,
239450_at,0.16832214,0.20200881,,,,
222685_at,0.16833835,0.3101918,,,,
200038_s_at,0.16834096,0.11523316,,,,
1557277_a_at,0.16834277,-0.0814878,,,,
241284_at,0.16836001,-0.07673453,,,,
236371_s_at,0.16837198,-0.21537371,,,,
235764_at,0.16837687,0.33818876,,,,
227850_x_at,0.16838467,-0.68611192,,,,
1569602_at,0.16839171,-0.09340906,,,,
238717_at,0.16839268,0.36644699,,,,
216635_at,0.16841516,-0.17985044,,,,
205365_at,0.16842281,-0.13655567,,,,
211117_x_at,0.16843362,-0.18134556,,,,
235418_at,0.16844018,0.15063778,,,,
221183_at,0.1684532,-0.10387543,,,,
222345_at,0.16847282,-0.15386458,,,,
205916_at,0.1685106,0.99722201,,,,
201085_s_at,0.16855379,0.23926547,,,,
215900_at,0.16858045,-0.11677351,,,,
227986_at,0.16858899,0.15107951,,,,
217320_at,0.16861244,-0.30771282,,,,
206700_s_at,0.16861986,0.62985511,,,,
217611_at,0.16862397,-0.10157042,,,,
217969_at,0.16873294,-0.2122133,,,,
212920_at,0.16875601,0.20463962,,,,
244699_at,0.16875969,0.14941315,,,,
219205_at,0.16877514,0.27444076,,,,
225409_at,0.16879313,0.20590122,,,,
1561719_at,0.16883259,-0.07391993,,,,
233115_at,0.16883451,0.1421361,,,,
1566149_at,0.16884113,-0.07630687,,,,
224798_s_at,0.16885176,-0.21231747,,,,
233549_at,0.16886149,-0.21044482,,,,
216493_s_at,0.16889864,-0.3093846,,,,
1552932_at,0.16891661,-0.11120417,,,,
213042_s_at,0.16893858,-0.28136987,,,,
219495_s_at,0.16894295,0.22255946,,,,
1555068_at,0.16895138,0.19809057,,,,
213794_s_at,0.16898195,0.17571895,,,,
1554735_a_at,0.16899209,-0.15936973,,,,
202977_s_at,0.16899233,0.14725138,,,,
1565406_a_at,0.16900089,-0.1155847,,,,
234182_at,0.16901923,-0.09372818,,,,
242381_x_at,0.16904373,0.08555287,,,,
216304_x_at,0.16904742,0.13621674,,,,
227947_at,0.16906075,-0.28894188,,,,
215824_at,0.16907039,-0.06460901,,,,
1556417_a_at,0.16907323,-0.06658061,,,,
216475_at,0.16909342,-0.10986978,,,,
208592_s_at,0.1690992,-0.13707296,,,,
213300_at,0.16911601,0.16349039,,,,
229712_at,0.16914724,-0.22916245,,,,
212180_at,0.16918812,-0.16459744,,,,
203123_s_at,0.16927702,-0.31225597,,,,
1570121_at,0.16928431,-0.07191989,,,,
215657_at,0.16928661,-0.26220951,,,,
206795_at,0.16929027,-0.12470193,,,,
201931_at,0.16929032,0.2430113,,,,
202932_at,0.16930299,0.25276576,,,,
206471_s_at,0.16934777,-0.43015064,,,,
232101_s_at,0.16935161,0.21769399,,,,
213711_at,0.16937327,0.33341699,,,,
222535_at,0.16942106,-0.12876551,,,,
204893_s_at,0.16942703,0.18772394,,,,
206050_s_at,0.16943268,-0.21124905,,,,
224017_at,0.16946347,-0.04992356,,,,
213120_at,0.16949772,0.12114978,,,,
237294_at,0.16958869,-0.09582546,,,,
65588_at,0.16959263,-0.39892065,,,,
242026_at,0.16965137,-0.08042249,,,,
224400_s_at,0.16965479,0.58465487,,,,
212676_at,0.16965821,0.15406486,,,,
1567237_at,0.16972322,-0.09638345,,,,
231356_at,0.16972554,-0.06348759,,,,
219356_s_at,0.16974428,-0.20631312,,,,
222486_s_at,0.169746,0.43718481,,,,
1559023_a_at,0.1697656,-0.11181266,,,,
204568_at,0.16977974,0.18272563,,,,
237640_at,0.16979183,-0.06323955,,,,
1552646_at,0.1698303,-0.11347904,,,,
203013_at,0.16983228,0.20257881,,,,
202836_s_at,0.16984407,0.17728252,,,,
239301_at,0.16986187,-0.19555349,,,,
233361_at,0.16986375,-0.11203489,,,,
204948_s_at,0.16987892,0.48174984,,,,
1565849_a_at,0.16990705,-0.1082777,,,,
241125_at,0.16993886,-0.09419936,,,,
213655_at,0.16994104,0.20259938,,,,
1569955_at,0.16996759,-0.07199122,,,,
221992_at,0.1699799,0.34465619,,,,
202900_s_at,0.17001477,0.20414791,,,,
237978_at,0.17005856,-0.06903421,,,,
1556718_s_at,0.17006117,-0.07683342,,,,
224991_at,0.1700664,-0.21972217,,,,
1560727_at,0.17007414,-0.09903092,,,,
219819_s_at,0.17008316,0.25580237,,,,
233243_at,0.1701228,-0.1884784,,,,
226171_at,0.17012383,-0.23076529,,,,
212773_s_at,0.17012951,-0.21045819,,,,
234399_at,0.17014546,-0.07195698,,,,
231193_s_at,0.17017378,0.22401589,,,,
1559079_at,0.17019091,-0.06651844,,,,
234798_x_at,0.17021879,-0.06519654,,,,
220191_at,0.17021965,-0.21644773,,,,
65630_at,0.17023009,-0.25733222,,,,
205301_s_at,0.17023778,0.18009761,,,,
223797_at,0.17024029,-0.24472234,,,,
1568852_x_at,0.17024388,-0.05831025,,,,
244112_x_at,0.17026224,0.28991257,,,,
210864_x_at,0.1702831,-0.13439147,,,,
240313_at,0.17028732,-0.11369852,,,,
1554171_at,0.17029799,0.21687917,,,,
1564729_at,0.17029828,-0.08254679,,,,
211115_x_at,0.17030096,0.24261176,,,,
206324_s_at,0.17031394,-0.20121206,,,,
229320_at,0.17031396,-0.10832526,,,,
208305_at,0.17032106,-0.37685053,,,,
204868_at,0.170358,0.1932758,,,,
218949_s_at,0.170367,-0.25229775,,,,
1563255_at,0.17040096,-0.07802696,,,,
211417_x_at,0.17041694,-0.33867711,,,,
215728_s_at,0.17041973,-0.31386119,,,,
207619_at,0.17043058,-0.06758133,,,,
237537_at,0.17043971,-0.05718782,,,,
241999_at,0.1704408,0.11482445,,,,
1560259_at,0.1704582,-0.10972731,,,,
236728_at,0.17047778,0.233596,,,,
224359_s_at,0.17049462,-0.26264305,,,,
217147_s_at,0.17049734,-0.39433571,,,,
229439_s_at,0.17051795,-0.19874407,,,,
225419_at,0.17052408,0.17345388,,,,
216150_at,0.17053033,-0.09385719,,,,
233991_at,0.17053067,-0.10231893,,,,
232193_at,0.17053301,0.20259613,,,,
233013_x_at,0.17059314,0.12024364,,,,
230078_at,0.17059794,-0.17767683,,,,
214586_at,0.17060149,0.3972518,,,,
243855_at,0.17061268,0.08959163,,,,
204423_at,0.17071993,0.2147802,,,,
1556983_a_at,0.17074489,-0.09049287,,,,
1569269_s_at,0.17076743,-0.17275289,,,,
1559093_at,0.1707776,-0.06436338,,,,
65718_at,0.17079256,0.32044592,,,,
238499_at,0.17083073,-0.24067943,,,,
205628_at,0.17084137,0.20838706,,,,
200057_s_at,0.17085573,-0.1409855,,,,
228440_at,0.17085808,0.38053452,,,,
208884_s_at,0.17086315,-0.22763149,,,,
237324_s_at,0.17086624,-0.25788679,,,,
219085_s_at,0.17092656,-0.09788959,,,,
215748_at,0.17093309,-0.10264174,,,,
214926_at,0.17094663,-0.09290224,,,,
204375_at,0.17094898,0.14191125,,,,
214038_at,0.17095495,-0.55313942,,,,
202091_at,0.17096592,-0.36744983,,,,
206271_at,0.17096727,-0.43467746,,,,
212918_at,0.17097171,0.21953947,,,,
210779_x_at,0.17097555,0.27365812,,,,
55065_at,0.17098665,0.16848074,,,,
201810_s_at,0.17099693,0.35040753,,,,
211654_x_at,0.17106273,-0.43131351,,,,
233030_at,0.17106819,0.41471246,,,,
209699_x_at,0.17109357,0.66030621,,,,
227927_at,0.17109766,-0.20255452,,,,
205979_at,0.17111612,-0.89155217,,,,
205829_at,0.17113599,0.36279396,,,,
242345_at,0.17113805,-0.26987211,,,,
206554_x_at,0.17115749,0.26988127,,,,
230708_at,0.17116267,0.46525176,,,,
227313_at,0.17116588,0.2427955,,,,
1553316_at,0.17117666,-0.23158555,,,,
226408_at,0.17118017,0.32824711,,,,
206724_at,0.17122973,-0.23071187,,,,
242102_at,0.17124971,-0.07372993,,,,
224533_s_at,0.17127096,-0.11994434,,,,
228436_at,0.17127644,-0.1043941,,,,
210051_at,0.17130784,0.18960278,,,,
243320_at,0.17132136,-0.09563262,,,,
223649_s_at,0.17140783,-0.28442821,,,,
216927_at,0.17141579,-0.08147489,,,,
238672_at,0.17141824,0.21747552,,,,
1563632_at,0.17144043,-0.08960036,,,,
240783_at,0.17144046,-0.0964907,,,,
207274_at,0.17145974,0.1300042,,,,
222311_s_at,0.17146669,0.13027977,,,,
241598_at,0.1714734,-0.07282369,,,,
218964_at,0.1714772,-0.16345178,,,,
234257_at,0.17147794,-0.10690382,,,,
203461_at,0.17149698,-0.08107086,,,,
234386_s_at,0.17150463,-0.08270087,,,,
203445_s_at,0.17156749,-0.12882143,,,,
211618_s_at,0.17157877,0.15395059,,,,
1556047_s_at,0.17159689,0.24414698,,,,
207647_at,0.17159973,-0.06253704,,,,
203143_s_at,0.1716005,-0.3180645,,,,
231598_x_at,0.17160359,-0.07710243,,,,
236892_s_at,0.17161878,-0.56855287,,,,
222526_at,0.17168122,0.17166312,,,,
1556195_a_at,0.17170566,0.23143416,,,,
231153_at,0.17170706,-0.10490289,,,,
1554116_s_at,0.17174312,-0.1373657,,,,
217274_x_at,0.17179032,-0.09094858,,,,
244489_at,0.17183316,-0.10602076,,,,
224538_s_at,0.17184248,0.10986271,,,,
228183_s_at,0.17188163,0.21229628,,,,
232383_at,0.17188935,-0.35784199,,,,
215837_x_at,0.17190697,-0.08034712,,,,
239105_at,0.17193439,0.15094915,,,,
218369_s_at,0.17195793,-0.08572475,,,,
237595_at,0.17195911,-0.09898689,,,,
207459_x_at,0.17196306,-0.1029718,,,,
242210_at,0.17196482,0.19849677,,,,
225291_at,0.17197542,0.24628063,,,,
215865_at,0.17200378,-0.09644958,,,,
215733_x_at,0.17200712,0.37888182,,,,
207662_at,0.17201749,-0.09526344,,,,
223461_at,0.17202314,0.34053386,,,,
1566295_at,0.17203483,-0.08040149,,,,
241540_at,0.17205549,-0.09573294,,,,
220668_s_at,0.17208394,0.33889059,,,,
217840_at,0.17208804,-0.20624171,,,,
201152_s_at,0.17211535,-0.18701956,,,,
1558797_at,0.17211633,-0.05788536,,,,
222693_at,0.17213745,0.32331239,,,,
208956_x_at,0.17213832,0.18823735,,,,
213763_at,0.17214689,0.20247034,,,,
222813_at,0.17214715,-0.088819,,,,
215537_x_at,0.17216411,0.2927659,,,,
221994_at,0.1721686,0.46483974,,,,
1555412_at,0.17218129,0.26181219,,,,
227934_at,0.17218165,0.35527456,,,,
1562632_at,0.17219457,-0.12336446,,,,
226842_at,0.17219477,-0.14376603,,,,
234624_at,0.17219963,-0.12309767,,,,
1561336_at,0.17220135,-0.11382384,,,,
206845_s_at,0.17220342,-0.18191031,,,,
210608_s_at,0.17223224,-0.55098415,,,,
1560671_at,0.17223766,-0.08386909,,,,
233305_at,0.17224609,-0.20364746,,,,
211616_s_at,0.1722467,0.18635837,,,,
236731_at,0.17224868,-0.07531725,,,,
1564165_at,0.17226766,0.08247294,,,,
244505_at,0.17227512,-0.07595477,,,,
219484_at,0.17228481,0.21244105,,,,
234901_at,0.17228945,-0.08768442,,,,
240968_at,0.17232283,0.1000784,,,,
208223_s_at,0.17235322,-0.26991597,,,,
242585_at,0.17235782,0.15409806,,,,
215937_at,0.17235839,-0.08926428,,,,
1569932_at,0.17236069,-0.09346732,,,,
204399_s_at,0.17236379,-0.19594401,,,,
218798_at,0.17236677,0.15623291,,,,
221932_s_at,0.17238605,0.17563792,,,,
229992_at,0.17238701,-0.11162979,,,,
1553876_at,0.1723925,-0.07995613,,,,
221929_at,0.17240172,-0.09715729,,,,
239021_at,0.17241455,-0.20228445,,,,
1564263_at,0.17242848,-0.10294729,,,,
219166_at,0.17243423,0.1960704,,,,
216436_at,0.17244809,-0.07158172,,,,
236604_at,0.17245173,0.1202614,,,,
226753_at,0.17248382,0.23962592,,,,
1564798_at,0.17248665,-0.0918593,,,,
214387_x_at,0.1725389,-0.48888213,,,,
239528_at,0.17254474,0.17645616,,,,
228218_at,0.17256984,-0.51898513,,,,
220946_s_at,0.17257226,0.27890548,,,,
204479_at,0.1725834,-0.22630977,,,,
1555679_a_at,0.17258911,-0.22533999,,,,
219582_at,0.17259711,0.3259982,,,,
208254_at,0.17260177,-0.0749185,,,,
78495_at,0.17260525,-0.15722025,,,,
1570035_at,0.17260839,0.12409382,,,,
218013_x_at,0.17261828,-0.25251482,,,,
201858_s_at,0.17263802,-0.41275045,,,,
205642_at,0.17270429,-0.21025524,,,,
1552913_at,0.17270545,-0.05881028,,,,
223410_s_at,0.17272465,-0.13184598,,,,
229632_s_at,0.17274468,0.19597324,,,,
220567_at,0.17277356,-0.10002462,,,,
244672_at,0.17278425,0.09472423,,,,
1564130_x_at,0.17279147,-0.07783863,,,,
236601_at,0.17280548,-0.0980721,,,,
232402_at,0.17281353,0.13283392,,,,
234436_x_at,0.17282758,-0.12968676,,,,
220403_s_at,0.17285472,0.21744432,,,,
240784_at,0.17285707,-0.08767931,,,,
1555085_at,0.17286783,-0.06993787,,,,
214838_at,0.17288904,0.22424705,,,,
236047_at,0.1729108,-0.11527835,,,,
213451_x_at,0.17292471,0.5686885,,,,
219024_at,0.17292722,0.2968457,,,,
1568375_at,0.17292951,0.08645146,,,,
1556454_a_at,0.17293104,-0.06739494,,,,
227053_at,0.17294681,0.34987479,,,,
218665_at,0.17297122,0.2716595,,,,
201759_at,0.17298888,0.17784131,,,,
210046_s_at,0.17299224,0.36384817,,,,
225354_s_at,0.17302104,-0.55569728,,,,
241255_at,0.17303577,0.32961593,,,,
34868_at,0.17305024,0.191244,,,,
208384_s_at,0.17305967,0.22543227,,,,
1563541_at,0.17309173,-0.06905611,,,,
218537_at,0.17310866,-0.28222804,,,,
208914_at,0.17311637,-0.2178679,,,,
226454_at,0.17313151,-0.18709594,,,,
219390_at,0.17314328,0.32224122,,,,
206964_at,0.17316508,0.21674151,,,,
1555174_at,0.17317096,-0.09235511,,,,
1565756_a_at,0.17317943,-0.08776303,,,,
215669_at,0.17318037,-0.09689757,,,,
1558700_s_at,0.17320963,0.27420154,,,,
201269_s_at,0.17324675,-0.09718209,,,,
240210_at,0.17325213,0.14040611,,,,
212996_s_at,0.17327903,0.26875997,,,,
1565733_at,0.17330258,-0.10153257,,,,
1561518_at,0.17331514,-0.10682982,,,,
1554216_at,0.17331655,0.13418892,,,,
242878_at,0.17334829,-0.29291262,,,,
241473_at,0.17336285,0.20301754,,,,
1559638_at,0.17337944,-0.07640763,,,,
1554736_at,0.17338848,-0.0934112,,,,
235555_at,0.17339039,0.19686475,,,,
232007_at,0.17341462,0.32583478,,,,
1560910_at,0.17346075,-0.09261741,,,,
217526_at,0.17346328,-0.19213111,,,,
222707_s_at,0.17346373,-0.08614694,,,,
1565760_at,0.17350812,-0.06296026,,,,
203169_at,0.17355207,-0.13709764,,,,
215962_at,0.17356543,0.05336637,,,,
218525_s_at,0.17356577,0.14828085,,,,
234450_at,0.17356755,-0.10106224,,,,
238911_at,0.17357269,0.12562078,,,,
207288_at,0.17357691,-0.09293707,,,,
1554827_a_at,0.17360659,-0.10440549,,,,
1563794_s_at,0.17360928,0.07270987,,,,
203271_s_at,0.17362633,0.1466025,,,,
227865_at,0.17362946,0.31301191,,,,
205877_s_at,0.17363416,-0.09610796,,,,
207508_at,0.17364189,0.24571205,,,,
1554057_at,0.17366029,0.20643359,,,,
242366_at,0.17367938,0.185521,,,,
233767_at,0.17369693,-0.10130586,,,,
1555114_at,0.1736982,0.08783834,,,,
238855_at,0.17373331,-0.08867464,,,,
240436_at,0.17374705,0.28503914,,,,
218581_at,0.17374753,-0.18965528,,,,
233504_at,0.17375098,0.09746527,,,,
228162_at,0.17375905,0.23261647,,,,
211600_at,0.1737802,-0.24217332,,,,
205399_at,0.17378113,0.63551713,,,,
203740_at,0.17379968,0.222301,,,,
217832_at,0.1738116,-0.20756337,,,,
204582_s_at,0.17381359,-0.51339741,,,,
240127_at,0.17382429,-0.08460178,,,,
238151_at,0.17382547,0.42683347,,,,
239763_at,0.17387369,0.26318812,,,,
211264_at,0.17388354,-0.05826077,,,,
220334_at,0.17392559,-0.33923593,,,,
237309_at,0.17393914,-0.14288413,,,,
224939_at,0.17394418,0.17901036,,,,
1568574_x_at,0.17396721,-0.64609955,,,,
1556672_a_at,0.1739705,-0.19988097,,,,
202498_s_at,0.17398072,-0.50392922,,,,
1556944_at,0.17399252,0.0823409,,,,
37278_at,0.17399323,-0.1202986,,,,
240960_at,0.17399514,0.14462056,,,,
1558174_at,0.17400928,-0.18417115,,,,
214147_at,0.17401639,-0.09205053,,,,
215211_at,0.17403027,-0.21570104,,,,
204141_at,0.17403256,0.3461406,,,,
1562955_at,0.17404139,-0.11628569,,,,
223870_at,0.17407044,-0.09752785,,,,
208958_at,0.17407149,0.25540011,,,,
211435_at,0.17407528,-0.09695446,,,,
202438_x_at,0.17408032,-0.26907887,,,,
236099_at,0.17408467,-0.26401871,,,,
218956_s_at,0.17413339,0.14408052,,,,
223767_at,0.1741504,-0.31214542,,,,
241131_at,0.17415298,-0.07296351,,,,
215866_at,0.17415323,-0.0948778,,,,
231700_at,0.17417381,-0.08547375,,,,
1561847_at,0.17418348,-0.14176397,,,,
211319_at,0.17424283,-0.08568476,,,,
243022_at,0.17426593,-0.08510974,,,,
1570255_s_at,0.17432598,0.14397172,,,,
1556842_at,0.1743323,0.06176454,,,,
237456_at,0.17434482,0.1961409,,,,
242248_at,0.17435208,0.12542328,,,,
244443_at,0.17435532,0.18681815,,,,
212774_at,0.17435573,-0.39485237,,,,
224236_s_at,0.17436222,-0.06032829,,,,
229622_at,0.17436657,-0.34623301,,,,
1563882_a_at,0.17436674,-0.07228832,,,,
237806_s_at,0.17437563,-0.06651146,,,,
224421_x_at,0.17442636,-0.07034741,,,,
230004_at,0.17443319,-0.13266647,,,,
1554970_at,0.17443774,-0.09706607,,,,
203484_at,0.17444206,0.1651451,,,,
1567657_at,0.17444356,-0.05907379,,,,
1552540_s_at,0.17447407,0.25118935,,,,
213949_s_at,0.1744769,-0.12891087,,,,
223118_s_at,0.17447763,0.17599255,,,,
210440_s_at,0.17448334,-0.13664036,,,,
1568871_at,0.17450825,-0.0449217,,,,
1560119_at,0.17452493,-0.13174942,,,,
239712_at,0.17453093,0.24817713,,,,
243936_x_at,0.17453756,-0.06928769,,,,
230908_at,0.17455258,0.25827609,,,,
239700_at,0.17455378,0.16227508,,,,
212984_at,0.17456727,0.1859978,,,,
238600_at,0.17457522,-0.17311865,,,,
1562414_at,0.17457743,-0.06222625,,,,
238295_at,0.17461625,0.27934463,,,,
237229_at,0.17463265,0.11926162,,,,
AFFX-r2-P1-cre-5_at,0.17464215,-0.12501918,,,,
1552325_at,0.17464657,0.06102092,,,,
212328_at,0.17465333,0.54837799,,,,
222671_s_at,0.17467609,0.25590131,,,,
237287_at,0.1746858,-0.1373651,,,,
1564784_at,0.17469914,-0.1094493,,,,
224455_s_at,0.17470338,-0.23158487,,,,
236104_at,0.17470397,0.21680483,,,,
221378_at,0.17471905,-0.09807213,,,,
1561179_s_at,0.17477675,-0.09003467,,,,
221345_at,0.17479687,-0.30532012,,,,
1570225_at,0.17480523,-0.09024684,,,,
202054_s_at,0.17481723,0.35191729,,,,
217019_at,0.17481857,-0.19918257,,,,
241946_at,0.17482954,-0.27689268,,,,
202098_s_at,0.17483458,0.1969287,,,,
223704_s_at,0.17483974,0.52129953,,,,
237810_at,0.17486948,-0.10622782,,,,
241647_x_at,0.17489301,-0.05070272,,,,
201499_s_at,0.1748998,-0.16766619,,,,
222783_s_at,0.17493567,0.58612325,,,,
1561205_at,0.17495953,-0.07715733,,,,
216264_s_at,0.17496952,0.27503373,,,,
224620_at,0.17497774,-0.07477891,,,,
221595_at,0.17499817,0.147695,,,,
227613_at,0.1750027,-0.34686946,,,,
228717_at,0.17502707,0.29415587,,,,
225037_at,0.17502719,0.15238084,,,,
214811_at,0.17504909,-0.38381569,,,,
223953_s_at,0.17508994,0.09425524,,,,
234515_at,0.17509261,-0.10617676,,,,
227373_at,0.17513661,0.17590463,,,,
208198_x_at,0.17515225,-0.08353031,,,,
217025_s_at,0.17515313,0.31087377,,,,
203548_s_at,0.17516431,-0.7170858,,,,
229013_at,0.17516538,0.17911106,,,,
226130_at,0.17518719,-0.15293491,,,,
1555736_a_at,0.17521035,-0.35608294,,,,
225378_at,0.17524993,0.19456295,,,,
1569543_at,0.1752814,-0.06670682,,,,
225356_at,0.17528978,0.23588434,,,,
242195_x_at,0.17529097,0.22608573,,,,
207485_x_at,0.1753003,-0.23780449,,,,
205005_s_at,0.17530861,0.27664411,,,,
217654_at,0.17531278,-0.07726813,,,,
205211_s_at,0.17532354,-0.13788471,,,,
237348_at,0.17532658,-0.08253684,,,,
222450_at,0.17535272,-0.5013793,,,,
222561_at,0.17538394,0.19931559,,,,
233106_at,0.17540574,0.15375774,,,,
208951_at,0.17540813,0.29040592,,,,
1558594_at,0.17541403,-0.1128921,,,,
217245_at,0.17542266,-0.09506692,,,,
223156_at,0.17543217,0.19236776,,,,
210020_x_at,0.17543979,0.79698435,,,,
1553277_at,0.1754716,-0.0648932,,,,
1563181_a_at,0.17548371,-0.11203813,,,,
219558_at,0.17549297,0.25121819,,,,
217823_s_at,0.17552807,-0.16908441,,,,
217111_at,0.17554819,0.12215469,,,,
207333_at,0.17555084,-0.08272418,,,,
225728_at,0.17557999,0.56647589,,,,
208143_s_at,0.17558071,0.06434879,,,,
239679_at,0.17564054,0.25498274,,,,
227003_at,0.175648,0.2407237,,,,
241553_at,0.17567591,0.0789332,,,,
219266_at,0.17568275,-0.2587751,,,,
228031_at,0.17574772,0.24393139,,,,
202256_at,0.17578059,-0.163034,,,,
208086_s_at,0.17578302,0.22039777,,,,
225072_at,0.17579318,0.08898807,,,,
242983_at,0.17579964,-0.17053913,,,,
1563108_at,0.17582259,-0.06704501,,,,
1558900_at,0.17582518,0.0628651,,,,
240460_at,0.17584317,0.33227176,,,,
233806_at,0.1758439,-0.07944102,,,,
219559_at,0.17585782,-0.27565251,,,,
216411_s_at,0.17588068,0.14680704,,,,
225381_at,0.17589313,0.66749077,,,,
1567223_at,0.17592085,-0.06757805,,,,
237973_at,0.17592672,0.08934074,,,,
1564254_at,0.17592833,-0.08701645,,,,
207976_at,0.1759625,-0.08052007,,,,
209931_s_at,0.17596278,-0.241363,,,,
200997_at,0.1759659,0.17451959,,,,
244288_s_at,0.17598447,0.31526039,,,,
225673_at,0.17602658,-0.27592829,,,,
206585_at,0.17603204,0.09015594,,,,
237214_at,0.17604669,-0.0664681,,,,
200056_s_at,0.1761322,0.15159026,,,,
1566152_a_at,0.17614175,0.11487288,,,,
227023_at,0.17615467,-0.14375897,,,,
1554945_x_at,0.17615862,-0.16206292,,,,
212730_at,0.17616133,0.51026813,,,,
232155_at,0.17620381,0.27043881,,,,
1566778_at,0.17624252,-0.06852133,,,,
211557_x_at,0.17629153,-0.32608787,,,,
1566623_at,0.17629317,-0.08666613,,,,
232591_s_at,0.17631041,-0.31935723,,,,
229660_at,0.17631642,0.13094282,,,,
1570251_at,0.17636569,-0.07353242,,,,
230038_at,0.17636695,-0.10906112,,,,
237101_at,0.17640838,-0.0642721,,,,
211063_s_at,0.17641124,0.21126843,,,,
241986_at,0.17642938,0.26332502,,,,
216651_s_at,0.176518,-0.09907186,,,,
221125_s_at,0.1765308,0.20002589,,,,
226656_at,0.17655495,-0.27632031,,,,
206164_at,0.17657847,0.78563141,,,,
232249_at,0.17658122,-0.16479034,,,,
233201_at,0.17659255,-0.08056454,,,,
240977_at,0.17659614,0.07069281,,,,
52741_at,0.1766407,-0.10720247,,,,
226471_at,0.17664508,-0.23415366,,,,
201773_at,0.1766475,0.19901518,,,,
219296_at,0.17664967,0.29151164,,,,
216746_at,0.17665999,-0.08773051,,,,
201088_at,0.17666855,0.24585534,,,,
224490_s_at,0.17668066,-0.29720087,,,,
202420_s_at,0.17669321,0.14383359,,,,
1559310_at,0.17670129,-0.08577025,,,,
243445_at,0.17670249,-0.14669314,,,,
212754_s_at,0.17670268,0.21015687,,,,
213508_at,0.17670894,-0.21925786,,,,
217149_x_at,0.17673101,-0.15789158,,,,
205052_at,0.17674758,-0.23041195,,,,
1562255_at,0.17675246,0.07876677,,,,
212985_at,0.1767593,0.38561348,,,,
229796_at,0.17677016,0.56464644,,,,
243077_at,0.17679603,-0.13264297,,,,
238816_at,0.17684675,-0.21253342,,,,
1554523_a_at,0.176849,-0.13384853,,,,
224102_at,0.17685273,-0.22354782,,,,
221551_x_at,0.17686479,-0.31644242,,,,
239453_at,0.17687303,-0.11363326,,,,
235964_x_at,0.17688496,-0.34987021,,,,
232157_at,0.17690386,-0.14701068,,,,
209932_s_at,0.17691147,0.203465,,,,
222539_at,0.17692958,0.0961363,,,,
44065_at,0.17693441,0.25081499,,,,
237332_at,0.17694808,0.13703895,,,,
225383_at,0.17696439,0.27898611,,,,
1556232_at,0.17700317,-0.09837171,,,,
220225_at,0.17700877,0.32724801,,,,
228149_at,0.17701185,0.24879386,,,,
206089_at,0.17702962,0.17988969,,,,
243956_at,0.17706509,-0.09018289,,,,
202405_at,0.17707568,0.1840347,,,,
207507_s_at,0.17710542,0.23061794,,,,
219923_at,0.17710554,0.23526375,,,,
207811_at,0.17712257,0.22377207,,,,
1565888_at,0.17712723,-0.06587923,,,,
214949_at,0.17714797,0.25810206,,,,
1555191_a_at,0.17715586,0.28772994,,,,
216976_s_at,0.17715609,0.24113778,,,,
239385_at,0.17716357,0.13876201,,,,
232721_at,0.17716974,0.40364447,,,,
214536_at,0.17717216,0.37887215,,,,
240788_at,0.1771806,0.14401763,,,,
241876_at,0.17718857,-0.11415585,,,,
1558766_at,0.17719528,0.12316196,,,,
216761_at,0.17726795,-0.08606073,,,,
209125_at,0.17727607,1.18872874,,,,
241224_x_at,0.17729192,0.42793407,,,,
227846_at,0.17729924,-0.28651938,,,,
221457_s_at,0.17730308,-0.09342796,,,,
200801_x_at,0.17731324,-0.11920368,,,,
221139_s_at,0.1773178,0.42080876,,,,
233232_at,0.17739614,-0.08937061,,,,
203353_s_at,0.17740314,0.1716947,,,,
1555634_a_at,0.17740348,-0.06522883,,,,
229451_at,0.17741,0.12937616,,,,
242171_at,0.17741516,0.11577031,,,,
220170_at,0.1774263,0.47928398,,,,
213658_at,0.1774277,0.24226491,,,,
209972_s_at,0.17743044,0.12748298,,,,
203577_at,0.17746022,0.20830523,,,,
234442_at,0.17748718,-0.10052213,,,,
244003_at,0.17749388,0.07905314,,,,
215660_s_at,0.17750826,-0.12776881,,,,
224851_at,0.17753503,0.49374351,,,,
212367_at,0.17753605,0.19526738,,,,
1552467_at,0.1775381,-0.08118775,,,,
220684_at,0.1775396,-0.17659054,,,,
239228_at,0.17753971,0.24969828,,,,
208627_s_at,0.17755523,-0.23026126,,,,
235514_at,0.1775677,0.34482308,,,,
222556_at,0.17757378,-0.40248173,,,,
205309_at,0.17759956,-0.46597601,,,,
213328_at,0.17761074,0.27615679,,,,
211348_s_at,0.17761081,-0.20487679,,,,
1563247_at,0.1776166,-0.08730812,,,,
229689_s_at,0.17763991,0.30979666,,,,
228052_x_at,0.1776624,-0.10514276,,,,
201990_s_at,0.17770526,-0.26766605,,,,
211751_at,0.17772665,0.17269385,,,,
228544_s_at,0.17772746,0.20490329,,,,
222300_at,0.17773003,-0.06762233,,,,
204047_s_at,0.17773017,-0.27442374,,,,
211801_x_at,0.17774519,0.24980943,,,,
1555374_at,0.17774858,-0.08915253,,,,
243925_at,0.17776777,0.10553469,,,,
219824_at,0.17779595,-0.09259387,,,,
210053_at,0.1778145,0.21126233,,,,
216714_at,0.17783277,-0.25011522,,,,
241107_at,0.1778351,-0.08235044,,,,
220695_at,0.17785717,-0.07332517,,,,
208493_at,0.17787085,-0.26501973,,,,
227078_at,0.17787852,0.13079022,,,,
1560550_at,0.1779074,-0.09543529,,,,
244035_at,0.17791191,0.23447709,,,,
228281_at,0.17791802,0.27757794,,,,
237085_x_at,0.17793875,-0.08762833,,,,
242858_at,0.17794204,-0.10356962,,,,
1553042_a_at,0.17794412,-0.09648479,,,,
44790_s_at,0.177958,-0.69912803,,,,
1564856_s_at,0.17800161,0.1935927,,,,
221466_at,0.17800943,-0.09726293,,,,
1566989_at,0.17806706,-0.11267157,,,,
239950_at,0.17808162,-0.31704873,,,,
229621_x_at,0.17808613,0.11821937,,,,
234449_at,0.17809003,-0.10444816,,,,
229605_at,0.17809367,-0.13678314,,,,
1555590_a_at,0.17809623,-0.09496442,,,,
235935_at,0.17811144,0.21797825,,,,
204077_x_at,0.17817301,0.19184984,,,,
1561528_at,0.17821033,-0.09993187,,,,
239786_at,0.17825161,0.20960424,,,,
221113_s_at,0.17825229,0.12160163,,,,
244094_at,0.1782564,0.09723863,,,,
1559263_s_at,0.17828959,-0.42311024,,,,
207918_s_at,0.17829819,-0.15322207,,,,
207801_s_at,0.17831326,0.15842706,,,,
218692_at,0.17831596,-0.62049772,,,,
205343_at,0.17831607,-0.47966136,,,,
1556699_at,0.17832487,-0.07716621,,,,
229213_at,0.17833404,0.1752522,,,,
237885_at,0.17834882,0.30546855,,,,
242482_at,0.17835771,0.16832902,,,,
218749_s_at,0.17837463,0.17168757,,,,
206882_at,0.17840514,-0.10291789,,,,
244038_at,0.17842526,0.15153443,,,,
1562158_at,0.1784603,-0.09135295,,,,
240740_at,0.17847261,-0.09112974,,,,
211735_x_at,0.17850618,-0.45854375,,,,
1557666_s_at,0.17854084,-0.10929283,,,,
234829_at,0.17854274,-0.09403269,,,,
1561393_at,0.17857533,-0.14651892,,,,
241253_at,0.17857736,-0.06397831,,,,
215343_at,0.17858422,-0.25315996,,,,
211032_at,0.17859823,0.19931063,,,,
207972_at,0.17861301,-0.07799837,,,,
1569644_at,0.17864525,-0.08400642,,,,
235988_at,0.17865011,-0.39666887,,,,
221305_s_at,0.17866704,-0.71768101,,,,
217824_at,0.17867228,-0.21837559,,,,
218161_s_at,0.17867383,-0.17074377,,,,
235006_at,0.17868295,-0.19557959,,,,
238723_at,0.17869151,0.16012448,,,,
1569634_at,0.17875436,-0.09880157,,,,
1555286_at,0.17879147,-0.06575264,,,,
209465_x_at,0.17881153,0.71095988,,,,
207686_s_at,0.17881366,-0.21961041,,,,
205876_at,0.17881919,0.45169705,,,,
226822_at,0.17889859,0.37353917,,,,
217465_at,0.17890183,-0.38918922,,,,
228557_at,0.17893158,0.39522915,,,,
1561255_at,0.17895787,-0.06665939,,,,
205074_at,0.17896795,-0.3139896,,,,
236905_at,0.17899665,-0.11091413,,,,
213791_at,0.1790013,0.37237968,,,,
1559351_at,0.17901688,-0.07713831,,,,
208358_s_at,0.17908497,-0.6247514,,,,
227159_at,0.17911479,-0.20467876,,,,
237807_at,0.17912472,-0.12362528,,,,
1563069_at,0.17912515,-0.09243064,,,,
228254_at,0.17913038,0.14383598,,,,
225796_at,0.17915429,-0.23602821,,,,
238427_at,0.17918736,-0.21421351,,,,
1569500_at,0.17919268,-0.09622597,,,,
1558702_at,0.1792282,0.15240347,,,,
218649_x_at,0.17922843,0.18690202,,,,
231010_at,0.17923209,-0.12454292,,,,
233100_at,0.17923254,-0.08359195,,,,
208260_at,0.17928767,-0.10110957,,,,
1559134_a_at,0.1792977,0.11737021,,,,
225662_at,0.17932252,0.33491174,,,,
235971_at,0.1793467,0.20809003,,,,
223770_x_at,0.17936771,0.10534803,,,,
227914_s_at,0.17937647,-0.08880663,,,,
212541_at,0.17937863,0.2394882,,,,
1560258_a_at,0.17938604,0.2758458,,,,
1566899_at,0.17940296,-0.05500654,,,,
221167_s_at,0.17941205,-0.0797027,,,,
1565581_at,0.17941405,-0.09720641,,,,
1554577_a_at,0.17941666,0.20223965,,,,
217593_at,0.17948754,0.22974177,,,,
1568803_at,0.17949478,-0.09121012,,,,
227743_at,0.17950321,-0.22385818,,,,
200922_at,0.17951969,-0.25036019,,,,
206387_at,0.17952416,-0.64280909,,,,
222163_s_at,0.17958308,0.18344925,,,,
202376_at,0.17958864,1.10428536,,,,
1566870_at,0.17960588,-0.06846446,,,,
242715_at,0.17961004,-0.30511107,,,,
234502_at,0.17964165,-0.08196937,,,,
1554618_at,0.17966265,-0.10133528,,,,
201299_s_at,0.17967318,0.28062943,,,,
226580_at,0.17967656,0.21176297,,,,
215387_x_at,0.17968551,0.20691949,,,,
207929_at,0.17970832,-0.21079298,,,,
1570044_at,0.17971268,-0.08790798,,,,
217429_at,0.17971995,-0.10537992,,,,
224089_at,0.17973087,-0.06616141,,,,
217443_at,0.17975764,0.08781764,,,,
240830_at,0.17978587,0.18847258,,,,
238435_at,0.17980868,0.25626792,,,,
224241_s_at,0.17984441,-0.12409013,,,,
201320_at,0.17986597,-0.1112318,,,,
207713_s_at,0.1798776,-0.14815808,,,,
1569537_at,0.1798922,-0.07502195,,,,
201190_s_at,0.17989483,0.176115,,,,
1562208_a_at,0.17992831,-0.1464671,,,,
232761_at,0.17993934,0.25035934,,,,
244415_at,0.17994084,-0.10121754,,,,
1558189_a_at,0.1799453,-0.11724982,,,,
221639_x_at,0.17994566,-0.08438175,,,,
240696_at,0.17995397,-0.08476381,,,,
217383_at,0.1799759,-0.4480984,,,,
222805_at,0.17998369,0.26484994,,,,
226410_at,0.17998634,0.18392864,,,,
212292_at,0.17999217,-0.21207529,,,,
240804_at,0.18003088,-0.10822955,,,,
203887_s_at,0.18003309,0.5304389,,,,
232968_at,0.18004268,0.3695949,,,,
206099_at,0.18004401,-0.26754389,,,,
220680_at,0.18005768,-0.07598266,,,,
201901_s_at,0.1800612,0.13981084,,,,
217008_s_at,0.1800658,-0.09311954,,,,
235785_at,0.18006701,-0.16204354,,,,
239985_at,0.18008466,-0.0759279,,,,
1554300_a_at,0.18009222,0.39283017,,,,
202630_at,0.18010122,0.23429582,,,,
244676_s_at,0.18010944,-0.10506034,,,,
1556248_at,0.18011112,-0.09956469,,,,
208739_x_at,0.18011266,0.14000455,,,,
232216_at,0.18011974,0.25800201,,,,
200846_s_at,0.18014009,-0.21141624,,,,
230143_at,0.1801416,0.29573472,,,,
225734_at,0.18014905,0.20697875,,,,
227262_at,0.18015081,0.18752664,,,,
1554550_at,0.18015286,0.05359189,,,,
1569508_at,0.18015898,-0.06925759,,,,
202333_s_at,0.18017728,-0.12711529,,,,
207708_at,0.18019727,-0.11373747,,,,
1555188_at,0.18023433,-0.09066131,,,,
231835_at,0.18023981,-0.29662237,,,,
204388_s_at,0.18024656,-0.62101701,,,,
237872_at,0.18026203,-0.10925195,,,,
211173_at,0.18026841,-0.12055463,,,,
223774_at,0.18027369,-0.37111556,,,,
1559125_at,0.18030712,-0.19185669,,,,
1554043_a_at,0.18031977,0.21951036,,,,
1556239_a_at,0.18032378,0.20364497,,,,
226191_at,0.1803639,0.18388585,,,,
242954_at,0.18036514,-0.08009347,,,,
203053_at,0.180366,0.13939253,,,,
1561154_at,0.18036689,-0.05923768,,,,
223131_s_at,0.18040045,-0.23734262,,,,
232884_s_at,0.1804478,0.36048269,,,,
207673_at,0.18045488,0.07138396,,,,
241604_at,0.18045621,-0.11121021,,,,
229136_s_at,0.18046711,0.11946472,,,,
215303_at,0.180487,0.47420888,,,,
37590_g_at,0.18049307,0.23539979,,,,
224028_at,0.18049346,-0.06191933,,,,
203640_at,0.18054151,0.26648754,,,,
1553315_at,0.18054698,0.07404496,,,,
226763_at,0.18054772,0.29503604,,,,
242217_s_at,0.18055037,-0.17877042,,,,
213979_s_at,0.18056309,0.17341111,,,,
205838_at,0.18059334,-0.06974384,,,,
204583_x_at,0.18062057,-0.50002613,,,,
213957_s_at,0.18062891,0.18678614,,,,
1559737_at,0.18072383,-0.0643663,,,,
215561_s_at,0.1807243,0.24961553,,,,
243988_at,0.18074572,0.06626209,,,,
241376_at,0.18078498,0.1800865,,,,
204057_at,0.18080818,-0.34612251,,,,
232607_at,0.18086157,0.08099814,,,,
235919_at,0.18086658,0.24699611,,,,
1556936_at,0.18088019,0.32180918,,,,
1563036_at,0.18093407,-0.06328345,,,,
215525_at,0.18096056,-0.09768083,,,,
216617_s_at,0.18096446,0.16359181,,,,
201142_at,0.18099081,0.17842145,,,,
206281_at,0.18100645,-0.13475703,,,,
219062_s_at,0.18102755,0.21937629,,,,
207063_at,0.18109203,0.37742885,,,,
1555348_at,0.1811058,-0.11571603,,,,
211464_x_at,0.18111036,0.26174605,,,,
234767_at,0.18111284,-0.08016018,,,,
223396_at,0.18113007,-0.17031995,,,,
203037_s_at,0.18115747,0.40158326,,,,
244889_at,0.18119629,-0.11126452,,,,
201604_s_at,0.18120222,0.2291832,,,,
219775_s_at,0.18121917,-0.15208544,,,,
1552991_at,0.18122144,-0.10605643,,,,
231224_x_at,0.18122627,0.0846628,,,,
225235_at,0.18125116,-0.1644876,,,,
232252_at,0.18125634,-0.66438905,,,,
218326_s_at,0.18125924,0.45528957,,,,
241334_at,0.18126085,0.07092126,,,,
233536_at,0.1812724,0.38498652,,,,
204798_at,0.18128753,-0.77880808,,,,
233092_s_at,0.1812974,0.28084284,,,,
221990_at,0.18129791,-0.19906543,,,,
201518_at,0.18129825,0.24484717,,,,
230567_at,0.18130406,-0.05959161,,,,
31874_at,0.18133789,0.30554717,,,,
216582_at,0.18135519,-0.07618898,,,,
232895_s_at,0.18138124,-0.11538662,,,,
216081_at,0.18139387,-0.11602144,,,,
1555130_at,0.1814069,-0.06304715,,,,
216511_s_at,0.18141086,0.29271053,,,,
239132_at,0.18143796,-0.14825381,,,,
207504_at,0.18143897,-0.18298025,,,,
213472_at,0.18144617,-0.18072557,,,,
240035_at,0.1814498,0.0949076,,,,
241002_at,0.18147061,0.12551114,,,,
225900_at,0.18147371,0.2132131,,,,
217392_at,0.18147491,-0.07440161,,,,
207833_s_at,0.1814818,0.21370476,,,,
218236_s_at,0.18150091,0.34136109,,,,
236184_at,0.18150271,0.13547578,,,,
1560999_a_at,0.18150579,0.08208336,,,,
242793_at,0.18153062,-0.13678757,,,,
206741_at,0.18155079,-0.19194559,,,,
1559949_at,0.18155371,0.44209387,,,,
238902_at,0.18156682,0.30884184,,,,
208782_at,0.18156693,0.40988015,,,,
222026_at,0.18160251,-0.28303223,,,,
212005_at,0.18163687,-0.17539062,,,,
205303_at,0.18174508,0.45632533,,,,
1553533_at,0.18175234,-0.16767865,,,,
215790_at,0.1817718,-0.1433588,,,,
208932_at,0.18179101,-0.24889979,,,,
220950_s_at,0.18179428,-0.1004564,,,,
237384_x_at,0.18179761,-0.13639639,,,,
224350_at,0.18180588,-0.07906662,,,,
217305_s_at,0.18184044,-0.06642012,,,,
231541_s_at,0.18187912,-0.09440319,,,,
1556933_at,0.18188778,0.07114579,,,,
1562747_at,0.18190239,-0.080955,,,,
210282_at,0.18191163,0.28480854,,,,
214762_at,0.1819223,-0.27717196,,,,
1557468_at,0.18192295,0.05635474,,,,
206261_at,0.18193794,0.41864146,,,,
223271_s_at,0.18195767,0.23158325,,,,
221557_s_at,0.18196512,-0.08398257,,,,
227310_at,0.1819681,-0.2386398,,,,
218096_at,0.18197185,0.27235651,,,,
224081_at,0.18198067,-0.06452965,,,,
239835_at,0.18199039,-0.30840149,,,,
1554958_at,0.18200679,0.15784005,,,,
230043_at,0.18203328,-0.52618678,,,,
228409_at,0.182042,-0.24818953,,,,
214664_at,0.18207542,0.12379894,,,,
1559518_at,0.18207607,0.07629006,,,,
210778_s_at,0.18208978,0.21105055,,,,
208801_at,0.18209797,0.13131671,,,,
1570085_at,0.18210484,-0.08820503,,,,
238759_at,0.18211672,-0.20463449,,,,
227922_x_at,0.1821223,-0.14604266,,,,
232460_at,0.1821283,0.09925266,,,,
217622_at,0.18219257,-0.10236947,,,,
204048_s_at,0.18222619,-0.23734658,,,,
219092_s_at,0.18230311,0.24641334,,,,
214593_at,0.18230391,0.11567099,,,,
232735_at,0.18231603,-0.09825581,,,,
220004_at,0.18233973,0.56698419,,,,
1555144_at,0.18240082,-0.08287434,,,,
205497_at,0.18240887,-0.2341844,,,,
221949_at,0.18241447,0.17727605,,,,
1554281_at,0.18242034,-0.1988408,,,,
230433_at,0.18244497,0.25135188,,,,
220432_s_at,0.18244929,0.68963891,,,,
1553365_at,0.18245188,-0.07175148,,,,
1559561_at,0.18245894,-0.09160999,,,,
220622_at,0.18248652,-0.6481207,,,,
227553_at,0.18248932,-0.15755846,,,,
225807_at,0.18249758,0.38511392,,,,
209952_s_at,0.1825007,-0.12959344,,,,
226075_at,0.18250698,-0.33073663,,,,
238472_at,0.18251155,0.24182066,,,,
224550_s_at,0.18252054,-0.23386251,,,,
1560964_at,0.18253983,-0.07971105,,,,
201086_x_at,0.18255254,0.13263933,,,,
1552338_at,0.18255293,0.23010087,,,,
211909_x_at,0.18255452,0.1357506,,,,
211721_s_at,0.18256278,0.25151653,,,,
224523_s_at,0.18257885,0.25808169,,,,
1554841_at,0.18261509,0.17101566,,,,
222405_at,0.18262338,0.20434455,,,,
221323_at,0.18266571,0.09797243,,,,
202561_at,0.18266831,0.22766407,,,,
219177_at,0.1826718,0.2106133,,,,
1559124_at,0.18268518,0.08003387,,,,
240733_at,0.18268848,0.13864225,,,,
222173_s_at,0.18271244,-0.33918934,,,,
223971_at,0.18271602,-0.13731663,,,,
230234_at,0.18276069,0.15529287,,,,
238338_at,0.18276371,-0.10468562,,,,
1560957_at,0.18278298,-0.06810591,,,,
239666_at,0.18278957,0.11621212,,,,
241042_at,0.18279783,-0.06787342,,,,
207021_at,0.18281304,0.08062985,,,,
210850_s_at,0.18281478,-0.13227394,,,,
227376_at,0.18283045,0.61357311,,,,
207643_s_at,0.18287889,0.19860075,,,,
216805_at,0.18288264,0.08041698,,,,
240107_at,0.18291408,-0.07901955,,,,
238709_at,0.18291918,0.14675184,,,,
240587_x_at,0.18291943,-0.0833354,,,,
1570653_at,0.18293023,-0.09616753,,,,
219376_at,0.18294222,0.2131096,,,,
212658_at,0.18296291,-0.279216,,,,
218765_at,0.18297845,0.18227704,,,,
217244_at,0.18299554,-0.08072313,,,,
228317_at,0.18301002,-0.07431292,,,,
207613_s_at,0.18305377,0.08433362,,,,
241725_at,0.18309131,-0.09075807,,,,
206499_s_at,0.18309147,-0.22551266,,,,
222551_s_at,0.18311354,-0.33348981,,,,
234056_at,0.18311629,-0.06736917,,,,
1555817_s_at,0.18311649,-0.14659639,,,,
230101_at,0.18318323,-0.07133212,,,,
214415_at,0.1831863,0.84267756,,,,
220304_s_at,0.18319506,-0.08595976,,,,
225266_at,0.18320034,0.21611624,,,,
235890_at,0.18323251,0.27424353,,,,
235577_at,0.18326367,0.27599558,,,,
1557562_at,0.18328555,0.06938558,,,,
237549_at,0.18331308,-0.06297411,,,,
237090_at,0.1833744,-0.11048762,,,,
241896_at,0.18343806,-0.09037383,,,,
240569_at,0.18344052,0.21239533,,,,
235770_at,0.18344114,0.29368473,,,,
207267_s_at,0.18347145,-0.33579756,,,,
234261_at,0.18347768,-0.08073371,,,,
1554077_a_at,0.18348412,-0.33014811,,,,
243427_at,0.18350256,-0.06067934,,,,
207707_s_at,0.1835115,0.15489702,,,,
229050_s_at,0.18353804,-0.29973388,,,,
1559605_a_at,0.18355177,-0.17407972,,,,
1562453_at,0.1835634,-0.08972673,,,,
210420_at,0.18357328,0.09929599,,,,
1557145_at,0.18357586,0.16138594,,,,
242822_at,0.18357781,-0.14050651,,,,
204652_s_at,0.1836274,0.14529503,,,,
237764_at,0.18363179,0.13866836,,,,
215610_at,0.18363827,-0.09376171,,,,
212677_s_at,0.18365571,0.29498935,,,,
236632_at,0.18369589,-0.24966184,,,,
1565915_at,0.1836998,0.0539626,,,,
216487_at,0.18370776,-0.0774345,,,,
234067_at,0.18371966,-0.06931926,,,,
231745_at,0.18372418,-0.09186118,,,,
222696_at,0.18375003,-0.5707814,,,,
232081_at,0.18375832,-0.32197629,,,,
226772_s_at,0.18378017,-0.19887949,,,,
1553127_a_at,0.18381731,0.11441572,,,,
201999_s_at,0.18383652,0.17743011,,,,
243261_at,0.18384299,-0.10828595,,,,
1562320_at,0.18388246,-0.06878265,,,,
244105_at,0.18389011,0.07829728,,,,
216263_s_at,0.18390803,0.15757839,,,,
205367_at,0.18391024,-0.1486421,,,,
216688_at,0.18394212,-0.08984598,,,,
241091_at,0.18395834,0.27070145,,,,
212077_at,0.1839679,0.26533497,,,,
234988_at,0.18397831,0.19611194,,,,
217154_s_at,0.18399214,-0.10286821,,,,
204169_at,0.18404776,-0.17741877,,,,
223430_at,0.18407299,0.26601172,,,,
1558166_at,0.18409579,-0.21335881,,,,
234937_x_at,0.18411428,-0.25871857,,,,
1569353_at,0.1841269,-0.07883866,,,,
218180_s_at,0.1841567,-0.33721241,,,,
233633_at,0.18415761,-0.07110186,,,,
221032_s_at,0.1841728,-0.09831253,,,,
202795_x_at,0.18418047,0.15759572,,,,
240876_x_at,0.18418871,-0.08827626,,,,
227730_at,0.18418988,0.1702331,,,,
238870_at,0.18422334,-0.20869387,,,,
232844_at,0.18422663,0.0674207,,,,
204836_at,0.18423063,0.75298574,,,,
228621_at,0.18423475,0.87786023,,,,
1552596_at,0.18423758,-0.08110938,,,,
231115_at,0.18425055,0.2020641,,,,
223925_s_at,0.18427755,-0.31135991,,,,
222550_at,0.18428752,0.18440951,,,,
241239_at,0.18428805,-0.09183487,,,,
206301_at,0.1843467,-0.10477873,,,,
233989_at,0.18437936,0.06492046,,,,
237059_at,0.18442206,-0.12750555,,,,
232945_at,0.18442318,0.12270774,,,,
219793_at,0.18442419,0.26836995,,,,
1564220_a_at,0.18443734,-0.40122772,,,,
1558014_s_at,0.18450288,-0.36057319,,,,
212821_at,0.18450609,0.11267437,,,,
235529_x_at,0.1845249,-0.33685737,,,,
206157_at,0.18453465,0.75499431,,,,
219134_at,0.18453984,0.37992308,,,,
201827_at,0.1845408,0.19590676,,,,
231592_at,0.18458337,-0.39984758,,,,
223003_at,0.18459281,-0.20502156,,,,
204138_s_at,0.18461746,-0.11678663,,,,
218483_s_at,0.18462557,0.1798107,,,,
213278_at,0.18467884,0.24906555,,,,
201446_s_at,0.18469049,0.25532937,,,,
224958_at,0.18473218,0.11788755,,,,
234155_at,0.1847483,-0.06395824,,,,
233949_s_at,0.18475544,-0.08806307,,,,
226381_at,0.18479216,-0.26533363,,,,
240443_at,0.18481049,-0.12667406,,,,
234271_at,0.18481165,0.15866308,,,,
231509_at,0.18481552,-0.1595113,,,,
223191_at,0.18483825,0.17999303,,,,
244113_at,0.18483861,-0.10307285,,,,
1556308_at,0.18485467,0.36313876,,,,
224937_at,0.18488174,0.38199604,,,,
220207_at,0.18489317,-0.10647344,,,,
233951_at,0.18489343,-0.09241186,,,,
204088_at,0.1848938,-0.33413455,,,,
233380_s_at,0.18490489,-0.1482143,,,,
222185_at,0.18491626,-0.0930908,,,,
236917_at,0.18492863,0.2639405,,,,
1555876_at,0.18493348,-0.13675076,,,,
214002_at,0.1849629,-0.13093001,,,,
213893_x_at,0.18497377,0.16198566,,,,
235163_at,0.18498335,-0.15867279,,,,
1559589_a_at,0.18498664,0.12584153,,,,
213306_at,0.18500074,0.4455154,,,,
243882_at,0.18500655,-0.35054311,,,,
215188_at,0.18503754,-0.12373522,,,,
237236_x_at,0.18505077,-0.09224431,,,,
239198_at,0.1850838,-0.12824239,,,,
1558248_at,0.1850971,-0.09770569,,,,
208421_at,0.18510489,-0.06625763,,,,
226031_at,0.18510944,0.19043018,,,,
208844_at,0.18511136,-0.34576937,,,,
1553141_at,0.18512404,-0.22080942,,,,
209874_x_at,0.18512956,-0.17578849,,,,
231257_at,0.18518759,0.23632668,,,,
205721_at,0.18518807,-0.2120044,,,,
238396_at,0.18519719,-0.10616808,,,,
228030_at,0.18522521,-0.20028962,,,,
226327_at,0.18523889,0.21799724,,,,
1555378_at,0.18524934,-0.0830741,,,,
209547_s_at,0.1852841,-0.09097708,,,,
239461_at,0.18528448,0.34758754,,,,
236084_at,0.18530127,-0.07431383,,,,
231902_at,0.18530551,-0.27137744,,,,
219838_at,0.18530645,0.22341198,,,,
243829_at,0.18530728,-0.24786463,,,,
218915_at,0.18530826,-0.19124829,,,,
239255_at,0.18531266,-0.07716393,,,,
205145_s_at,0.18532051,0.24320092,,,,
232065_x_at,0.18539834,0.29095188,,,,
225970_at,0.18540715,0.2506118,,,,
1562852_at,0.18546039,-0.13524432,,,,
239483_at,0.18546356,0.17028162,,,,
1556518_at,0.1855121,-0.09490716,,,,
220221_at,0.18551598,0.18522695,,,,
244838_at,0.18554076,0.08021667,,,,
200047_s_at,0.18557101,0.11320977,,,,
211360_s_at,0.18560774,-0.17344175,,,,
204364_s_at,0.18561838,-0.55849361,,,,
206035_at,0.18563285,-0.30140854,,,,
232754_at,0.18563507,0.13500055,,,,
232627_at,0.18564862,0.0954043,,,,
219294_at,0.18565831,0.28049546,,,,
240852_at,0.185662,-0.0785895,,,,
1565730_at,0.18567747,-0.06610469,,,,
209291_at,0.18568987,0.60852043,,,,
204552_at,0.18570859,-0.21545892,,,,
226634_at,0.18571344,0.27211024,,,,
224036_s_at,0.18578836,0.27548836,,,,
228602_at,0.18578862,0.33718516,,,,
232554_at,0.18580663,-0.12618609,,,,
219202_at,0.18581075,0.2222791,,,,
221134_at,0.18582819,-0.08520137,,,,
212154_at,0.18589921,0.46298776,,,,
235397_at,0.1859041,-0.09792786,,,,
231606_at,0.1859178,-0.25198654,,,,
206027_at,0.18592037,-0.25894569,,,,
201971_s_at,0.18593821,-0.37345856,,,,
1566228_at,0.18595022,-0.07122127,,,,
243269_s_at,0.18596337,-0.09589102,,,,
238018_at,0.18596946,0.62264051,,,,
215961_at,0.18597247,-0.09871906,,,,
1564315_at,0.18599055,0.15270053,,,,
240604_at,0.1859948,-0.08561831,,,,
210938_at,0.18599757,-0.10241328,,,,
205082_s_at,0.18603751,0.82674994,,,,
236268_at,0.18604127,0.28357977,,,,
239479_x_at,0.18604147,-0.08303513,,,,
1570234_at,0.18607092,-0.06748598,,,,
225200_at,0.18608569,0.13534812,,,,
1555269_a_at,0.1861321,-0.26973153,,,,
232290_at,0.18614314,-0.24744664,,,,
243010_at,0.1861444,0.34158123,,,,
206925_at,0.18615143,-0.29774675,,,,
210618_at,0.18618949,0.08126657,,,,
207912_s_at,0.18619153,0.37190244,,,,
214382_at,0.18622643,0.44671317,,,,
210226_at,0.18624449,-0.07086065,,,,
225808_at,0.18627036,0.16196674,,,,
216607_s_at,0.1862768,-0.36773796,,,,
208810_at,0.18629641,0.21141528,,,,
220024_s_at,0.18629825,-0.09437412,,,,
238183_at,0.18630789,-0.27783268,,,,
237586_at,0.18632125,0.07988553,,,,
204218_at,0.18633081,-0.18450573,,,,
210597_x_at,0.18638499,-0.10606124,,,,
232638_at,0.18639184,0.05775282,,,,
237338_at,0.18641775,-0.25191892,,,,
229044_at,0.18642306,0.16085618,,,,
1555967_at,0.18642792,0.27461525,,,,
236066_at,0.1864547,-0.16494304,,,,
1557944_s_at,0.18646093,-0.26120251,,,,
227234_at,0.186486,0.28421781,,,,
200936_at,0.18649235,-0.17874448,,,,
206813_at,0.18653523,-0.17658933,,,,
40489_at,0.18659035,-0.08811541,,,,
241248_at,0.1866046,-0.08510547,,,,
224758_at,0.18660902,0.17350582,,,,
201007_at,0.18662877,0.15792344,,,,
242631_x_at,0.18663083,0.05656662,,,,
228203_at,0.186636,0.10838352,,,,
1569911_at,0.18664596,-0.09252503,,,,
222549_at,0.18665259,0.67758137,,,,
1560492_at,0.18668675,-0.08897597,,,,
243749_s_at,0.18672402,-0.10337875,,,,
216710_x_at,0.18673417,-0.06227978,,,,
240716_at,0.18674979,-0.08193892,,,,
225193_at,0.18675366,0.31964348,,,,
205458_at,0.18677967,-0.15302538,,,,
205430_at,0.18680393,-0.34698618,,,,
211284_s_at,0.18680949,-0.249884,,,,
218423_x_at,0.18681192,0.16140354,,,,
204507_s_at,0.18682506,-0.24060608,,,,
214225_at,0.18683673,-0.14450866,,,,
201207_at,0.18687324,0.14626884,,,,
1562791_at,0.18687662,0.07432525,,,,
219527_at,0.18688681,0.51017051,,,,
220617_s_at,0.18691613,0.32718226,,,,
239756_at,0.18691864,-0.12250203,,,,
235619_at,0.18692783,-0.37893899,,,,
236110_at,0.18696554,-0.10053165,,,,
203880_at,0.18697181,0.21872992,,,,
212119_at,0.18698858,0.29912977,,,,
1559663_at,0.18699181,0.09234411,,,,
225919_s_at,0.18699242,-0.30961735,,,,
1557228_at,0.18700777,-0.10040972,,,,
208375_at,0.18703465,-0.06603478,,,,
244458_at,0.18705258,-0.11940958,,,,
236004_at,0.18705846,0.16918327,,,,
237921_at,0.18707256,-0.0655391,,,,
203373_at,0.18707781,0.39864863,,,,
1562633_at,0.18708868,-0.0812834,,,,
1561214_at,0.18710842,-0.11270867,,,,
229025_s_at,0.18710971,0.24082301,,,,
202340_x_at,0.18711346,-0.14585764,,,,
238761_at,0.18712024,-0.22116024,,,,
210653_s_at,0.18715853,0.33252332,,,,
1560703_at,0.1871798,0.10741362,,,,
243984_at,0.18725276,0.10980261,,,,
231273_x_at,0.18726523,-0.05769981,,,,
241292_at,0.1872668,0.07157667,,,,
203303_at,0.1872669,-0.28691447,,,,
240649_at,0.1872749,-0.06462277,,,,
1552845_at,0.18730601,-0.12166234,,,,
211426_x_at,0.18732216,-0.17513367,,,,
232395_x_at,0.18735409,0.36855225,,,,
213563_s_at,0.18736825,0.11933884,,,,
233865_at,0.18737376,-0.09707582,,,,
1554045_at,0.1873779,0.15408151,,,,
213895_at,0.18742866,-0.41835312,,,,
1556274_at,0.1874792,-0.07942559,,,,
209557_s_at,0.18748822,-0.10197653,,,,
1559031_at,0.18750707,-0.09218281,,,,
206751_s_at,0.18752407,0.10062582,,,,
230585_at,0.18753549,-0.50795019,,,,
203404_at,0.18755691,0.54539452,,,,
234021_at,0.18758873,0.15783913,,,,
1556689_a_at,0.18762479,-0.20519135,,,,
211166_at,0.18763727,-0.08025289,,,,
1569912_at,0.1876379,-0.09791916,,,,
1554406_a_at,0.18764788,-0.36442248,,,,
231183_s_at,0.1876802,0.45796579,,,,
225102_at,0.18768405,-0.37899659,,,,
AFFX-CreX-5_at,0.18769122,-0.15420148,,,,
216022_at,0.18769131,0.15942956,,,,
219868_s_at,0.18769483,-0.21269587,,,,
234087_at,0.18769801,-0.09190041,,,,
231466_at,0.18771323,0.05759461,,,,
206104_at,0.18771737,-0.58168252,,,,
230619_at,0.18771935,0.2091993,,,,
221536_s_at,0.18775128,0.18685667,,,,
1555394_at,0.18777012,0.0636191,,,,
1560832_at,0.18778633,-0.08753154,,,,
225331_at,0.18779997,0.19366744,,,,
239098_at,0.18784126,-0.10798595,,,,
214805_at,0.18785409,-0.22609018,,,,
233556_at,0.18786528,-0.0630199,,,,
1567359_at,0.18786572,0.05467403,,,,
1562761_at,0.18786658,-0.1148117,,,,
216899_s_at,0.18789094,-0.39369775,,,,
1562076_at,0.18791527,0.05712112,,,,
209830_s_at,0.18796627,0.16543649,,,,
1554413_s_at,0.18796936,0.08488775,,,,
237702_at,0.18798015,-0.10439897,,,,
234597_at,0.18798078,0.17405058,,,,
234407_s_at,0.18798193,-0.05338137,,,,
234846_at,0.18798406,0.1526104,,,,
207250_at,0.18799641,-0.07101701,,,,
228447_at,0.18801137,-0.07380863,,,,
241298_x_at,0.18801736,0.07624006,,,,
1566181_at,0.18802733,-0.0733682,,,,
1556901_s_at,0.18804133,-0.05585683,,,,
231546_at,0.18808601,0.15317605,,,,
229613_at,0.18809642,-0.40724006,,,,
210613_s_at,0.18809716,0.41694391,,,,
223086_x_at,0.18809735,0.12732908,,,,
244351_at,0.18810149,0.16622904,,,,
1553136_at,0.18811093,-0.0762371,,,,
216769_x_at,0.18812264,0.10812844,,,,
232015_at,0.18814027,-0.15155952,,,,
243040_at,0.1881534,-0.05154911,,,,
204235_s_at,0.18816603,-0.7042865,,,,
201168_x_at,0.18818378,-0.17249829,,,,
232080_at,0.18818941,0.2466035,,,,
1560977_a_at,0.18820019,-0.06065401,,,,
239153_at,0.18822143,0.50805975,,,,
236427_at,0.1882839,0.13911387,,,,
215887_at,0.18829542,0.12880477,,,,
220294_at,0.18829653,0.28030745,,,,
232053_x_at,0.18829704,-0.24082631,,,,
1557869_at,0.18830134,-0.05654393,,,,
1559648_at,0.18830694,-0.06539509,,,,
228730_s_at,0.1883311,0.21932216,,,,
219955_at,0.1883528,-0.28136346,,,,
219995_s_at,0.18838365,0.81737251,,,,
204410_at,0.18838579,0.80386964,,,,
215528_at,0.18839274,-0.22406454,,,,
203914_x_at,0.18840482,-0.77646553,,,,
234908_s_at,0.18841221,-0.09763461,,,,
205076_s_at,0.18845314,-0.55546051,,,,
244748_at,0.18846857,-0.07799126,,,,
236251_at,0.18848001,0.33273865,,,,
223566_s_at,0.18849863,-0.23527482,,,,
1557769_at,0.1885152,-0.13155024,,,,
214607_at,0.18854019,-0.2258638,,,,
206744_s_at,0.18854499,0.17276316,,,,
224904_at,0.18855975,0.20376236,,,,
1564510_at,0.18856598,-0.08261781,,,,
218515_at,0.18857791,0.2460412,,,,
241247_at,0.18858405,0.15787311,,,,
239275_at,0.18861298,-0.0747514,,,,
212073_at,0.18862196,0.21570641,,,,
1555798_at,0.18864254,0.14976705,,,,
1555100_at,0.18866399,-0.08950409,,,,
232558_at,0.18868101,-0.09320597,,,,
224609_at,0.18870747,0.32444447,,,,
243518_at,0.18872684,-0.0980623,,,,
241776_at,0.18872986,0.11265941,,,,
243721_at,0.18873808,-0.07657217,,,,
1554393_a_at,0.18874074,-0.17200976,,,,
201672_s_at,0.18874742,0.21453823,,,,
230065_at,0.1887652,0.13976144,,,,
212491_s_at,0.18877083,0.15399771,,,,
213235_at,0.18877845,0.20366625,,,,
217557_s_at,0.18879416,-0.15266239,,,,
224173_s_at,0.18881417,-0.23367333,,,,
232171_x_at,0.18882444,-0.20299512,,,,
1562939_at,0.18885172,-0.09928576,,,,
235670_at,0.18885768,-0.36916104,,,,
236170_x_at,0.18886691,0.26476777,,,,
211979_at,0.1888736,-0.15683583,,,,
207567_at,0.18887683,-0.18024718,,,,
239079_at,0.18887759,-0.25938621,,,,
216595_at,0.18887812,0.31661676,,,,
208399_s_at,0.18888019,-0.42611863,,,,
1552970_s_at,0.18890568,-0.13514225,,,,
1556771_a_at,0.18890776,-0.08243353,,,,
209881_s_at,0.18896819,-0.17735549,,,,
203019_x_at,0.18897232,0.26867545,,,,
215346_at,0.18898001,-0.32952941,,,,
206612_at,0.18898233,0.14126408,,,,
1560859_at,0.18899439,0.16347667,,,,
227123_at,0.18901305,-0.39817991,,,,
229717_at,0.18901403,0.13816193,,,,
1553479_at,0.18901952,-0.09941831,,,,
242794_at,0.18903489,-0.28229009,,,,
213400_s_at,0.18904796,0.32221618,,,,
239249_at,0.18905312,0.08652005,,,,
228260_at,0.18905829,-0.7719872,,,,
237342_at,0.1890654,-0.10136222,,,,
233660_at,0.18910191,-0.22076944,,,,
227641_at,0.18911283,-0.49590836,,,,
242609_x_at,0.18913786,0.11554039,,,,
1555452_at,0.18914138,-0.08611731,,,,
200095_x_at,0.1891469,0.07759571,,,,
210599_at,0.18915176,-0.07079874,,,,
212882_at,0.18915319,-0.13286378,,,,
230760_at,0.18915327,0.67355393,,,,
1560527_at,0.18916066,-0.20374476,,,,
228795_at,0.18917386,-0.10674725,,,,
233042_at,0.18917552,-0.09149101,,,,
237796_at,0.18917976,-0.07248205,,,,
206909_at,0.18921884,-0.06816706,,,,
224394_at,0.1892531,0.17779874,,,,
232751_at,0.18925315,0.28685942,,,,
209091_s_at,0.18925615,-0.17733761,,,,
1569881_at,0.18927883,-0.04719941,,,,
230734_x_at,0.18930037,0.23022256,,,,
232378_at,0.18930582,-0.29431471,,,,
228530_at,0.18931909,-0.41632473,,,,
225504_at,0.18932138,0.1873821,,,,
202694_at,0.18933088,0.24963791,,,,
210151_s_at,0.1893338,0.16314365,,,,
47560_at,0.18933692,-0.35090003,,,,
219624_at,0.1893675,0.22683139,,,,
1552807_a_at,0.18938144,-0.2308482,,,,
1569064_at,0.18939761,-0.07368713,,,,
210665_at,0.18940234,0.59342304,,,,
1562983_at,0.18944747,-0.05594082,,,,
208083_s_at,0.18944904,-0.76268451,,,,
230975_at,0.18945098,-0.07948495,,,,
215924_at,0.18945101,-0.05435114,,,,
224611_s_at,0.18951235,-0.16082077,,,,
200964_at,0.1895247,-0.31915598,,,,
211580_s_at,0.1895301,0.30560741,,,,
242634_at,0.1895599,-0.07450992,,,,
205550_s_at,0.18959167,-0.14883649,,,,
205226_at,0.18959537,0.6407158,,,,
1559276_at,0.18961257,-0.24686803,,,,
222729_at,0.18963275,0.18322724,,,,
239517_at,0.18963321,-0.30625027,,,,
204882_at,0.18966205,-0.2846539,,,,
219920_s_at,0.18967174,-0.17539345,,,,
236410_x_at,0.18972582,-0.08912321,,,,
212302_at,0.18973822,0.14810162,,,,
1553706_at,0.1897399,-0.21278767,,,,
227446_s_at,0.18975317,0.23681532,,,,
232567_at,0.18976385,-0.14447747,,,,
217862_at,0.18977713,0.23236617,,,,
1561026_a_at,0.18978492,-0.08082493,,,,
208220_x_at,0.18981191,-0.07873183,,,,
223017_at,0.18981413,0.14146506,,,,
208672_s_at,0.18982864,0.12505146,,,,
1554752_a_at,0.18983183,-0.09205227,,,,
240416_at,0.18984919,-0.0718782,,,,
218372_at,0.18985736,0.10311466,,,,
1570480_s_at,0.18986299,-0.10527355,,,,
241182_at,0.1898667,-0.06380038,,,,
1554460_at,0.18987965,-0.10985994,,,,
212012_at,0.18988341,0.37628617,,,,
234731_at,0.18988426,0.15166468,,,,
228427_at,0.18989736,0.36612339,,,,
230791_at,0.18991414,0.46529389,,,,
207341_at,0.18991905,-0.09210691,,,,
1556233_s_at,0.18991978,0.08009517,,,,
201512_s_at,0.18995873,0.16550516,,,,
212710_at,0.18996542,0.235843,,,,
230636_s_at,0.18998011,0.30893506,,,,
227417_at,0.1899831,0.55968159,,,,
239242_at,0.18999377,0.15121731,,,,
243626_at,0.18999928,0.11443984,,,,
238354_x_at,0.1900914,0.06855094,,,,
230441_at,0.19010134,0.32296858,,,,
214802_at,0.19011105,0.1494083,,,,
236112_at,0.19012474,0.14979971,,,,
240030_at,0.19012899,-0.12071925,,,,
1560988_a_at,0.19013357,-0.06925541,,,,
207909_x_at,0.19014009,0.23594453,,,,
239811_at,0.19018463,0.28309206,,,,
227444_at,0.19019113,0.46438187,,,,
214524_at,0.19020447,0.096313,,,,
214351_x_at,0.19020528,-0.10914654,,,,
240276_at,0.19023377,-0.08115659,,,,
217040_x_at,0.19026675,-0.13198483,,,,
216554_s_at,0.1902723,-0.3353174,,,,
234145_at,0.19027648,-0.07811525,,,,
228515_at,0.19027944,0.19268197,,,,
237129_at,0.19032116,-0.08333654,,,,
233823_at,0.1903558,-0.15032508,,,,
203102_s_at,0.19035901,0.1617766,,,,
1555478_at,0.1903624,-0.09589556,,,,
1554445_at,0.19041737,0.36532118,,,,
1553214_a_at,0.19043609,0.11287329,,,,
235606_at,0.19047281,0.31232139,,,,
1552557_a_at,0.19047781,0.24392118,,,,
221680_s_at,0.19048158,-0.18056161,,,,
1563065_at,0.19051637,-0.10735784,,,,
222357_at,0.190533,0.30495801,,,,
AFFX-BioB-3_at,0.19054457,-0.28438184,,,,
231652_at,0.19054573,-0.08431003,,,,
208266_at,0.19057391,-0.0713001,,,,
209826_at,0.19057436,0.34122285,,,,
211393_at,0.19061205,-0.07607694,,,,
236823_at,0.19067111,-0.09494776,,,,
236861_at,0.19067604,-0.08377009,,,,
206562_s_at,0.19073724,-0.25340912,,,,
218148_at,0.19074091,-0.16899756,,,,
203949_at,0.19080561,0.12806004,,,,
234220_at,0.19081068,-0.11221005,,,,
208008_at,0.19082893,-0.09924817,,,,
209737_at,0.1908434,0.41288293,,,,
219725_at,0.1908541,-0.30521526,,,,
235680_at,0.19086563,0.17937879,,,,
1552798_a_at,0.19089308,-0.31655289,,,,
1570049_at,0.19092421,-0.07698,,,,
230029_x_at,0.1909323,0.23021768,,,,
218410_s_at,0.19093354,-0.10691354,,,,
1569587_at,0.19093702,-0.0516145,,,,
240482_at,0.1909422,-0.09354818,,,,
230246_at,0.19094459,0.15675331,,,,
242718_at,0.19094883,-0.06182873,,,,
1565577_s_at,0.19095226,0.17166535,,,,
226567_at,0.19095602,0.23379535,,,,
202075_s_at,0.19097501,-0.53690383,,,,
1558849_at,0.19099501,-0.10796393,,,,
37022_at,0.19100371,0.24040764,,,,
237836_at,0.19101762,-0.06641584,,,,
211523_at,0.19106072,0.06582518,,,,
236187_s_at,0.19107225,-0.16592618,,,,
207926_at,0.19108878,0.12071415,,,,
207393_at,0.19111019,-0.07516426,,,,
224856_at,0.19112074,-0.41634466,,,,
214063_s_at,0.19114629,1.32498411,,,,
221517_s_at,0.19115541,0.18357258,,,,
243574_at,0.19117372,-0.08748647,,,,
240412_s_at,0.19117764,0.15477162,,,,
1562144_at,0.19118453,-0.12627524,,,,
205453_at,0.19120669,-0.47665936,,,,
223056_s_at,0.19124296,0.19552252,,,,
230725_at,0.19126124,-0.08447362,,,,
209691_s_at,0.19128147,-0.31063722,,,,
234255_at,0.19128273,-0.09938795,,,,
225745_at,0.19129371,0.30876977,,,,
202497_x_at,0.1912944,-0.42899282,,,,
205317_s_at,0.19129931,-0.22578557,,,,
1553179_at,0.19130543,0.2062449,,,,
220745_at,0.19130734,-0.11075674,,,,
1557805_at,0.19130749,0.186642,,,,
204732_s_at,0.19132203,0.25200073,,,,
214829_at,0.19133206,0.40484526,,,,
218246_at,0.19133304,-0.1211462,,,,
1556432_at,0.19134785,0.17598255,,,,
1559249_at,0.19134935,0.19276749,,,,
213097_s_at,0.19136131,0.20910444,,,,
229407_at,0.19140453,-0.24414437,,,,
213493_at,0.19142098,0.16723975,,,,
215894_at,0.1914228,-0.33929214,,,,
1561429_a_at,0.19146206,-0.07791276,,,,
219670_at,0.19149969,0.4387839,,,,
227992_s_at,0.19153537,-0.26207361,,,,
237760_at,0.19154754,-0.06045427,,,,
215680_at,0.19155485,-0.10041093,,,,
230063_at,0.19158062,-0.27167906,,,,
241215_at,0.19160161,-0.11258966,,,,
221388_at,0.19168096,-0.10644425,,,,
1554985_at,0.19173914,0.17888438,,,,
1553900_s_at,0.19175503,-0.07565331,,,,
201241_at,0.19175704,0.14096653,,,,
210622_x_at,0.19181078,-0.2183489,,,,
220860_at,0.19181514,-0.05911564,,,,
210268_at,0.19182745,-0.11340061,,,,
229608_at,0.19182988,-0.12515287,,,,
213178_s_at,0.19186765,-0.19412086,,,,
233329_s_at,0.19189921,0.25827315,,,,
224332_s_at,0.19190637,0.19127703,,,,
228624_at,0.19190917,-0.40892232,,,,
236255_at,0.19192516,0.29834895,,,,
233302_at,0.19193378,-0.15547095,,,,
207901_at,0.19193518,-0.0754146,,,,
234573_at,0.19193705,-0.10808111,,,,
214657_s_at,0.19194539,-0.48061932,,,,
201642_at,0.1919587,-0.16261677,,,,
206218_at,0.19196626,-0.33061753,,,,
223023_at,0.19198684,-0.12299106,,,,
205381_at,0.19200315,0.67178385,,,,
236164_at,0.19202088,0.27084198,,,,
223019_at,0.19202398,-0.2526536,,,,
219192_at,0.19202701,-0.27354418,,,,
216810_at,0.19203729,-0.0610189,,,,
216878_x_at,0.19204478,-0.09939866,,,,
238579_at,0.19205534,-0.11471125,,,,
212072_s_at,0.19207051,0.1708024,,,,
231532_at,0.19208798,0.11946402,,,,
238563_at,0.19210007,-0.28823746,,,,
229763_at,0.19210508,0.18895404,,,,
1554273_a_at,0.19212072,-0.31680237,,,,
230713_at,0.19214095,0.32108015,,,,
231174_s_at,0.1921483,-0.3202571,,,,
237776_at,0.19216894,-0.11630521,,,,
1566204_at,0.19223065,-0.07865972,,,,
226174_at,0.19223692,-0.19447535,,,,
221723_s_at,0.19224987,-0.0891455,,,,
241595_at,0.19229186,-0.15209968,,,,
239610_at,0.19231574,-0.09367717,,,,
213271_s_at,0.19232511,0.17751836,,,,
237517_at,0.19233311,-0.07443083,,,,
203298_s_at,0.19233483,0.27512308,,,,
244544_at,0.1923384,-0.08596865,,,,
227998_at,0.19234945,0.34035263,,,,
227812_at,0.1923876,0.67945149,,,,
228073_at,0.19241378,0.20972506,,,,
219442_at,0.19242204,-0.14712785,,,,
236208_at,0.19243318,0.21139785,,,,
1557905_s_at,0.19247219,-0.51489445,,,,
1562391_at,0.19251226,-0.09840149,,,,
1557218_s_at,0.19254077,0.17761714,,,,
210444_at,0.19255107,-0.12291376,,,,
243273_at,0.19255145,0.07182674,,,,
206566_at,0.19258138,-0.25539384,,,,
203676_at,0.19258986,-0.22632255,,,,
200986_at,0.19259246,0.57170869,,,,
206620_at,0.19261616,-0.12395537,,,,
221964_at,0.19261894,0.19343478,,,,
1555680_a_at,0.19266608,-0.27051758,,,,
203888_at,0.19266829,0.43065456,,,,
221719_s_at,0.19267012,-0.08232522,,,,
234600_at,0.19268229,-0.06923874,,,,
201318_s_at,0.19275276,0.14474387,,,,
204618_s_at,0.19279271,0.14798433,,,,
219884_at,0.19280416,0.22405637,,,,
231677_at,0.19288948,-0.09704508,,,,
224308_s_at,0.19290356,0.18336707,,,,
218357_s_at,0.19292133,0.1957982,,,,
243556_at,0.19294721,-0.34579353,,,,
201646_at,0.19295579,-0.20415541,,,,
228554_at,0.19296383,-0.57406361,,,,
1560694_at,0.19297054,-0.08371541,,,,
206420_at,0.19300403,-0.39634888,,,,
210293_s_at,0.19300966,0.16928815,,,,
225213_at,0.19301155,-0.20834122,,,,
216380_x_at,0.19302232,-0.14551198,,,,
214034_at,0.19302667,-0.07700072,,,,
1557413_a_at,0.19303035,-0.08203343,,,,
207744_at,0.1930609,0.0655948,,,,
228444_at,0.19306472,-0.24511717,,,,
220835_s_at,0.19306522,-0.06470335,,,,
243715_at,0.19307275,-0.13524108,,,,
211507_s_at,0.19308549,-0.16365527,,,,
226764_at,0.19309698,-0.31541281,,,,
216230_x_at,0.19311086,-0.23674765,,,,
203984_s_at,0.19311298,0.1279866,,,,
1569569_x_at,0.19312111,-0.09601003,,,,
222936_s_at,0.19312269,-0.41670773,,,,
237615_at,0.19316029,-0.06479265,,,,
220858_at,0.19319169,0.24889172,,,,
237642_at,0.19320174,-0.09941713,,,,
229324_x_at,0.19320946,0.15899567,,,,
216104_at,0.19323136,-0.06172739,,,,
215176_x_at,0.19325462,-0.87756686,,,,
1556558_s_at,0.19328544,0.14088087,,,,
219150_s_at,0.19328864,-0.23154922,,,,
35820_at,0.19329028,-0.26907054,,,,
214154_s_at,0.19330095,-0.21705761,,,,
224760_at,0.19331905,-0.10970395,,,,
233310_at,0.1933535,-0.15427084,,,,
1552555_at,0.19335515,-0.1187842,,,,
209808_x_at,0.19335801,-0.17657585,,,,
236202_at,0.19336004,0.3198546,,,,
224920_x_at,0.19336655,-0.29557966,,,,
1559970_at,0.19338935,0.10264122,,,,
1570307_s_at,0.19339034,-0.08863008,,,,
1560625_s_at,0.19340591,-0.13029245,,,,
212326_at,0.19342545,-0.18380581,,,,
217161_x_at,0.19344232,0.15762827,,,,
231405_at,0.19346122,-0.05705256,,,,
238293_at,0.19346968,0.18252408,,,,
1562754_at,0.19347454,-0.09493582,,,,
201177_s_at,0.19348403,0.16786501,,,,
238317_x_at,0.1935235,0.2135852,,,,
1560867_a_at,0.19353227,-0.08167158,,,,
203448_s_at,0.1935393,0.19952474,,,,
206693_at,0.19358639,-0.44458122,,,,
230287_at,0.19367152,-0.21826996,,,,
228570_at,0.19367545,0.543522,,,,
236797_at,0.19369467,-0.06371606,,,,
51226_at,0.19371266,-0.05198054,,,,
241348_at,0.19374401,0.20910688,,,,
204633_s_at,0.19375376,-0.31311575,,,,
231227_at,0.19376684,0.43070905,,,,
1556474_a_at,0.19377053,0.35897692,,,,
230668_at,0.19377385,0.29465849,,,,
228883_at,0.1938026,-0.08474008,,,,
1563456_at,0.19381134,-0.06007791,,,,
222008_at,0.1938438,0.3719896,,,,
243838_at,0.19384409,-0.07101225,,,,
1562091_at,0.19385768,-0.06606669,,,,
223841_s_at,0.19387205,0.0556192,,,,
1566726_at,0.19387241,0.07494629,,,,
235322_at,0.19387661,-0.2017486,,,,
237377_at,0.19396121,0.15006019,,,,
234478_at,0.19399119,0.07670702,,,,
1557107_at,0.19401002,-0.05765147,,,,
202790_at,0.19403948,-0.61972497,,,,
1552576_at,0.19405028,-0.07105093,,,,
243843_at,0.19406168,0.21628129,,,,
1561056_a_at,0.19410363,-0.06941327,,,,
218773_s_at,0.19411351,0.2700262,,,,
1563884_at,0.19415055,-0.08242963,,,,
209272_at,0.19415692,0.29775976,,,,
244612_at,0.19416799,0.15820018,,,,
223200_s_at,0.19417594,0.20383147,,,,
222138_s_at,0.19421803,-0.1833503,,,,
1559228_at,0.19422014,0.05976827,,,,
201248_s_at,0.19422465,-0.21620897,,,,
1565728_at,0.19423174,-0.07126185,,,,
206647_at,0.19423329,-0.0895928,,,,
235658_at,0.19423424,0.32674637,,,,
238282_at,0.19430005,-0.06681739,,,,
214340_at,0.19430267,-0.11275839,,,,
1570253_a_at,0.19431256,-0.195642,,,,
201698_s_at,0.19433709,0.16662795,,,,
1561369_at,0.19439858,-0.06766186,,,,
221330_at,0.1944045,-0.10904613,,,,
216986_s_at,0.19440952,-0.07684068,,,,
1559285_at,0.19443901,-0.05709815,,,,
238081_at,0.19444308,0.36394779,,,,
209833_at,0.19445792,0.19517871,,,,
211055_s_at,0.19448557,-0.11682727,,,,
207322_at,0.19449695,0.0647526,,,,
220690_s_at,0.19451478,0.20039278,,,,
243455_at,0.19452775,-0.13556016,,,,
206493_at,0.19452838,0.14608539,,,,
223808_s_at,0.19453079,0.16440262,,,,
216749_at,0.19453135,-0.08207674,,,,
230823_at,0.19453602,-0.10170182,,,,
220577_at,0.19454107,-0.2696406,,,,
212227_x_at,0.1945597,-0.14035093,,,,
241806_at,0.19457306,-0.05550421,,,,
1554891_at,0.1945978,-0.07383894,,,,
234153_at,0.19460501,-0.08239632,,,,
234348_at,0.19463343,-0.07959039,,,,
232064_at,0.19468871,-0.32371594,,,,
212650_at,0.19469693,0.25206099,,,,
1568763_s_at,0.19470525,-0.28092994,,,,
207582_at,0.19471086,0.07544752,,,,
213240_s_at,0.19471305,0.59140125,,,,
236360_at,0.19474515,0.09480177,,,,
225099_at,0.19474961,0.24512036,,,,
1566324_a_at,0.19477369,0.27443068,,,,
241260_at,0.19479578,-0.05888822,,,,
217568_at,0.19479935,-0.07207864,,,,
221257_x_at,0.19482777,-0.17873885,,,,
1557727_at,0.19485542,-0.08121503,,,,
235794_at,0.19487784,0.07765716,,,,
243355_at,0.19488094,-0.1322112,,,,
1567855_at,0.19493634,-0.10887039,,,,
221059_s_at,0.1949374,-0.2937823,,,,
201103_x_at,0.19495482,0.15836369,,,,
202909_at,0.19496626,0.25057075,,,,
1558176_at,0.19498573,-0.14456703,,,,
244012_x_at,0.19501494,-0.08295978,,,,
231862_at,0.19502759,-0.29076324,,,,
208441_at,0.19502935,-0.07532101,,,,
1560570_a_at,0.19503076,0.10858933,,,,
244646_at,0.19505911,0.20012689,,,,
237424_at,0.19507504,-0.08024608,,,,
1555628_a_at,0.19509146,-0.16042008,,,,
225644_at,0.19511649,0.18575984,,,,
240846_at,0.19511956,-0.08493869,,,,
239180_at,0.19514294,-0.08050056,,,,
1560621_at,0.19515373,-0.10352241,,,,
201067_at,0.19515824,0.18954412,,,,
215608_at,0.19516746,-0.08731482,,,,
226532_at,0.19517804,-0.26608636,,,,
207759_s_at,0.19520064,-0.07739674,,,,
230579_at,0.19520635,0.14576947,,,,
237279_at,0.19526157,-0.08176662,,,,
213389_at,0.19526251,0.08844141,,,,
1559863_a_at,0.19527113,-0.07532787,,,,
223066_at,0.19527186,0.16022301,,,,
227636_at,0.19528838,0.18668844,,,,
227246_at,0.19529521,0.22870011,,,,
235223_at,0.1953119,0.17553228,,,,
244662_at,0.19531547,0.10922353,,,,
242238_at,0.19532105,-0.08382265,,,,
212506_at,0.19534227,-0.12110185,,,,
211059_s_at,0.19534478,0.15284009,,,,
215881_x_at,0.19535391,0.16903795,,,,
209920_at,0.19536173,0.22677189,,,,
212879_x_at,0.19538826,-0.12172476,,,,
217521_at,0.19539542,0.60469577,,,,
219831_at,0.19540861,0.19460768,,,,
218281_at,0.1954164,0.20039399,,,,
221491_x_at,0.19545001,-0.55738205,,,,
230721_at,0.19545095,-0.14579916,,,,
219043_s_at,0.19547343,0.17995329,,,,
212797_at,0.19548413,-0.23102747,,,,
242371_x_at,0.19549979,-0.09119194,,,,
1569925_at,0.19550846,-0.08082747,,,,
202387_at,0.19552191,-0.19739486,,,,
243284_at,0.19552393,-0.09652076,,,,
202829_s_at,0.19557018,0.15885878,,,,
219950_s_at,0.19557413,-0.1468224,,,,
228074_at,0.19560233,-0.14460681,,,,
213749_at,0.19565571,0.21669791,,,,
230677_at,0.19566922,0.34090142,,,,
244466_at,0.19574182,0.0632353,,,,
238471_at,0.19574824,-0.09509749,,,,
231601_at,0.19577273,-0.06635418,,,,
1568749_at,0.19578343,0.06338749,,,,
237871_x_at,0.19578455,-0.08207632,,,,
228179_at,0.19578603,-0.09764481,,,,
224412_s_at,0.19579235,-0.44542475,,,,
244498_x_at,0.19580582,0.15045742,,,,
1552348_at,0.19580682,-0.49251796,,,,
234987_at,0.19582239,-0.39134476,,,,
224539_s_at,0.19586542,-0.17728141,,,,
1553551_s_at,0.19587726,-0.13821257,,,,
237396_at,0.195881,0.09143145,,,,
208206_s_at,0.19588862,-0.19446309,,,,
1568882_at,0.19589992,-0.07410529,,,,
1554131_at,0.19591653,0.08419365,,,,
1559479_at,0.19592327,0.0915219,,,,
239369_at,0.19600851,-0.09385632,,,,
229017_s_at,0.19605149,0.25999939,,,,
226070_at,0.19608313,-0.19710913,,,,
204184_s_at,0.19609625,-0.24060741,,,,
210414_at,0.19609629,-0.15460527,,,,
1562910_at,0.19610259,-0.09913055,,,,
1553340_s_at,0.19611135,-0.08517013,,,,
212002_at,0.19611898,-0.20536735,,,,
243519_at,0.19613465,-0.07638626,,,,
237715_at,0.19614199,-0.07701562,,,,
1563042_at,0.1961562,-0.0658316,,,,
222953_at,0.19616109,-0.30021649,,,,
238393_at,0.19618525,-0.05308982,,,,
206113_s_at,0.19619368,-0.28093878,,,,
240434_at,0.19624077,-0.14947854,,,,
1552716_at,0.19628607,0.34359255,,,,
214428_x_at,0.19629725,0.7838193,,,,
218982_s_at,0.19629726,0.22129847,,,,
214538_x_at,0.19630161,-0.08590204,,,,
233422_at,0.19631265,-0.09288208,,,,
243731_at,0.19633048,-0.11901529,,,,
228911_at,0.19633072,0.10431308,,,,
1569206_at,0.19637734,-0.09141277,,,,
236026_at,0.19638065,0.34015535,,,,
235710_at,0.19642009,-0.10897514,,,,
239829_at,0.19642324,0.08662481,,,,
232387_at,0.19647513,-0.13431113,,,,
204849_at,0.1964929,0.26831061,,,,
228181_at,0.19649962,0.24232772,,,,
217196_s_at,0.19653442,0.28682708,,,,
229282_at,0.19656007,0.11683345,,,,
225550_at,0.19658519,0.16214641,,,,
222177_s_at,0.19665426,-0.09269741,,,,
204378_at,0.19665922,-0.45840861,,,,
212962_at,0.19669297,-0.09266196,,,,
224735_at,0.1967008,-0.17545598,,,,
219375_at,0.19670697,-0.15252618,,,,
1554433_a_at,0.19670869,-0.2349919,,,,
215923_s_at,0.19671164,-0.34331637,,,,
213917_at,0.19675642,-0.21854285,,,,
204856_at,0.19677248,-0.52597132,,,,
228521_s_at,0.19678083,-0.14105608,,,,
203091_at,0.19684498,-0.14039501,,,,
1552686_at,0.19686448,-0.07370699,,,,
1557873_at,0.19686648,-0.0906409,,,,
220074_at,0.19689814,-0.2966765,,,,
218594_at,0.19690266,0.17690915,,,,
216908_x_at,0.1969512,-0.17739914,,,,
234054_at,0.19695995,-0.09729206,,,,
243086_at,0.19696394,-0.07876652,,,,
1556568_a_at,0.19699242,0.18977044,,,,
1556057_s_at,0.19699739,-0.48772507,,,,
225080_at,0.19703056,0.18250967,,,,
215878_at,0.1970643,-0.05678166,,,,
217807_s_at,0.19707066,-0.17093922,,,,
203087_s_at,0.19709727,0.20297725,,,,
223669_at,0.19712442,-0.06544745,,,,
1552768_at,0.19713523,-0.08476171,,,,
205762_s_at,0.19715923,0.18303756,,,,
201167_x_at,0.19721758,-0.24145985,,,,
1552536_at,0.19725541,0.10402106,,,,
214879_x_at,0.19727322,-0.10487026,,,,
58780_s_at,0.19728371,0.28059266,,,,
1569465_at,0.19729903,-0.09726611,,,,
229639_s_at,0.19730839,0.07685181,,,,
227058_at,0.19732333,0.55630952,,,,
217379_at,0.19736047,-0.12253379,,,,
240874_at,0.19736215,-0.05533132,,,,
235003_at,0.19737001,-0.31570674,,,,
227278_at,0.19737732,0.17677585,,,,
205088_at,0.19740823,0.31587631,,,,
206151_x_at,0.1974156,-0.10292825,,,,
205451_at,0.19742913,-0.15250525,,,,
203067_at,0.19746114,0.2071172,,,,
1557604_at,0.19747744,-0.08359535,,,,
205707_at,0.19747937,-0.11685981,,,,
244080_at,0.19749944,0.28513148,,,,
1569466_at,0.19750209,0.07383635,,,,
203147_s_at,0.1975261,-0.23737842,,,,
1563295_at,0.19753809,-0.09584138,,,,
1552917_at,0.19755723,-0.08274605,,,,
202199_s_at,0.19757781,-0.1922636,,,,
234836_at,0.19763882,-0.07490381,,,,
221034_s_at,0.19765318,-0.09138171,,,,
237699_at,0.19765374,-0.06413876,,,,
220372_at,0.19766723,0.17313001,,,,
1553276_at,0.19768072,0.11157649,,,,
243665_s_at,0.19768735,-0.10163076,,,,
1557538_at,0.19769831,0.12699126,,,,
222052_at,0.19771248,-0.20597436,,,,
211822_s_at,0.19771568,-0.17127749,,,,
220998_s_at,0.19774904,-0.14933683,,,,
219359_at,0.19780475,-0.23186449,,,,
1569879_a_at,0.1978084,-0.10035955,,,,
235768_at,0.19781986,-0.16958863,,,,
218960_at,0.19784444,-0.75532891,,,,
1556989_at,0.19785014,0.12208587,,,,
207993_s_at,0.1978572,-0.38582083,,,,
217604_at,0.19788471,0.23027893,,,,
230848_s_at,0.19788922,-0.17056613,,,,
216708_x_at,0.19793511,-0.20957163,,,,
237143_at,0.1979838,-0.08488974,,,,
224199_at,0.19800211,0.07035549,,,,
1560171_at,0.19800804,0.16294018,,,,
226255_at,0.19801205,0.17201324,,,,
227199_at,0.1980368,0.16608467,,,,
1556401_a_at,0.19805789,0.07538435,,,,
224160_s_at,0.19809428,0.15973061,,,,
211108_s_at,0.19809645,-0.08213653,,,,
215169_at,0.19809867,-0.30894421,,,,
1554705_at,0.19810348,0.125042,,,,
1561094_a_at,0.19812201,0.40481715,,,,
235925_at,0.19812314,0.32228716,,,,
211056_s_at,0.19813278,0.27056003,,,,
213092_x_at,0.19813999,0.25465588,,,,
223383_at,0.19819185,0.25722994,,,,
235630_at,0.19820719,-0.17740833,,,,
1554428_s_at,0.19821109,-0.09828683,,,,
1562073_at,0.19822156,-0.06972662,,,,
1562603_at,0.19822952,-0.17591279,,,,
205740_s_at,0.19824283,-0.23130668,,,,
207816_at,0.19825877,-0.09840576,,,,
224768_at,0.19826242,0.12899196,,,,
203308_x_at,0.19831351,-0.12084523,,,,
203906_at,0.19833912,0.22275649,,,,
232174_at,0.19837771,0.40568419,,,,
230744_at,0.19837821,0.54072816,,,,
222449_at,0.19838294,-0.49143142,,,,
210981_s_at,0.19841706,-0.15154026,,,,
217881_s_at,0.19841943,0.18812563,,,,
211548_s_at,0.19842956,-0.78735821,,,,
218226_s_at,0.19845861,0.1328394,,,,
215351_at,0.19846055,0.1158162,,,,
204566_at,0.19851858,0.21840395,,,,
225064_at,0.19853832,0.23838621,,,,
207863_at,0.19855055,-0.11208107,,,,
219917_at,0.19859814,-0.14760801,,,,
1555928_at,0.19860717,0.14285408,,,,
234415_x_at,0.19861263,-0.13758383,,,,
1555793_a_at,0.19862363,0.3388512,,,,
221985_at,0.19865917,0.22268828,,,,
219325_s_at,0.19871567,0.15473087,,,,
230175_s_at,0.19874112,0.37246519,,,,
212743_at,0.19875134,-0.11767978,,,,
1562173_a_at,0.19878503,-0.07615528,,,,
211396_at,0.19880063,-0.10819835,,,,
1561492_at,0.19881145,-0.06364966,,,,
207100_s_at,0.19885173,-0.08800341,,,,
238367_s_at,0.19885768,0.11692592,,,,
211543_s_at,0.19888096,-0.20056639,,,,
226387_at,0.19888826,0.14883635,,,,
229098_s_at,0.19891509,-0.1171465,,,,
202665_s_at,0.19895459,-0.24956544,,,,
232673_at,0.19896128,-0.05392707,,,,
211965_at,0.19898057,-0.32445929,,,,
1558651_at,0.19900727,0.07866928,,,,
244599_at,0.19905429,-0.07718786,,,,
1563038_at,0.19906468,-0.0661738,,,,
234314_at,0.19910389,-0.34464589,,,,
1570285_at,0.19916666,-0.11591172,,,,
1553346_a_at,0.19916927,-0.14398953,,,,
244490_at,0.19917545,0.10992449,,,,
224339_s_at,0.19920323,0.39704075,,,,
1559039_at,0.19920841,0.14127347,,,,
217286_s_at,0.1992292,-0.18746509,,,,
231713_s_at,0.19923964,0.15450729,,,,
208854_s_at,0.19926708,-0.29048527,,,,
208597_at,0.19928312,-0.11679255,,,,
1554451_s_at,0.19930799,-0.2783995,,,,
224245_at,0.19935942,-0.0703477,,,,
232473_at,0.19937453,0.27627057,,,,
220214_at,0.19937545,-0.18456618,,,,
1559814_at,0.19940175,0.09970869,,,,
226421_at,0.19940503,0.33160355,,,,
212645_x_at,0.19941071,-0.11803112,,,,
1556516_at,0.19943245,-0.07089322,,,,
224536_s_at,0.19943581,-0.09102144,,,,
1566218_at,0.19945635,-0.09327699,,,,
238202_at,0.19946892,-0.10806845,,,,
1563913_at,0.19947168,-0.08354268,,,,
239571_at,0.19947654,0.27835577,,,,
232530_at,0.19948976,0.32490498,,,,
214434_at,0.19949336,0.39438485,,,,
212753_at,0.19951182,0.21897606,,,,
1558675_s_at,0.19956087,0.15787012,,,,
224986_s_at,0.19959308,-0.12464118,,,,
208091_s_at,0.19961677,-0.17388687,,,,
209057_x_at,0.19961685,-0.10547805,,,,
221638_s_at,0.19963825,-0.27272874,,,,
236785_at,0.19963951,-0.099764,,,,
222619_at,0.19964173,0.24476409,,,,
217086_at,0.19965029,-0.0789068,,,,
237858_s_at,0.1997133,-0.07406108,,,,
1555353_at,0.199718,0.06456311,,,,
223013_at,0.1997314,0.17128848,,,,
244137_at,0.19974548,-0.11165572,,,,
234719_at,0.19975391,-0.08136826,,,,
219003_s_at,0.19975587,0.26029248,,,,
239947_at,0.19977544,0.10221723,,,,
219528_s_at,0.19982024,-0.53613334,,,,
215010_s_at,0.19984018,-0.12619299,,,,
210502_s_at,0.19984635,0.15983692,,,,
235871_at,0.1998507,-0.56653506,,,,
205259_at,0.19989154,-0.44340514,,,,
206761_at,0.19993314,-0.2826351,,,,
243913_at,0.19997998,-0.09315266,,,,
214079_at,0.19998979,0.69325252,,,,
200969_at,0.20004259,0.19876455,,,,
235821_at,0.20005309,0.3938466,,,,
200043_at,0.20006517,0.13678701,,,,
224716_at,0.20008014,0.20454644,,,,
217914_at,0.20012245,-0.17018189,,,,
232207_at,0.20012977,0.17769378,,,,
226508_at,0.20013298,0.1831108,,,,
1562845_at,0.20015008,-0.06195557,,,,
230731_x_at,0.2001606,-0.07414938,,,,
201444_s_at,0.20017882,-0.19564877,,,,
236390_at,0.20018112,0.23903418,,,,
244357_at,0.20023538,-0.10900408,,,,
1557706_at,0.20023799,-0.09904943,,,,
241089_at,0.20024233,-0.0847277,,,,
232930_at,0.20024908,0.07909728,,,,
212898_at,0.20026161,0.22470621,,,,
1570198_x_at,0.2003183,-0.1206666,,,,
209493_at,0.20034941,0.60677163,,,,
202814_s_at,0.20035092,0.24128801,,,,
205964_at,0.20035537,-0.22776065,,,,
200663_at,0.20037618,-0.1690976,,,,
1560935_s_at,0.20039416,-0.08094753,,,,
227843_at,0.20040062,-0.14252754,,,,
229090_at,0.20040974,0.33692094,,,,
225877_at,0.20043885,0.19510589,,,,
227884_at,0.20045054,0.21274192,,,,
238287_at,0.20047758,-0.15819891,,,,
232147_at,0.20049354,-0.12646682,,,,
231027_at,0.20050226,-0.08073266,,,,
237091_at,0.20051423,0.08609785,,,,
223911_at,0.20057501,-0.09262227,,,,
1561995_at,0.20058617,-0.08244229,,,,
210054_at,0.20060572,0.21666331,,,,
200008_s_at,0.20067032,-0.2061557,,,,
236357_at,0.20069821,0.12696244,,,,
206830_at,0.20070269,-0.06558008,,,,
216320_x_at,0.20071295,0.54569738,,,,
206400_at,0.20072744,0.92645175,,,,
212741_at,0.20073059,-0.54713714,,,,
239534_at,0.20073541,-0.08417043,,,,
217688_at,0.20073543,0.0817169,,,,
242860_at,0.20073822,-0.08424471,,,,
215155_at,0.20074289,-0.12159177,,,,
1562194_at,0.20076924,-0.18156202,,,,
230120_s_at,0.20078141,0.61915475,,,,
1553023_a_at,0.20078533,-0.36036689,,,,
228261_at,0.20079092,-0.24493101,,,,
1553749_at,0.20080056,-0.45967879,,,,
240694_at,0.200811,-0.07810579,,,,
209588_at,0.20081717,-0.24121573,,,,
208777_s_at,0.20082535,0.18654693,,,,
213167_s_at,0.20082843,-0.25695116,,,,
230227_at,0.20083944,-0.08013352,,,,
243662_at,0.20084684,-0.08938044,,,,
213203_at,0.20091044,0.12965906,,,,
202788_at,0.20091888,-0.21443678,,,,
1569403_at,0.20093823,-0.2075603,,,,
241411_at,0.20094736,-0.15536022,,,,
220834_at,0.20097372,-0.41918196,,,,
231131_at,0.20099688,0.21913953,,,,
233526_at,0.20100981,-0.07827631,,,,
1557143_at,0.20107146,-0.18078199,,,,
201354_s_at,0.20115903,-0.12646614,,,,
213109_at,0.20116296,0.29564678,,,,
239722_at,0.20119817,-0.10220984,,,,
1552987_a_at,0.20122969,-0.06240767,,,,
210784_x_at,0.20124078,-0.18629838,,,,
218845_at,0.20128569,0.20572557,,,,
210447_at,0.2012923,0.3866585,,,,
1563872_at,0.20129428,-0.07912181,,,,
1561663_at,0.20131473,0.0549327,,,,
1563327_a_at,0.20131892,-0.10698158,,,,
202301_s_at,0.20133284,0.1457411,,,,
213632_at,0.20139082,0.40413079,,,,
216417_x_at,0.20142822,-0.40080083,,,,
1564813_at,0.20145102,-0.0632861,,,,
233234_at,0.20145418,-0.13781809,,,,
243496_at,0.2014612,0.25112824,,,,
223893_at,0.20147396,-0.12324807,,,,
226823_at,0.20150896,-0.13414372,,,,
218606_at,0.20151724,-0.1966301,,,,
228116_at,0.2015181,0.38174296,,,,
230178_s_at,0.20154597,0.26148288,,,,
1558945_s_at,0.20155327,-0.09330281,,,,
214400_at,0.20156913,0.21591301,,,,
238909_at,0.20157013,-0.3613586,,,,
207583_at,0.20157844,-0.07250458,,,,
230829_at,0.20161232,-0.08613946,,,,
220697_at,0.2016321,-0.05077466,,,,
225674_at,0.20164326,0.18535991,,,,
236841_at,0.20170185,0.33388449,,,,
205928_at,0.20174087,0.24709282,,,,
1555602_a_at,0.20174267,-0.0755337,,,,
227733_at,0.20177645,-0.22838641,,,,
219110_at,0.20180043,0.16494512,,,,
234191_at,0.20180537,-0.0625434,,,,
1556030_at,0.20180606,-0.07050433,,,,
237185_at,0.20182249,-0.11503435,,,,
230622_at,0.20184502,0.17005991,,,,
228451_at,0.20185444,0.08504482,,,,
212130_x_at,0.20185696,-0.12943929,,,,
1569666_s_at,0.20185958,0.13616619,,,,
240188_at,0.20186847,0.15397065,,,,
240919_at,0.20188095,-0.10690814,,,,
217643_x_at,0.20192334,0.10566821,,,,
215880_at,0.20194151,-0.09507154,,,,
236033_at,0.20195052,-0.12630658,,,,
238493_at,0.20196949,0.3588119,,,,
234212_at,0.20197134,0.06462275,,,,
243851_at,0.20199498,0.17328272,,,,
244180_at,0.20199949,0.22898383,,,,
232936_at,0.20204086,0.09414767,,,,
221355_at,0.20204967,-0.09448338,,,,
225133_at,0.20206578,-0.18518091,,,,
235130_at,0.20209366,0.17726252,,,,
211039_at,0.20216674,-0.10128719,,,,
1560439_at,0.20218945,-0.08502204,,,,
216189_at,0.20220629,-0.08244692,,,,
1556798_a_at,0.20222862,-0.16855621,,,,
216824_at,0.20226073,-0.10040515,,,,
213265_at,0.20227181,0.234369,,,,
1569665_at,0.2023001,-0.07991443,,,,
204214_s_at,0.2023155,-0.26686166,,,,
1562065_at,0.20231759,-0.06861435,,,,
216090_x_at,0.20232979,-0.10405743,,,,
212601_at,0.20235373,-0.1271505,,,,
208181_at,0.20236516,0.14343971,,,,
220123_at,0.20236775,-0.33968562,,,,
213088_s_at,0.2023681,0.20746572,,,,
200084_at,0.20238326,0.11160948,,,,
207414_s_at,0.20238611,0.60273054,,,,
240360_at,0.20239057,-0.06625014,,,,
237241_at,0.20244468,-0.1514689,,,,
204976_s_at,0.20245685,0.30376662,,,,
228881_at,0.20245921,-0.33807536,,,,
209385_s_at,0.2024698,0.23131434,,,,
1553781_at,0.20248331,0.12048877,,,,
231360_at,0.20251895,-0.09773397,,,,
234211_at,0.20253345,-0.09186309,,,,
204623_at,0.20255482,-0.98536317,,,,
220728_at,0.20256696,0.16901355,,,,
217565_at,0.20259161,-0.05290846,,,,
60528_at,0.20268248,-0.12111912,,,,
230551_at,0.20271963,-0.17244581,,,,
1556269_at,0.20272875,-0.14212583,,,,
238820_at,0.20276712,-0.07828634,,,,
202306_at,0.20276981,0.15334425,,,,
1559336_at,0.2027846,0.60207999,,,,
207307_at,0.20281454,0.33751886,,,,
202858_at,0.20281961,0.15221712,,,,
238991_at,0.20282748,-0.10839059,,,,
213506_at,0.20288765,-0.6278673,,,,
227333_at,0.20293975,-0.17981906,,,,
221027_s_at,0.20295738,0.2163645,,,,
1557388_at,0.20296335,-0.155349,,,,
237380_at,0.20297001,-0.08371233,,,,
229393_at,0.20299091,0.21675414,,,,
1561219_x_at,0.20299286,-0.08022439,,,,
1562271_x_at,0.20303981,-0.0810507,,,,
237218_at,0.20306201,0.0781181,,,,
AFFX-r2-P1-cre-3_at,0.20306708,-0.10394763,,,,
242348_at,0.2030675,0.11071634,,,,
205677_s_at,0.20307261,-0.24260662,,,,
213522_s_at,0.20311557,-0.10058236,,,,
219148_at,0.20312741,0.42886854,,,,
225507_at,0.20313169,-0.22413542,,,,
219268_at,0.20317893,0.36800539,,,,
217964_at,0.20319063,0.19342019,,,,
203161_s_at,0.20319952,-0.09881283,,,,
221085_at,0.20323749,-0.26400503,,,,
1553973_a_at,0.20327326,-0.30164545,,,,
239351_at,0.20328104,0.08407672,,,,
218029_at,0.20329233,-0.17571129,,,,
235183_at,0.20330051,0.4174926,,,,
203726_s_at,0.20330131,-0.6755743,,,,
1553830_s_at,0.20334227,0.37897431,,,,
1555902_at,0.20334266,0.18526558,,,,
222504_s_at,0.20337679,0.14673451,,,,
236063_at,0.2034057,-0.06293564,,,,
226554_at,0.2034185,-0.17005745,,,,
1561976_at,0.20342501,-0.0777266,,,,
223018_at,0.20343149,-0.21705289,,,,
218201_at,0.20345726,0.16321745,,,,
205126_at,0.2035883,0.17435824,,,,
210152_at,0.20359156,-0.30753383,,,,
1553734_at,0.20360027,-0.23633549,,,,
222876_s_at,0.20361942,-0.25342533,,,,
240197_at,0.20362878,-0.08585033,,,,
207672_at,0.20362981,0.06249035,,,,
1554723_x_at,0.20363315,0.04254042,,,,
203947_at,0.20368072,0.15267639,,,,
237693_at,0.20369257,-0.07124574,,,,
214258_x_at,0.20369718,-0.15502121,,,,
232990_at,0.20371774,0.20407583,,,,
210368_at,0.20371776,0.08440561,,,,
211868_x_at,0.20371816,-0.42965333,,,,
220008_at,0.20372593,-0.08679798,,,,
1555382_at,0.20373241,-0.1030003,,,,
233269_at,0.20375037,-0.18503201,,,,
1554946_at,0.20375321,-0.08235095,,,,
235656_s_at,0.20375434,0.13882825,,,,
222309_at,0.20377305,0.34120137,,,,
244062_at,0.2038117,-0.09877158,,,,
209926_at,0.20382379,-0.17703479,,,,
236686_at,0.20382824,-0.07917489,,,,
205614_x_at,0.20383273,0.52130359,,,,
216412_x_at,0.20383394,-0.37376512,,,,
233027_at,0.20385268,-0.11888393,,,,
209314_s_at,0.20386388,0.21912403,,,,
237151_s_at,0.20386946,-0.12787801,,,,
230897_at,0.20388345,-0.0871908,,,,
211152_s_at,0.20390207,0.13035781,,,,
1554635_a_at,0.20391762,-0.09945253,,,,
209764_at,0.20391807,-0.22842427,,,,
244746_at,0.20394797,-0.08128405,,,,
221853_s_at,0.20396138,0.18298213,,,,
201084_s_at,0.20396591,0.12756045,,,,
219820_at,0.20397858,0.20191442,,,,
207397_s_at,0.20398003,0.40251429,,,,
212706_at,0.20409128,-0.38680214,,,,
227803_at,0.20411099,0.69277765,,,,
219403_s_at,0.20412188,-0.31022109,,,,
205791_x_at,0.20413523,0.18402471,,,,
230769_at,0.2041452,0.32810205,,,,
239107_at,0.20414558,0.15679968,,,,
225128_at,0.20416908,0.26917019,,,,
228764_s_at,0.20423771,0.2270165,,,,
211982_x_at,0.20424062,-0.13134574,,,,
205651_x_at,0.20428215,0.46999043,,,,
201276_at,0.20428364,-0.13167157,,,,
1561251_at,0.20428519,-0.07216163,,,,
217976_s_at,0.20429232,0.17206498,,,,
231581_at,0.20429569,0.07074212,,,,
227951_s_at,0.20436006,-0.16488005,,,,
236661_at,0.20436613,0.0883718,,,,
204913_s_at,0.2043786,0.43587977,,,,
244409_at,0.2043961,-0.1147061,,,,
229395_at,0.20439679,-0.15059994,,,,
217137_x_at,0.2044085,0.15861433,,,,
215650_at,0.204411,-0.07116014,,,,
244588_at,0.20442054,-0.07352178,,,,
206799_at,0.20443629,-0.9196028,,,,
1552674_at,0.20445393,-0.05402455,,,,
219762_s_at,0.20456027,-0.15442398,,,,
1566690_at,0.20456597,-0.07729839,,,,
218083_at,0.20457537,-0.17505343,,,,
212444_at,0.20459206,-0.8439382,,,,
220862_s_at,0.204602,0.09320612,,,,
203485_at,0.20460767,-0.58663607,,,,
224911_s_at,0.20461119,0.37668979,,,,
220310_at,0.20461427,-0.40289887,,,,
229772_at,0.20463266,-0.09767586,,,,
229925_at,0.20463489,-0.14442982,,,,
1557162_at,0.20465185,-0.06771171,,,,
208229_at,0.20465709,-0.30212946,,,,
207692_s_at,0.20468207,0.16713023,,,,
212497_at,0.20469327,-0.20577818,,,,
1555335_at,0.20471786,-0.06797826,,,,
233138_at,0.20471965,-0.09702203,,,,
212535_at,0.20473206,0.22520971,,,,
202672_s_at,0.20473899,-0.29044492,,,,
214228_x_at,0.20475706,-0.16423075,,,,
238475_at,0.20478343,0.18186067,,,,
204398_s_at,0.20478572,-0.23941534,,,,
203846_at,0.20479357,0.17187206,,,,
1559188_x_at,0.20485553,-0.09342518,,,,
230766_at,0.20487579,0.32557393,,,,
223978_s_at,0.20489116,0.21593895,,,,
212655_at,0.20489968,-0.20859562,,,,
1569776_at,0.20489986,-0.09767295,,,,
201571_s_at,0.20494365,-0.23697494,,,,
226140_s_at,0.20494803,-0.19288762,,,,
201738_at,0.20495669,-0.11424939,,,,
1561850_at,0.20496049,-0.1216695,,,,
205121_at,0.2049666,-0.1960219,,,,
234068_s_at,0.2049743,-0.21597923,,,,
222023_at,0.20498997,-0.09614843,,,,
223027_at,0.20499096,-0.20443607,,,,
1567705_at,0.20499211,-0.07519698,,,,
224402_s_at,0.20499619,-0.08742468,,,,
1553072_at,0.20502627,0.24300918,,,,
1563208_s_at,0.20505066,-0.07492885,,,,
1555427_s_at,0.20505588,0.19208842,,,,
221596_s_at,0.20507399,0.14849273,,,,
1558607_at,0.20510784,0.08072089,,,,
220648_at,0.2051691,-0.13312775,,,,
242484_at,0.20518879,-0.09571288,,,,
215443_at,0.20519275,-0.07924311,,,,
219072_at,0.20520804,-0.14789573,,,,
200827_at,0.20521636,0.23721596,,,,
227860_at,0.20522879,0.64794603,,,,
242886_at,0.20525386,0.17897343,,,,
214464_at,0.20527189,0.32993012,,,,
1568787_at,0.20527366,0.09285247,,,,
1564794_at,0.20529709,0.06886112,,,,
1558668_s_at,0.20530885,0.12783794,,,,
1558748_at,0.20532209,-0.19497778,,,,
202328_s_at,0.20534433,-0.15587199,,,,
1556429_a_at,0.20534672,-0.2355408,,,,
227523_s_at,0.2053556,0.20651041,,,,
225350_s_at,0.20537009,0.16265555,,,,
220101_x_at,0.20537919,-0.07008803,,,,
243012_at,0.20538102,0.14403552,,,,
221302_at,0.2053935,-0.13397702,,,,
202743_at,0.20541243,0.41411896,,,,
204763_s_at,0.20542042,-0.20317295,,,,
227362_at,0.2054684,0.10590313,,,,
230980_x_at,0.2054863,0.13386799,,,,
244582_at,0.20548836,-0.06355787,,,,
239263_at,0.20551057,-0.08424304,,,,
203375_s_at,0.20551637,-0.23523368,,,,
203722_at,0.20551976,0.60173652,,,,
239511_s_at,0.20552155,-0.07776024,,,,
213059_at,0.2055503,-0.36804145,,,,
242734_x_at,0.20555916,-0.14746568,,,,
237166_at,0.20557794,-0.27902234,,,,
219699_at,0.20558562,-0.11786193,,,,
211114_x_at,0.20560306,0.23641179,,,,
218737_at,0.20561642,0.17600639,,,,
227382_at,0.20562407,-0.30466807,,,,
243375_at,0.2056331,-0.14616327,,,,
243038_at,0.2056485,0.18700752,,,,
224503_s_at,0.20569354,0.16355152,,,,
239227_at,0.20570372,0.20866336,,,,
204335_at,0.20570491,-0.12624434,,,,
227718_at,0.20571182,0.19953779,,,,
205777_at,0.20572482,0.34999501,,,,
218813_s_at,0.20575349,-0.26577053,,,,
204814_at,0.20575846,-0.22991198,,,,
207742_s_at,0.20576046,-0.10822458,,,,
1557874_at,0.20576236,-0.06491076,,,,
207632_at,0.20577,-0.07645484,,,,
217148_x_at,0.20578882,-0.60198654,,,,
236131_at,0.20580075,0.17833716,,,,
203016_s_at,0.20580846,0.29256821,,,,
203559_s_at,0.20583496,-0.92714328,,,,
235154_at,0.20584737,0.15929786,,,,
231203_at,0.20584936,-0.07282324,,,,
226153_s_at,0.20585514,-0.14561217,,,,
1569073_x_at,0.2058755,0.09786195,,,,
209648_x_at,0.20589116,0.23838809,,,,
214767_s_at,0.20589981,-0.17500702,,,,
208485_x_at,0.20590032,-0.22602088,,,,
228715_at,0.2059019,-0.22989501,,,,
215452_x_at,0.20590493,0.13980306,,,,
205686_s_at,0.2059104,-0.29792939,,,,
234807_x_at,0.20591183,-0.12596818,,,,
231263_at,0.20591979,-0.09877427,,,,
217225_x_at,0.20592154,0.15817561,,,,
209084_s_at,0.20593293,0.21756375,,,,
201718_s_at,0.20593676,-0.37024407,,,,
1555609_a_at,0.2059377,-0.32588079,,,,
238240_at,0.20593972,0.08630351,,,,
214199_at,0.20596508,-0.53102716,,,,
232367_x_at,0.20597814,-0.10256934,,,,
221764_at,0.20598251,-0.2616034,,,,
204663_at,0.20599315,-0.2812123,,,,
222912_at,0.20601115,-0.32089739,,,,
239485_at,0.2060137,-0.08053611,,,,
241843_at,0.20604752,-0.24068847,,,,
1558078_at,0.20607258,0.30346263,,,,
207292_s_at,0.20607302,0.11860365,,,,
221643_s_at,0.20607966,-0.24782354,,,,
226150_at,0.20611665,0.36013016,,,,
220641_at,0.20615551,-0.35134328,,,,
225288_at,0.20616796,0.38457849,,,,
235449_at,0.20617561,-0.22910442,,,,
206588_at,0.20626288,-0.14079772,,,,
239983_at,0.20626985,0.44792009,,,,
237687_at,0.20627056,-0.08291899,,,,
239686_at,0.20630993,-0.08470608,,,,
206180_x_at,0.20631356,-0.10252035,,,,
227144_at,0.20632493,-0.18203169,,,,
206643_at,0.20632749,0.95445049,,,,
202875_s_at,0.2063349,0.17928565,,,,
232391_at,0.20633862,-0.08135688,,,,
224466_s_at,0.20633866,-0.10395798,,,,
214035_x_at,0.20634103,-0.18913492,,,,
226526_s_at,0.20634608,0.12204263,,,,
237652_at,0.20634623,-0.09408662,,,,
201199_s_at,0.20637691,0.11932813,,,,
216011_at,0.20638529,-0.09630324,,,,
219712_s_at,0.20639788,-0.0825819,,,,
240179_at,0.20639804,-0.0517562,,,,
242006_at,0.20640766,0.28388788,,,,
230380_at,0.2064348,0.2995172,,,,
212703_at,0.20644366,0.22046987,,,,
223167_s_at,0.2064799,0.20811917,,,,
234468_at,0.20652772,-0.06930913,,,,
218198_at,0.20654826,0.18713515,,,,
222897_s_at,0.20656699,-0.17150228,,,,
207679_at,0.20659178,-0.10256567,,,,
224975_at,0.20668144,0.36811969,,,,
211225_at,0.2066833,0.09070278,,,,
214297_at,0.20668825,0.41998841,,,,
204841_s_at,0.20673952,0.24795533,,,,
205181_at,0.2067469,0.17408957,,,,
200096_s_at,0.20675814,-0.19376669,,,,
1559005_s_at,0.20677042,0.23231334,,,,
211136_s_at,0.20677431,-0.30982616,,,,
208957_at,0.20678117,0.1443874,,,,
242246_x_at,0.20682784,-0.08893085,,,,
214004_s_at,0.20683229,0.22659328,,,,
204846_at,0.20688953,1.06312358,,,,
203621_at,0.20690124,0.12750305,,,,
225782_at,0.20690685,0.43286494,,,,
211050_x_at,0.20692872,-0.12170146,,,,
236551_at,0.20693191,0.2308349,,,,
205785_at,0.20693532,-0.11184206,,,,
205166_at,0.20694301,-0.29937004,,,,
211045_s_at,0.2069578,-0.13297159,,,,
201369_s_at,0.20696286,-0.25722213,,,,
226103_at,0.20697185,0.50549243,,,,
224874_at,0.20698116,-0.21524859,,,,
230749_s_at,0.20701435,0.1024802,,,,
230779_at,0.20705111,-0.17374661,,,,
210479_s_at,0.20708982,0.38414096,,,,
215337_at,0.20711042,-0.10499212,,,,
208895_s_at,0.2071188,0.16894347,,,,
234481_at,0.20717285,-0.09496417,,,,
1558181_at,0.20717473,-0.09663931,,,,
220218_at,0.20717526,-0.07255919,,,,
212325_at,0.20720864,0.46503446,,,,
240970_x_at,0.20725865,-0.06961545,,,,
232841_at,0.20726211,-0.08294464,,,,
229973_at,0.20729897,-0.20305035,,,,
1570471_at,0.20730361,0.07078159,,,,
205480_s_at,0.20737517,0.21144445,,,,
217107_at,0.20737958,-0.12623006,,,,
1553730_x_at,0.20738709,-0.11052404,,,,
208706_s_at,0.20739712,0.14286276,,,,
243853_at,0.20741174,-0.09300888,,,,
206321_at,0.20741684,0.0784626,,,,
208600_s_at,0.2074213,-0.2953254,,,,
241307_at,0.20742381,-0.10002337,,,,
1561254_at,0.20744483,-0.26815885,,,,
210237_at,0.20745797,-0.19616496,,,,
1560937_at,0.20746796,-0.06435489,,,,
217501_at,0.20746948,0.10599758,,,,
229026_at,0.20749077,-0.29400676,,,,
212875_s_at,0.20749777,0.26032556,,,,
244624_at,0.20750449,0.10039677,,,,
233336_at,0.20751803,-0.08932045,,,,
208084_at,0.20751828,-0.52546554,,,,
236404_at,0.20751852,0.26645345,,,,
1568735_at,0.20752767,0.14622224,,,,
241525_at,0.20753513,0.14474035,,,,
202230_s_at,0.20754842,0.15197524,,,,
1569110_x_at,0.20755168,-0.58447294,,,,
1566490_at,0.20755989,-0.08306328,,,,
243812_at,0.20757251,-0.079505,,,,
244799_s_at,0.20763293,-0.09085012,,,,
1555668_a_at,0.20764777,-0.067716,,,,
242396_at,0.20768358,0.24881227,,,,
1566539_at,0.20771358,0.08454202,,,,
228008_at,0.20773769,-0.3805312,,,,
1558117_s_at,0.20775287,0.20390496,,,,
209430_at,0.20776136,0.18685261,,,,
239703_at,0.20779101,-0.07065425,,,,
1563522_at,0.20779721,-0.07581667,,,,
235177_at,0.2078282,0.22555567,,,,
217412_at,0.20783906,-0.1013916,,,,
243663_at,0.20786109,-0.08870772,,,,
1556472_s_at,0.20792271,-0.19151572,,,,
230343_at,0.2079427,0.29327377,,,,
209246_at,0.20795011,0.1644896,,,,
243131_x_at,0.20795101,-0.06718977,,,,
1570228_at,0.20798632,0.08361255,,,,
1562848_at,0.20798974,-0.20916511,,,,
210019_at,0.20799248,-0.06614744,,,,
225434_at,0.20801669,-0.15618148,,,,
223897_at,0.20801919,-0.07662383,,,,
232928_at,0.20802813,0.13164927,,,,
1563528_at,0.20803363,-0.07800776,,,,
210997_at,0.20803913,-0.44189452,,,,
1556914_at,0.20805622,-0.11798619,,,,
221842_s_at,0.20806961,0.23295651,,,,
221612_at,0.20808007,-0.09013821,,,,
222812_s_at,0.20810077,-0.27158149,,,,
221043_at,0.20810872,-0.10477691,,,,
216195_at,0.20812223,-0.07119214,,,,
218374_s_at,0.20812964,0.20746519,,,,
208896_at,0.20816197,0.15102452,,,,
230820_at,0.20816603,0.27498565,,,,
244130_at,0.20819884,0.11607961,,,,
204326_x_at,0.20821443,0.45138286,,,,
243227_at,0.20822142,-0.06944934,,,,
240401_at,0.20823318,-0.0627307,,,,
217300_at,0.20825559,-0.3183938,,,,
206779_s_at,0.2082581,0.07486562,,,,
216889_s_at,0.20826493,-0.10475959,,,,
231397_at,0.20827414,-0.16513404,,,,
201471_s_at,0.20829964,-0.19254012,,,,
1555271_a_at,0.20830073,-0.07269099,,,,
218296_x_at,0.20832147,0.1865812,,,,
203529_at,0.208334,-0.14113744,,,,
207915_at,0.20836819,-0.11067979,,,,
233424_at,0.20841043,0.08457875,,,,
229758_at,0.20841767,0.14942841,,,,
210895_s_at,0.20842922,-0.33595017,,,,
214037_s_at,0.20845479,-0.13926476,,,,
225338_at,0.20849709,0.19610345,,,,
1560751_at,0.20854538,-0.07592279,,,,
213739_at,0.2085475,0.10203991,,,,
242287_at,0.2085527,0.17533413,,,,
1553099_at,0.20856304,0.29221002,,,,
243515_at,0.20858213,0.12654052,,,,
1562627_at,0.20863358,-0.0904226,,,,
1553134_s_at,0.20864546,0.12490913,,,,
211610_at,0.20867867,-0.13378084,,,,
1557667_at,0.20867916,0.22090533,,,,
206258_at,0.20869006,0.19347273,,,,
1554405_a_at,0.20869145,-0.06147986,,,,
243242_at,0.2087447,-0.07698574,,,,
203267_s_at,0.20874763,-0.1781983,,,,
218408_at,0.20875194,0.17687877,,,,
229645_at,0.20875251,0.20222889,,,,
209421_at,0.20875888,0.24917205,,,,
237463_at,0.20876041,-0.11960606,,,,
1553849_at,0.20876584,-0.06681506,,,,
219703_at,0.20878992,0.39178909,,,,
234877_x_at,0.20880492,-0.11620797,,,,
226910_at,0.20886918,0.20294357,,,,
1552335_at,0.2088867,-0.13015441,,,,
1553674_at,0.2088911,0.09425027,,,,
211104_s_at,0.20898038,0.11874936,,,,
233921_s_at,0.20902919,-0.17689659,,,,
224714_at,0.20905345,0.22452657,,,,
233869_x_at,0.20906106,0.13959327,,,,
210673_x_at,0.20906837,-0.16515001,,,,
201010_s_at,0.20909162,-0.22831938,,,,
232236_at,0.2090967,-0.09132593,,,,
226683_at,0.20912605,0.24939611,,,,
242251_at,0.20915011,-0.14987171,,,,
206016_at,0.20916884,-0.18486513,,,,
241544_at,0.20917124,-0.07392424,,,,
201099_at,0.20917665,0.17428818,,,,
200866_s_at,0.20918181,-0.28537532,,,,
1561144_at,0.20919585,-0.06494928,,,,
218059_at,0.20923334,-0.19796388,,,,
1560525_at,0.2092408,-0.09382701,,,,
241848_x_at,0.20924887,0.07565591,,,,
1564139_at,0.20925153,0.28389642,,,,
205056_s_at,0.20925802,0.112534,,,,
1565580_s_at,0.2092631,-0.13974463,,,,
1558569_at,0.20927927,0.25999131,,,,
56919_at,0.20929379,0.14200908,,,,
206011_at,0.20929553,-0.37304637,,,,
233986_s_at,0.20933464,0.18178384,,,,
221776_s_at,0.20935076,-0.11206669,,,,
213307_at,0.20935653,0.39355837,,,,
216542_x_at,0.20941115,-0.28808309,,,,
233457_at,0.20941884,-0.06757715,,,,
220889_s_at,0.20942357,0.15630841,,,,
208168_s_at,0.2094802,-0.51540782,,,,
244733_at,0.20948159,-0.08298529,,,,
237094_at,0.20949423,0.38370748,,,,
215034_s_at,0.20949566,0.49950501,,,,
231336_at,0.20950481,-0.10185884,,,,
1556477_a_at,0.20950527,-0.05889285,,,,
1565621_at,0.20951785,0.06482993,,,,
203715_at,0.20956532,0.20353495,,,,
234728_s_at,0.20958648,-0.26658879,,,,
234269_at,0.20961473,-0.08219745,,,,
237055_at,0.20962302,-0.07608519,,,,
242431_at,0.20962467,0.26056684,,,,
243346_at,0.20962493,0.39395025,,,,
233495_at,0.20966014,0.13980076,,,,
228685_at,0.20966598,-0.13983501,,,,
237775_x_at,0.2096998,-0.0861544,,,,
239541_at,0.20971057,-0.08568586,,,,
1565717_s_at,0.20973074,-0.36642866,,,,
221501_x_at,0.20973335,-0.20536545,,,,
220247_at,0.20978114,-0.06422592,,,,
227117_at,0.20978603,0.23162269,,,,
210214_s_at,0.20982072,0.22051475,,,,
200759_x_at,0.20983714,0.15114059,,,,
224170_s_at,0.20985007,0.25360179,,,,
1556374_s_at,0.20986364,-0.08084868,,,,
204718_at,0.20987998,0.28267207,,,,
217260_x_at,0.20991249,-0.22871984,,,,
238836_at,0.20992797,0.16510488,,,,
201259_s_at,0.20992935,-0.21649435,,,,
207264_at,0.20994626,0.29230374,,,,
223185_s_at,0.20996932,-0.45109841,,,,
200765_x_at,0.20997741,-0.16819305,,,,
215364_s_at,0.20998416,-0.14038861,,,,
1557658_at,0.20999217,-0.08985198,,,,
1570289_at,0.20999994,0.26057184,,,,
233318_at,0.21006674,-0.05330163,,,,
1552304_at,0.21007477,0.18711578,,,,
1552344_s_at,0.2100882,0.24092158,,,,
240491_at,0.21008944,-0.05932951,,,,
210234_at,0.21009102,-0.08889447,,,,
32259_at,0.2101005,-0.149501,,,,
212365_at,0.2101152,0.32970443,,,,
1567376_at,0.21012967,-0.07863007,,,,
207013_s_at,0.21013673,0.13735473,,,,
207854_at,0.21016484,0.06556049,,,,
1559790_at,0.21016522,-0.11007409,,,,
226987_at,0.21020459,-0.19529389,,,,
228513_at,0.21028689,-0.18373642,,,,
1558795_at,0.21028791,-0.14940412,,,,
201411_s_at,0.21030229,-0.24347524,,,,
227460_at,0.21032103,-0.16722787,,,,
1556014_at,0.21032212,-0.08425168,,,,
226541_at,0.21035884,0.19240354,,,,
211003_x_at,0.21038381,-0.24445959,,,,
223615_at,0.21040249,-0.11894102,,,,
236828_at,0.21041763,0.25329281,,,,
225296_at,0.2104421,-0.15742326,,,,
205450_at,0.2104434,0.20031197,,,,
240660_at,0.2104476,-0.08840922,,,,
1555853_at,0.21045303,-0.12044566,,,,
226868_at,0.2104549,0.24711505,,,,
237670_at,0.21046614,-0.05254467,,,,
240721_at,0.21048255,0.22699267,,,,
212927_at,0.21049462,0.19781801,,,,
1555536_at,0.21050484,-0.15916561,,,,
219668_at,0.21054152,-0.21721599,,,,
229545_at,0.2105636,-0.53678606,,,,
238260_at,0.21060606,-0.07324297,,,,
240710_at,0.21061606,-0.08151274,,,,
221886_at,0.21062422,0.23935426,,,,
237410_x_at,0.21062943,0.3646117,,,,
241346_at,0.21062944,0.22566166,,,,
220828_s_at,0.21063502,0.08143921,,,,
241272_at,0.2106444,-0.072282,,,,
237077_at,0.21064458,-0.06982302,,,,
219416_at,0.21070882,0.21575959,,,,
1569291_at,0.2107109,-0.11132859,,,,
1565880_at,0.21071423,-0.08775887,,,,
208676_s_at,0.21073018,-0.15324967,,,,
224928_at,0.21074078,0.22566725,,,,
244184_at,0.2107423,-0.08366007,,,,
217528_at,0.21078748,0.89612847,,,,
227359_at,0.21079263,0.3032703,,,,
219004_s_at,0.21080605,0.24850065,,,,
1568791_s_at,0.21081345,-0.07806456,,,,
201351_s_at,0.210835,0.14707419,,,,
209303_at,0.21086413,0.17636103,,,,
1556107_at,0.21089009,-0.12005893,,,,
201714_at,0.21089687,0.20874524,,,,
223406_x_at,0.21091266,-0.1202447,,,,
236798_at,0.21096682,0.34034259,,,,
202407_s_at,0.21098203,-0.28289243,,,,
235752_at,0.2109883,-0.09796512,,,,
232913_at,0.21099262,-0.09095928,,,,
214282_at,0.21099791,0.61650423,,,,
213380_x_at,0.21100282,0.58654836,,,,
206859_s_at,0.21103151,0.36666942,,,,
1568866_at,0.21104527,0.05859378,,,,
220358_at,0.21105156,-0.17228772,,,,
1567224_at,0.21106729,-0.0839707,,,,
227285_at,0.21109122,0.34882569,,,,
217017_at,0.21109568,-0.09104276,,,,
202034_x_at,0.21110294,0.17273076,,,,
230251_at,0.21110902,0.18143616,,,,
205742_at,0.21113205,-0.36025135,,,,
210272_at,0.21114295,-0.48508957,,,,
244477_at,0.21117238,-0.12435077,,,,
1552830_at,0.21118134,-0.07240482,,,,
243568_at,0.21118777,-0.07720875,,,,
230259_at,0.21119684,0.40414186,,,,
213847_at,0.21120544,-0.29673786,,,,
209647_s_at,0.21120544,0.19079825,,,,
223939_at,0.21121505,-0.39836009,,,,
1559149_at,0.21124445,0.07498907,,,,
236280_at,0.2112472,-0.37775723,,,,
208342_x_at,0.21125148,-0.08318419,,,,
220317_at,0.21126378,0.25077499,,,,
202675_at,0.21127427,-0.21366703,,,,
213584_s_at,0.21129563,-0.17329008,,,,
233551_at,0.21130666,-0.0739658,,,,
212078_s_at,0.21131011,-0.21641541,,,,
204015_s_at,0.21132217,0.54255526,,,,
232436_at,0.21132603,-0.14541329,,,,
225454_at,0.21133065,-0.23374807,,,,
212439_at,0.21134428,-0.10801493,,,,
1554059_at,0.21134628,-0.13053625,,,,
206905_s_at,0.21135337,-0.09817942,,,,
225540_at,0.21136696,-0.56067285,,,,
232258_at,0.2113825,-0.06317901,,,,
232944_at,0.21139498,-0.11471345,,,,
204538_x_at,0.21147512,-0.20645586,,,,
218617_at,0.21147831,0.21057097,,,,
216149_at,0.21151203,-0.08407978,,,,
243133_at,0.21151449,0.13167716,,,,
1562948_at,0.21151581,0.12273897,,,,
205501_at,0.21156464,0.39107538,,,,
212409_s_at,0.21158359,-0.17359107,,,,
226769_at,0.21160389,0.50733939,,,,
221415_s_at,0.21160613,-0.06352038,,,,
1555159_at,0.21160925,-0.0792003,,,,
238968_at,0.21162585,-0.07105828,,,,
227784_s_at,0.21163186,-0.18591875,,,,
244886_at,0.21165513,-0.09975701,,,,
242892_at,0.2116662,-0.08306223,,,,
212839_s_at,0.21167019,0.21096686,,,,
207732_s_at,0.21168053,-0.27370717,,,,
224443_at,0.21168193,0.29948732,,,,
216284_at,0.21169365,-0.08002818,,,,
231451_s_at,0.21170499,-0.13800781,,,,
228957_at,0.21172576,-0.09263426,,,,
227816_at,0.21173501,0.40085338,,,,
220230_s_at,0.21174835,0.37634242,,,,
1563531_at,0.21175054,-0.07692631,,,,
201643_x_at,0.21176904,-0.12902963,,,,
207151_at,0.21177519,-0.08513862,,,,
227466_at,0.21177578,0.22537546,,,,
236485_at,0.211827,-0.11101791,,,,
1563485_at,0.21183646,-0.08669723,,,,
217519_at,0.2118614,-0.08388267,,,,
212577_at,0.21188165,0.19947399,,,,
219503_s_at,0.21188746,0.3083078,,,,
1557385_at,0.2118879,0.32159717,,,,
236544_at,0.21190179,0.05491088,,,,
1564600_a_at,0.21190324,-0.07623891,,,,
238411_x_at,0.21190984,-0.05209131,,,,
215862_at,0.21191686,-0.09674283,,,,
228356_at,0.21192888,0.12932566,,,,
1554371_at,0.21195384,-0.08024391,,,,
1568594_s_at,0.21198812,-0.19162653,,,,
240088_at,0.21205917,0.16115011,,,,
220467_at,0.21206853,-0.25532943,,,,
216739_at,0.21208237,-0.07993928,,,,
202656_s_at,0.21208714,0.24883519,,,,
209081_s_at,0.21212971,0.36865116,,,,
228634_s_at,0.21213468,-0.43921321,,,,
206428_s_at,0.21215036,-0.079176,,,,
239135_at,0.21215538,-0.31101001,,,,
1563455_at,0.21215548,-0.09874787,,,,
1570087_at,0.21218253,-0.08427421,,,,
1569677_a_at,0.21218737,0.070848,,,,
222225_at,0.21219379,0.10863621,,,,
213162_at,0.2122151,-0.25799981,,,,
227103_s_at,0.21222514,0.27717705,,,,
242056_at,0.21223356,0.36325326,,,,
1562871_at,0.21223403,-0.07273107,,,,
242480_at,0.21223977,0.1945704,,,,
222880_at,0.21224383,-0.3615619,,,,
212613_at,0.21226353,-0.29391311,,,,
222334_at,0.2122705,-0.1584535,,,,
1560325_at,0.21228207,0.06223957,,,,
238839_at,0.21229129,-0.08494937,,,,
243683_at,0.21229542,0.26968809,,,,
223706_at,0.21229817,-0.098656,,,,
223718_at,0.21231993,-0.11147255,,,,
32032_at,0.2123515,-0.15171463,,,,
235194_at,0.21235401,-0.14259728,,,,
231268_at,0.21238211,0.15493661,,,,
219451_at,0.21241624,0.23018265,,,,
1554976_a_at,0.21245359,-0.05933539,,,,
1553082_at,0.21246573,0.08227686,,,,
243893_at,0.21247267,-0.07921258,,,,
202008_s_at,0.21247353,-0.31857958,,,,
204902_s_at,0.21247686,-0.11826412,,,,
226368_at,0.21249864,-0.34441347,,,,
207148_x_at,0.21251985,0.46785779,,,,
237795_s_at,0.21254123,0.08743515,,,,
208643_s_at,0.21254401,0.14232634,,,,
226944_at,0.21254774,0.31541182,,,,
229505_at,0.21256058,-0.08201865,,,,
234684_s_at,0.21259759,-0.05918971,,,,
237054_at,0.21261118,0.52859858,,,,
205009_at,0.21264465,-1.1078105,,,,
243317_at,0.21269826,0.07397993,,,,
1569739_at,0.21270801,-0.07027573,,,,
233055_at,0.2127219,0.10632471,,,,
222487_s_at,0.21272778,-0.31259726,,,,
231019_x_at,0.21275453,-0.1194371,,,,
215072_x_at,0.21276749,-0.0877707,,,,
231578_at,0.21278,0.07471745,,,,
1559194_a_at,0.21278734,-0.08950127,,,,
227563_at,0.21279873,-0.23216041,,,,
235468_at,0.21280426,-0.20863372,,,,
214589_at,0.21283166,0.14594244,,,,
213619_at,0.21283229,0.14649366,,,,
230283_at,0.21284352,0.17129523,,,,
207156_at,0.21289931,0.41297368,,,,
230679_at,0.21292284,0.26496257,,,,
214761_at,0.21294664,0.46576256,,,,
201789_at,0.21294785,-0.06864845,,,,
204110_at,0.21295567,-0.28697888,,,,
203835_at,0.21298388,-0.25460566,,,,
224259_at,0.21299114,-0.07367115,,,,
1566447_at,0.21300619,-0.06813943,,,,
219139_s_at,0.2130086,-0.0790499,,,,
235091_at,0.2130124,-0.07638637,,,,
202043_s_at,0.21302962,-0.23012686,,,,
225885_at,0.21304284,0.20664351,,,,
240273_at,0.21308632,-0.07711201,,,,
234401_at,0.21309884,-0.0612825,,,,
237052_x_at,0.21310744,-0.14491363,,,,
1561978_at,0.21310783,-0.07388987,,,,
205337_at,0.21312638,0.62879986,,,,
203841_x_at,0.21312724,-0.16375189,,,,
228293_at,0.21312998,0.59476436,,,,
209141_at,0.21313076,0.11555512,,,,
214113_s_at,0.21313451,0.17304534,,,,
237097_at,0.21315704,-0.1889842,,,,
218437_s_at,0.21316336,0.27432351,,,,
1562059_at,0.21317449,0.10419737,,,,
211720_x_at,0.21321122,0.08032898,,,,
236779_at,0.2132188,-0.09798569,,,,
1556885_at,0.21322843,-0.05803519,,,,
203510_at,0.21323261,-0.60897184,,,,
241686_x_at,0.21331262,0.11294279,,,,
210988_s_at,0.21332296,0.23543424,,,,
1564122_at,0.2133562,0.08515449,,,,
239400_at,0.21336344,-0.12709211,,,,
219151_s_at,0.21337214,0.19407604,,,,
1560006_a_at,0.21338727,-0.16514074,,,,
212736_at,0.21339135,0.29864167,,,,
243728_at,0.21341227,-0.07213729,,,,
203587_at,0.21343293,0.07435811,,,,
212803_at,0.21343381,0.16712984,,,,
1567271_at,0.21346107,-0.0730617,,,,
229955_at,0.21346849,0.22597205,,,,
205435_s_at,0.21356645,-0.081121,,,,
213865_at,0.21357275,0.36677583,,,,
209441_at,0.21357975,-0.19657523,,,,
220407_s_at,0.21358557,0.32881973,,,,
1558881_at,0.21358684,-0.36320844,,,,
222017_x_at,0.2136045,-0.08580574,,,,
202284_s_at,0.2136291,-0.31834412,,,,
207627_s_at,0.21363165,-0.22464021,,,,
224334_s_at,0.21364769,0.14635699,,,,
244807_at,0.2136658,-0.08762159,,,,
1569077_x_at,0.21368208,-0.10078068,,,,
221223_x_at,0.21368375,-0.22386794,,,,
1569491_at,0.21370231,0.06553529,,,,
243500_at,0.21370535,-0.05960024,,,,
229985_at,0.21373534,-0.24057694,,,,
220336_s_at,0.21374635,-0.08007427,,,,
204703_at,0.21375508,0.21018285,,,,
1569891_at,0.21376453,-0.09932376,,,,
1553531_at,0.21376726,0.0814709,,,,
235315_at,0.21381032,-0.48403564,,,,
236586_at,0.21381208,0.34875284,,,,
202024_at,0.21384372,-0.27831793,,,,
228967_at,0.21385502,-0.24753984,,,,
216814_at,0.21387986,-0.06998619,,,,
206171_at,0.2138939,-0.32211927,,,,
244776_at,0.21390549,0.07804085,,,,
1563016_at,0.21391164,0.04996034,,,,
209302_at,0.21392431,0.23480038,,,,
228217_s_at,0.21396563,0.19036687,,,,
218383_at,0.21397122,-0.15408887,,,,
233512_at,0.21397201,0.08687314,,,,
215228_at,0.21400669,-0.4437735,,,,
202957_at,0.21403427,-0.37838257,,,,
204650_s_at,0.21408967,-0.15949791,,,,
223262_s_at,0.21409053,0.13253526,,,,
211824_x_at,0.21409549,-0.19060721,,,,
205101_at,0.21412476,-0.23483535,,,,
207050_at,0.21413624,-0.12876362,,,,
232967_at,0.21414242,-0.09654312,,,,
1555166_a_at,0.21415396,0.19994524,,,,
208090_s_at,0.2141644,-0.09017273,,,,
220418_at,0.21422345,-0.16958006,,,,
212687_at,0.21423261,-0.21137467,,,,
1553698_a_at,0.21424946,-0.21352311,,,,
216303_s_at,0.2142689,-0.1091221,,,,
213841_at,0.21427611,-0.08003371,,,,
1556066_at,0.21428016,-0.19619842,,,,
214155_s_at,0.21428917,0.24211329,,,,
243411_at,0.21429639,-0.07347677,,,,
226788_at,0.21430481,-0.09237451,,,,
226217_at,0.2143049,0.16778382,,,,
220109_at,0.2143233,0.0778538,,,,
229312_s_at,0.21433817,0.33356025,,,,
209532_at,0.2143422,-0.19137476,,,,
239724_at,0.21436631,0.07715817,,,,
202401_s_at,0.21438248,0.12579708,,,,
205923_at,0.21438862,0.56038441,,,,
1566603_s_at,0.21442225,0.19102107,,,,
244744_at,0.21442969,0.21696769,,,,
239902_at,0.21443106,0.05851047,,,,
233653_at,0.21443572,-0.06390199,,,,
1569342_at,0.21449425,0.26914537,,,,
201442_s_at,0.21450692,-0.16155838,,,,
235294_at,0.21452586,0.16994566,,,,
232562_at,0.21452784,-0.12618594,,,,
217653_x_at,0.21453546,0.18421884,,,,
211709_s_at,0.21453891,-0.31022378,,,,
216619_at,0.21454375,-0.05478581,,,,
233862_at,0.21455441,-0.07990172,,,,
229828_at,0.2145686,0.18224947,,,,
219123_at,0.21458258,0.22788017,,,,
239509_at,0.21461061,0.13677799,,,,
243267_x_at,0.21461195,-0.11433697,,,,
201273_s_at,0.21462526,0.11970318,,,,
219966_x_at,0.21462573,0.15175019,,,,
1553457_at,0.21463352,-0.08014269,,,,
242214_at,0.21466313,0.15408922,,,,
232886_at,0.2146669,-0.06851708,,,,
244770_at,0.21469317,-0.06343365,,,,
1560790_at,0.21470055,-0.05670079,,,,
213304_at,0.21472746,0.21985206,,,,
232341_x_at,0.21472797,-0.17823716,,,,
215724_at,0.21473418,0.21718028,,,,
1555224_at,0.21475292,0.0637707,,,,
209110_s_at,0.21475931,0.2130082,,,,
64900_at,0.21477764,0.30935815,,,,
242993_at,0.21478913,-0.10153333,,,,
233796_at,0.21480123,-0.07983994,,,,
233878_s_at,0.21480581,-0.25991354,,,,
208153_s_at,0.21481177,0.41453685,,,,
205376_at,0.21482428,-0.53848741,,,,
236927_at,0.21485578,-0.11985547,,,,
243430_at,0.21487698,-0.08040669,,,,
223493_at,0.21492901,0.24862205,,,,
216037_x_at,0.2149428,0.22473826,,,,
233666_at,0.21496162,-0.13711121,,,,
215022_x_at,0.21500162,0.25176371,,,,
1555867_at,0.21500593,-0.52698128,,,,
230300_at,0.21501728,0.2934012,,,,
238655_at,0.21502249,0.11443726,,,,
205843_x_at,0.21505324,0.18226952,,,,
1560915_at,0.21507685,-0.07252129,,,,
234727_at,0.21510432,-0.07075038,,,,
231840_x_at,0.21514356,-0.18430646,,,,
1560042_at,0.21517215,-0.12033396,,,,
223405_at,0.21521369,-0.33569225,,,,
223244_s_at,0.21523749,0.10384948,,,,
1566821_at,0.21523864,-0.1035919,,,,
203021_at,0.21525,0.63228368,,,,
241945_at,0.21525079,-0.10524726,,,,
202058_s_at,0.21525504,0.24270629,,,,
228547_at,0.2152898,0.52773243,,,,
218673_s_at,0.21529672,-0.19728845,,,,
202053_s_at,0.21529719,0.29420087,,,,
1560197_at,0.21530074,-0.05483525,,,,
242515_x_at,0.21530629,-0.1701605,,,,
208537_at,0.21531164,-0.07589125,,,,
234445_at,0.2153699,-0.09506218,,,,
1567140_at,0.2154144,-0.08149961,,,,
1569724_at,0.21542266,-0.08925692,,,,
242708_at,0.21546618,0.33818476,,,,
227381_at,0.21548366,-0.07978507,,,,
216759_at,0.2155167,0.06743665,,,,
223212_at,0.21551941,0.16629175,,,,
1558041_a_at,0.21553876,-0.16177498,,,,
215729_s_at,0.2155434,0.60329905,,,,
1563524_a_at,0.21555334,-0.05884612,,,,
228192_at,0.21559088,0.12463318,,,,
219178_at,0.21559928,0.17355628,,,,
226361_at,0.215603,0.18784584,,,,
205055_at,0.21563301,0.19728404,,,,
232806_s_at,0.21564445,0.13977005,,,,
202119_s_at,0.21565338,0.18447306,,,,
241589_at,0.2156968,-0.06315823,,,,
223416_at,0.2157311,0.15623828,,,,
226815_at,0.21575136,0.15881799,,,,
203252_at,0.21577184,-0.27302056,,,,
224100_s_at,0.21579109,-0.07772199,,,,
1554170_a_at,0.21580337,0.10539494,,,,
233207_at,0.21581312,-0.07139028,,,,
224672_x_at,0.21581378,0.11886972,,,,
1554586_a_at,0.2158359,-0.21176912,,,,
220058_at,0.21584414,0.16686081,,,,
213343_s_at,0.21584982,-0.15322807,,,,
201616_s_at,0.21586008,0.25904781,,,,
221307_at,0.21588227,-0.08114366,,,,
215436_at,0.21588945,0.24427019,,,,
212359_s_at,0.21590877,0.14634689,,,,
237372_at,0.21591771,-0.0888319,,,,
1554464_a_at,0.2159505,-0.32990881,,,,
212203_x_at,0.21595326,-0.19350186,,,,
1552564_at,0.21596741,0.06474724,,,,
215946_x_at,0.21598158,-0.47772812,,,,
218887_at,0.21599102,0.17858223,,,,
1553559_at,0.21602802,-0.26765081,,,,
1564369_at,0.21607007,-0.09514996,,,,
224387_at,0.21608176,0.20696718,,,,
222176_at,0.21608249,-0.06135057,,,,
206032_at,0.21610926,0.8141409,,,,
216325_x_at,0.216125,-0.14567483,,,,
204757_s_at,0.21613114,-0.12009645,,,,
1560868_s_at,0.21614202,-0.09367208,,,,
214133_at,0.21617113,0.13603578,,,,
212494_at,0.21619026,0.21387153,,,,
209549_s_at,0.21620778,0.12173207,,,,
208405_s_at,0.21621964,-0.18944164,,,,
235766_x_at,0.21623509,-0.33404257,,,,
228529_at,0.21625235,0.35737236,,,,
228325_at,0.2162739,0.4118428,,,,
229249_at,0.2162747,-0.18112615,,,,
1555571_at,0.21629361,0.06057764,,,,
242674_at,0.2163179,-0.12251318,,,,
240623_at,0.21634567,-0.10128128,,,,
1552974_at,0.21636422,0.05651742,,,,
1564198_a_at,0.21636585,0.07724527,,,,
243889_at,0.21637507,-0.08323608,,,,
207604_s_at,0.21639471,-0.3029243,,,,
1558111_at,0.21641028,0.2809219,,,,
1554922_at,0.21641626,0.10131916,,,,
214446_at,0.21645959,-0.37753121,,,,
213158_at,0.21648466,0.36827593,,,,
210712_at,0.21652512,-0.06259354,,,,
211718_at,0.21653672,-0.09000178,,,,
232667_at,0.21656945,0.21214974,,,,
204458_at,0.21657479,-0.19859469,,,,
239731_at,0.21657687,0.25084239,,,,
210852_s_at,0.21659116,0.34746081,,,,
1570628_at,0.21659853,-0.06824656,,,,
225696_at,0.21667235,0.13376778,,,,
1559870_at,0.21667536,-0.11259496,,,,
59375_at,0.21668141,-0.21613536,,,,
1557224_at,0.21669425,0.13901965,,,,
1553438_at,0.2167157,-0.10216867,,,,
243968_x_at,0.21673195,-0.11861497,,,,
1559201_a_at,0.21673211,-0.14245954,,,,
202800_at,0.21674116,-0.28490509,,,,
225515_s_at,0.21674834,0.11600178,,,,
205748_s_at,0.21676338,-0.2741813,,,,
229218_at,0.21676439,0.54591798,,,,
233804_at,0.21678392,-0.07244219,,,,
226620_x_at,0.21678807,-0.13972309,,,,
233529_at,0.21682036,-0.07400091,,,,
208660_at,0.21685197,-0.18893777,,,,
241373_at,0.21685547,-0.09018126,,,,
238871_at,0.21686113,0.21336621,,,,
226547_at,0.21687417,0.16545942,,,,
216448_at,0.21688241,-0.07142472,,,,
1561928_s_at,0.2168892,-0.07741782,,,,
228381_at,0.21691883,0.41876623,,,,
214768_x_at,0.21692522,-0.66498905,,,,
208756_at,0.21692621,-0.17502829,,,,
234333_at,0.2169306,-0.07817942,,,,
227654_at,0.21693321,0.30552418,,,,
239941_at,0.21695826,-0.09333306,,,,
212267_at,0.21697606,0.14752242,,,,
234840_s_at,0.21697789,-0.07310025,,,,
226475_at,0.21700182,-0.21221055,,,,
203168_at,0.21703303,-0.15122818,,,,
1563753_at,0.21706161,-0.06742884,,,,
205846_at,0.2170649,-0.29093024,,,,
1562918_at,0.21709677,-0.07683751,,,,
216789_at,0.2171034,-0.08285723,,,,
242778_at,0.21710871,0.1430609,,,,
222254_at,0.21711996,-0.07350911,,,,
234380_x_at,0.21716467,0.14414042,,,,
213082_s_at,0.21717044,-0.30626787,,,,
212288_at,0.2171725,-0.250709,,,,
1560028_at,0.217201,0.09959902,,,,
203981_s_at,0.2172091,0.16333055,,,,
1555102_at,0.21723106,0.07324933,,,,
236993_at,0.21723798,0.14412626,,,,
209145_s_at,0.21724756,-0.1655613,,,,
218211_s_at,0.21725436,-0.54716907,,,,
243880_at,0.21725449,0.23749617,,,,
244670_at,0.21727806,-0.0727854,,,,
1557888_at,0.21730506,-0.07835564,,,,
237169_at,0.21732972,0.32210813,,,,
213281_at,0.21735341,-0.27244427,,,,
229031_at,0.21736625,0.16357079,,,,
209264_s_at,0.21736899,-0.42448347,,,,
1565337_at,0.21738562,-0.06799717,,,,
1565763_at,0.21739976,-0.09148565,,,,
228935_at,0.21741364,0.33042504,,,,
242698_at,0.21742796,-0.06700383,,,,
1563071_at,0.21743805,0.08479907,,,,
221609_s_at,0.21745485,0.13597143,,,,
219866_at,0.21746105,-0.38580876,,,,
238379_x_at,0.21747096,-0.1044742,,,,
204506_at,0.21749008,-0.12672838,,,,
1557456_a_at,0.21750718,-0.05596055,,,,
240878_at,0.21751719,-0.09145508,,,,
1562656_at,0.21751988,0.07688753,,,,
211215_x_at,0.21752634,-0.24455217,,,,
206746_at,0.21753651,0.16971338,,,,
234621_at,0.21754415,-0.04778028,,,,
206560_s_at,0.21754579,0.60008979,,,,
226249_at,0.21755356,-0.23973069,,,,
209351_at,0.21755962,1.13590989,,,,
208784_s_at,0.21758543,0.15812096,,,,
238404_x_at,0.21762429,-0.09769407,,,,
206081_at,0.21763183,0.21369739,,,,
1566970_at,0.21764204,0.05144634,,,,
236130_at,0.21765068,-0.07900277,,,,
229898_at,0.21766538,0.18018872,,,,
34063_at,0.21767027,-0.1008259,,,,
237471_at,0.21767309,-0.06694087,,,,
230002_at,0.21767678,-0.38065052,,,,
223030_at,0.21772548,0.10326134,,,,
232448_at,0.21773649,-0.28791702,,,,
210510_s_at,0.2177659,-0.29342059,,,,
228405_at,0.21778891,0.1594545,,,,
217655_at,0.21779608,-0.13936956,,,,
216499_at,0.21783842,-0.08462346,,,,
221518_s_at,0.21784142,0.14679273,,,,
205402_x_at,0.21785889,-0.60811269,,,,
220665_at,0.21787688,-0.1464471,,,,
222056_s_at,0.21789265,0.21610168,,,,
209011_at,0.21790015,-0.2329851,,,,
221627_at,0.21791322,-0.18567624,,,,
232497_at,0.21791823,0.09295127,,,,
238251_at,0.21791877,-0.07043642,,,,
221200_at,0.21797027,0.08376663,,,,
240020_at,0.21797468,-0.20155489,,,,
216083_s_at,0.21800991,-0.07870732,,,,
232525_at,0.21802179,0.12476403,,,,
213187_x_at,0.21809683,-0.12402837,,,,
225476_at,0.21810817,0.10701484,,,,
244313_at,0.21811831,-0.48556235,,,,
1553569_at,0.21812515,-0.05858342,,,,
223315_at,0.21812595,0.47515074,,,,
210169_at,0.2181309,0.13032538,,,,
240227_at,0.21816672,-0.07980357,,,,
218716_x_at,0.2181768,0.1496062,,,,
238787_at,0.21818006,0.26332771,,,,
229501_s_at,0.21819152,0.15635816,,,,
1562487_at,0.21819209,-0.08608079,,,,
234742_at,0.21819329,-0.05925407,,,,
1555914_a_at,0.21821147,0.12097865,,,,
234606_at,0.21821399,-0.05983102,,,,
224819_at,0.21824354,0.25788475,,,,
224619_at,0.21824377,0.1673502,,,,
211964_at,0.21825763,0.2557869,,,,
234932_s_at,0.21826346,-0.29248571,,,,
241208_at,0.21829502,-0.06470266,,,,
236067_at,0.21832374,0.2103955,,,,
205387_s_at,0.218334,-0.37037186,,,,
218150_at,0.21834556,0.17015947,,,,
235198_at,0.21838132,-0.28735916,,,,
238685_at,0.21841148,0.0669311,,,,
222552_at,0.21841518,0.16328329,,,,
1563226_at,0.2184259,-0.07768118,,,,
207277_at,0.21843181,-0.33434232,,,,
237403_at,0.21845004,-0.11698356,,,,
234377_at,0.21845072,-0.0836699,,,,
242924_at,0.21845131,0.08327791,,,,
219182_at,0.21845541,0.2478609,,,,
231941_s_at,0.21846399,-0.77932877,,,,
211213_at,0.21847194,0.07024279,,,,
225557_at,0.21847489,-0.17210034,,,,
1561079_at,0.21848465,0.17402978,,,,
202854_at,0.2184849,0.2033305,,,,
214867_at,0.21853294,-0.09256236,,,,
217487_x_at,0.21856473,0.36777384,,,,
231631_at,0.21858695,0.12435718,,,,
1554785_at,0.21860672,0.14126799,,,,
202262_x_at,0.21862943,0.25415927,,,,
236245_at,0.21863176,-0.10809119,,,,
1557132_at,0.21864114,0.26627631,,,,
223154_at,0.21866878,0.17861173,,,,
244811_at,0.21869201,0.26528464,,,,
239879_at,0.21871241,-0.12322999,,,,
216123_x_at,0.21871891,0.0589369,,,,
228545_at,0.21874218,0.12803316,,,,
214376_at,0.21875809,0.21106144,,,,
206244_at,0.21877171,-0.21290223,,,,
1561217_at,0.21880116,-0.07626493,,,,
203109_at,0.2188133,-0.21622502,,,,
1559376_at,0.21882701,-0.1265244,,,,
203744_at,0.21888524,0.30565912,,,,
201110_s_at,0.21890071,0.34746082,,,,
236157_at,0.21891061,-0.08208077,,,,
211665_s_at,0.21892958,-0.23086995,,,,
230449_x_at,0.2189385,0.23390358,,,,
210656_at,0.21895888,0.30495046,,,,
238808_at,0.21897334,-0.39110326,,,,
1562946_at,0.2189843,0.09659405,,,,
234132_at,0.21898728,-0.06741846,,,,
1555910_at,0.21898806,0.19226068,,,,
215780_s_at,0.21902848,-0.19487967,,,,
38069_at,0.21904726,-0.15510544,,,,
1556362_at,0.21907245,-0.06972291,,,,
207500_at,0.21907385,-0.22955929,,,,
1553831_at,0.21907644,-0.06290601,,,,
223376_s_at,0.21907987,-0.17892611,,,,
209140_x_at,0.21908697,-0.22974751,,,,
221218_s_at,0.2190887,-0.31164204,,,,
218653_at,0.21910495,0.36773891,,,,
223207_x_at,0.21911151,-0.25667946,,,,
241542_at,0.21913068,0.15824698,,,,
233191_at,0.21915298,-0.26171672,,,,
207015_s_at,0.21915508,-0.13135724,,,,
218781_at,0.21916133,0.19717991,,,,
226961_at,0.21916839,-0.75472979,,,,
243392_at,0.21918093,-0.08399225,,,,
1560048_at,0.21918826,0.1422154,,,,
224505_s_at,0.21920577,-0.23435971,,,,
212283_at,0.2192107,-0.10440604,,,,
216220_s_at,0.21922595,0.13844919,,,,
203704_s_at,0.21923149,0.17518313,,,,
238046_x_at,0.21923202,0.11845825,,,,
233475_at,0.21927271,-0.08840049,,,,
211049_at,0.21928293,-0.16695147,,,,
212880_at,0.21931241,0.16695943,,,,
1561086_at,0.2193274,-0.09789328,,,,
1557795_s_at,0.21933425,0.13832467,,,,
237026_at,0.21934916,-0.09541271,,,,
230468_s_at,0.21939158,0.13097743,,,,
1560164_at,0.21940595,-0.0640945,,,,
1570197_at,0.21941227,-0.12280266,,,,
1554751_at,0.21943571,-0.06493166,,,,
225412_at,0.21943992,-0.24744321,,,,
213315_x_at,0.21945666,0.15943223,,,,
1556684_at,0.21952212,0.13543219,,,,
205060_at,0.21952961,0.18342805,,,,
208781_x_at,0.21954591,-0.14050798,,,,
1553117_a_at,0.21956355,-0.24938168,,,,
1561303_at,0.21956415,-0.08204684,,,,
203607_at,0.21957928,0.28797356,,,,
237251_at,0.21958158,-0.11222487,,,,
237047_at,0.21958552,-0.07124181,,,,
1563118_at,0.21959178,-0.06946439,,,,
223136_at,0.21959679,0.33768481,,,,
1559412_at,0.21960329,0.12905168,,,,
210682_at,0.21960566,-0.12906584,,,,
1552982_a_at,0.21967363,-0.07506627,,,,
243169_at,0.2196925,0.12306924,,,,
215618_at,0.21969722,0.1022721,,,,
229299_at,0.21970737,0.45495342,,,,
211245_x_at,0.21972474,-0.0990475,,,,
1569555_at,0.21976723,-0.16170069,,,,
237874_at,0.21977468,-0.05444891,,,,
1560712_at,0.21977655,-0.22571487,,,,
220366_at,0.21980076,-0.18323729,,,,
208281_x_at,0.21981845,0.21180076,,,,
219811_at,0.21983723,-0.1148053,,,,
206692_at,0.21984116,-0.08804771,,,,
226846_at,0.21985102,0.36998639,,,,
233440_at,0.21985595,0.15649661,,,,
238557_at,0.21987138,0.14967659,,,,
227170_at,0.21992027,0.11566704,,,,
203032_s_at,0.2199434,-0.37285319,,,,
215620_at,0.21996488,-0.08483811,,,,
209432_s_at,0.21997046,-0.17781387,,,,
207840_at,0.22000795,-0.19149937,,,,
202721_s_at,0.22003135,-0.26997882,,,,
1562903_at,0.22004159,-0.12252597,,,,
204078_at,0.22004468,0.31895087,,,,
239208_s_at,0.22007872,-0.26945485,,,,
223061_at,0.22008116,-0.19933028,,,,
220519_s_at,0.22008915,-0.08568483,,,,
243033_at,0.22010923,-0.07232141,,,,
234488_s_at,0.2201432,0.17285498,,,,
236682_at,0.22015515,0.18705455,,,,
216183_at,0.22015629,-0.07956215,,,,
228919_at,0.22016347,0.49211442,,,,
237430_at,0.22016734,-0.06545191,,,,
224847_at,0.22017138,0.39216798,,,,
222369_at,0.22017283,0.2072583,,,,
1555187_at,0.22019092,-0.07029641,,,,
203805_s_at,0.22025772,-0.18098973,,,,
1568718_at,0.22025882,-0.1073527,,,,
236488_s_at,0.22026641,-0.32730157,,,,
243772_at,0.22029668,0.15206551,,,,
227441_s_at,0.22030151,0.11121551,,,,
225367_at,0.22031192,0.22438066,,,,
209922_at,0.22031592,0.15810029,,,,
236421_at,0.22037595,0.33144164,,,,
216716_at,0.22038556,0.11365497,,,,
231799_at,0.22039288,-0.08898029,,,,
1556062_at,0.2204195,0.16142964,,,,
212343_at,0.22045475,-0.18176553,,,,
224960_at,0.22050328,0.16294619,,,,
208128_x_at,0.22050593,0.12714305,,,,
1570366_x_at,0.22051111,0.094677,,,,
1563039_at,0.22055092,-0.05760487,,,,
1555854_at,0.22056338,0.68196031,,,,
226284_at,0.22057343,0.18933621,,,,
212443_at,0.22061017,-0.26930331,,,,
219849_at,0.22061896,0.13862264,,,,
241937_s_at,0.22066152,0.23400396,,,,
216018_at,0.22066191,-0.08080273,,,,
201465_s_at,0.22071009,-0.30980259,,,,
244083_at,0.22073654,0.11895363,,,,
219548_at,0.22073984,0.20029502,,,,
205099_s_at,0.22074162,-0.34923658,,,,
208615_s_at,0.22074789,0.22480669,,,,
1566638_at,0.22079718,-0.07898691,,,,
231256_at,0.22080366,0.08008013,,,,
233357_at,0.22081895,-0.1088451,,,,
240225_at,0.22082976,-0.07547799,,,,
1552275_s_at,0.22083381,-0.26475011,,,,
1563670_at,0.22085226,-0.05788525,,,,
237980_at,0.22085591,-0.06919278,,,,
241033_at,0.22087623,0.11432626,,,,
226225_at,0.2208837,0.5849498,,,,
205886_at,0.22088945,-0.42405219,,,,
1558649_at,0.22095135,0.18163639,,,,
209349_at,0.22095419,-0.17037858,,,,
229383_at,0.22096153,-0.3080951,,,,
213776_at,0.22099118,-0.19060907,,,,
243438_at,0.22100278,0.16305473,,,,
237570_x_at,0.22101804,0.1665978,,,,
214546_s_at,0.22102194,-0.09915951,,,,
200924_s_at,0.22102821,-0.24949674,,,,
233685_at,0.22105054,-0.05659023,,,,
229191_at,0.22110722,0.13767142,,,,
207958_at,0.22110845,0.30966449,,,,
214848_at,0.2211515,-0.25539697,,,,
32088_at,0.22117236,0.21698348,,,,
216984_x_at,0.22117631,-0.52715378,,,,
1553960_at,0.2212055,0.31010432,,,,
242751_at,0.22121093,0.25882744,,,,
1560011_at,0.22122492,-0.09488883,,,,
221070_s_at,0.22123656,0.08350965,,,,
208262_x_at,0.22125857,-0.08794866,,,,
233818_at,0.2212841,-0.05410984,,,,
228655_at,0.22133414,0.235181,,,,
222839_s_at,0.2213362,0.162044,,,,
236465_at,0.22133704,0.2530128,,,,
1564253_at,0.22134212,-0.06374814,,,,
33778_at,0.22136565,-0.1350625,,,,
1562475_at,0.22137298,-0.18916407,,,,
209863_s_at,0.22138638,0.7932229,,,,
227458_at,0.22139677,-0.36497495,,,,
219458_s_at,0.22140672,0.13527729,,,,
242350_s_at,0.22142874,0.46320118,,,,
217714_x_at,0.22145177,0.18143082,,,,
203913_s_at,0.22146021,-0.74172144,,,,
223656_s_at,0.22147147,-0.14177095,,,,
230351_at,0.22149841,0.27563745,,,,
236955_at,0.22151092,0.11137912,,,,
238162_at,0.22153161,-0.06368076,,,,
240956_at,0.22153198,-0.07877343,,,,
209072_at,0.22155489,-0.25826428,,,,
235954_at,0.22156284,0.14454019,,,,
220248_x_at,0.22159323,0.13944567,,,,
204123_at,0.22161101,0.20427656,,,,
237948_at,0.22168731,-0.0702294,,,,
222319_at,0.22169046,-0.07583586,,,,
217996_at,0.22170884,0.41359938,,,,
201307_at,0.22173958,-0.19608492,,,,
241175_at,0.2217562,-0.11224582,,,,
208546_x_at,0.22176044,0.35183408,,,,
241006_at,0.22178276,-0.10527437,,,,
216596_at,0.22179295,0.08044235,,,,
214518_at,0.22179896,-0.07692822,,,,
227725_at,0.22181221,-0.83389659,,,,
241755_at,0.22181403,0.21713727,,,,
1552463_at,0.22182573,-0.07664001,,,,
1566528_at,0.22183413,-0.09531727,,,,
231029_at,0.22184429,0.76403814,,,,
1560416_at,0.22184643,0.06664635,,,,
227609_at,0.22185095,-0.41039424,,,,
237231_at,0.22186027,0.13435881,,,,
235280_at,0.22186675,0.1584278,,,,
220293_at,0.22187549,0.21599443,,,,
240111_at,0.22187723,0.13013901,,,,
215547_at,0.22189914,-0.14315724,,,,
233900_at,0.22191627,-0.08050933,,,,
227676_at,0.22192631,-0.75841386,,,,
238985_at,0.22198516,-0.08995298,,,,
222247_at,0.22200019,-0.0815485,,,,
1558653_at,0.22200149,-0.10433761,,,,
203991_s_at,0.22200618,0.30557117,,,,
229882_at,0.22206285,0.16036242,,,,
1557712_x_at,0.22206352,-0.09201943,,,,
242325_at,0.22206498,0.10189092,,,,
1563030_at,0.2220699,-0.07433683,,,,
221189_s_at,0.22209667,0.1787381,,,,
222537_s_at,0.22210681,0.2831749,,,,
1561230_at,0.22211934,0.04983977,,,,
241395_at,0.22215023,-0.14760041,,,,
214999_s_at,0.22215975,0.18027699,,,,
217456_x_at,0.22215999,-0.19038765,,,,
213425_at,0.22216472,0.48672425,,,,
201694_s_at,0.22217839,0.30802338,,,,
222988_s_at,0.22218457,0.21445381,,,,
235082_at,0.22225226,-0.14994996,,,,
1569303_s_at,0.22225568,-0.20980969,,,,
222101_s_at,0.22226714,0.37040314,,,,
237331_s_at,0.22226806,-0.07133355,,,,
208988_at,0.22230216,0.17403058,,,,
211758_x_at,0.22231803,0.18899508,,,,
219796_s_at,0.22234133,-0.43348535,,,,
243635_at,0.22234806,0.11021458,,,,
203837_at,0.2223767,-0.36152976,,,,
244583_at,0.22237918,-0.06752432,,,,
1554485_s_at,0.22240094,-0.49804353,,,,
220311_at,0.22240713,0.21368598,,,,
1556931_at,0.22241005,-0.09092418,,,,
234312_s_at,0.22241168,-0.25263471,,,,
236336_at,0.22241617,0.16636718,,,,
216922_x_at,0.22241724,0.20553052,,,,
1556835_s_at,0.22242198,-0.07878452,,,,
1562267_s_at,0.22243142,-0.08942049,,,,
1559174_at,0.22243677,-0.06627587,,,,
243746_at,0.2224419,0.10512689,,,,
209367_at,0.22244585,-0.19544717,,,,
219007_at,0.22247416,0.1712821,,,,
227764_at,0.22248209,-0.3458384,,,,
241793_at,0.22248229,0.28298922,,,,
217278_x_at,0.22251022,0.0925485,,,,
205478_at,0.22251026,0.64395421,,,,
209909_s_at,0.22254979,0.52682432,,,,
225300_at,0.22255169,0.21744907,,,,
218600_at,0.22260024,-0.11152887,,,,
228920_at,0.22263503,0.2187755,,,,
204189_at,0.22265535,-0.11272854,,,,
1552607_at,0.2226554,-0.11216146,,,,
240531_at,0.22267537,-0.06757389,,,,
215538_at,0.22268866,0.09937301,,,,
203139_at,0.22270307,0.32108656,,,,
1557713_at,0.22270667,-0.09406912,,,,
210187_at,0.22270968,0.30008995,,,,
221728_x_at,0.22272598,-0.9683123,,,,
244051_at,0.22272822,-0.06932295,,,,
203371_s_at,0.22274116,0.13459067,,,,
226402_at,0.22274648,0.3555839,,,,
1565903_at,0.22277862,-0.08418472,,,,
212761_at,0.22281334,0.21959582,,,,
223601_at,0.22282612,-0.13301679,,,,
232156_at,0.22282935,0.21802757,,,,
216781_at,0.22283849,-0.09266553,,,,
200636_s_at,0.22284245,0.31356875,,,,
1564319_at,0.22284334,-0.08301123,,,,
202222_s_at,0.22285622,0.4424111,,,,
231944_at,0.22287299,0.38848342,,,,
225390_s_at,0.22289502,-0.17128773,,,,
1563299_at,0.22292577,-0.06420395,,,,
237692_at,0.22295173,-0.06618225,,,,
232758_s_at,0.22295429,0.18787516,,,,
244745_at,0.2229928,0.61723977,,,,
201078_at,0.2230024,-0.17304028,,,,
204812_at,0.22300434,0.12895082,,,,
396_f_at,0.22302384,-0.24936957,,,,
242788_at,0.2230334,0.09037111,,,,
1568686_at,0.22304588,-0.06346073,,,,
1553235_at,0.22305125,-0.1040796,,,,
219020_at,0.2230938,-0.13382637,,,,
208527_x_at,0.22310159,0.32484629,,,,
211275_s_at,0.22310847,0.2118001,,,,
215273_s_at,0.22311197,-0.22935063,,,,
1556476_at,0.22311675,-0.06266754,,,,
203112_s_at,0.22311826,0.17058858,,,,
239635_at,0.22316092,-0.12747698,,,,
244341_at,0.22316853,0.32481445,,,,
1558015_s_at,0.2231688,-0.36750553,,,,
232784_at,0.22317083,0.1311789,,,,
206237_s_at,0.22318452,-0.2147744,,,,
223576_at,0.22318523,0.16848061,,,,
242049_s_at,0.22321009,0.14145962,,,,
1552553_a_at,0.22321963,-0.29008404,,,,
203717_at,0.22322561,-0.49807036,,,,
229030_at,0.22323348,-0.57803294,,,,
1553258_at,0.22325438,-0.07374604,,,,
239144_at,0.22331368,0.15143207,,,,
1568190_at,0.22333675,-0.05187489,,,,
1552977_a_at,0.22334371,-0.28659133,,,,
235838_at,0.22334389,-0.06758296,,,,
209173_at,0.22336132,-1.23643441,,,,
213314_at,0.22336226,0.15154021,,,,
206165_s_at,0.22339469,0.89777546,,,,
212607_at,0.22341436,-0.34904632,,,,
207198_s_at,0.22342507,-0.22448596,,,,
1569208_a_at,0.22346542,0.20482769,,,,
208207_at,0.22349134,-0.07533609,,,,
220894_x_at,0.22349175,-0.13169994,,,,
207780_at,0.22350223,-0.07435019,,,,
1555799_at,0.22351401,-0.0731117,,,,
1566771_at,0.22355141,-0.0593791,,,,
1554943_at,0.22356928,-0.12506912,,,,
221806_s_at,0.22358172,0.16978509,,,,
213392_at,0.22358189,0.26233761,,,,
200809_x_at,0.22358723,-0.11975348,,,,
207594_s_at,0.22358986,-0.08973986,,,,
229967_at,0.2236144,-0.27812082,,,,
233572_s_at,0.22367034,-0.08299242,,,,
229485_x_at,0.22367551,-0.4057377,,,,
228263_at,0.22369917,-0.0849565,,,,
226647_at,0.22371191,0.28909555,,,,
227071_at,0.22372263,-0.09382595,,,,
221696_s_at,0.22374746,-0.35265776,,,,
219391_at,0.22375056,-0.07413633,,,,
240112_at,0.2237518,0.09296852,,,,
222962_s_at,0.22378131,0.32166632,,,,
228105_at,0.22378132,0.29915855,,,,
235673_at,0.22379086,-0.12275062,,,,
1554919_s_at,0.22379972,0.17928534,,,,
1557607_at,0.22385256,-0.08221919,,,,
201925_s_at,0.22385666,-0.36886955,,,,
212026_s_at,0.22385694,0.16566129,,,,
205200_at,0.22388643,0.61442065,,,,
215509_s_at,0.22394127,-0.28786714,,,,
1569193_at,0.22394324,0.08727566,,,,
219295_s_at,0.22395543,0.58747545,,,,
206367_at,0.22396702,-0.17129613,,,,
211663_x_at,0.22398118,-0.47516168,,,,
208078_s_at,0.22398266,0.4469628,,,,
206078_at,0.22399585,0.22678143,,,,
207081_s_at,0.22402022,-0.16857891,,,,
1562510_at,0.22407831,-0.08465946,,,,
235717_at,0.22408843,0.16515303,,,,
205189_s_at,0.22410625,0.17220307,,,,
239134_at,0.22412844,0.18597229,,,,
1554334_a_at,0.22418966,-0.38419537,,,,
239527_at,0.22419994,0.09450413,,,,
230446_at,0.22421404,-0.28869214,,,,
1557581_x_at,0.22422271,0.09869817,,,,
217808_s_at,0.22422778,-0.16731766,,,,
224982_at,0.22425336,-0.19980632,,,,
221413_at,0.22425611,-0.08410984,,,,
212314_at,0.2242609,-0.41415622,,,,
224074_at,0.22433397,-0.08292647,,,,
1553159_at,0.2243766,-0.0971141,,,,
211368_s_at,0.22438892,-0.35183665,,,,
210212_x_at,0.22439062,0.19249728,,,,
239676_x_at,0.22440525,-0.08739987,,,,
1565823_at,0.22443722,0.26438087,,,,
237125_at,0.22445205,-0.07560423,,,,
229578_at,0.22447645,0.2497149,,,,
231802_at,0.22447897,0.4869214,,,,
220681_at,0.22448065,-0.07347268,,,,
218584_at,0.22448791,0.26272704,,,,
221013_s_at,0.22450468,-0.13713775,,,,
217124_at,0.224505,-0.17669406,,,,
212817_at,0.22457036,-0.17374796,,,,
203028_s_at,0.22460989,-0.29226361,,,,
1553385_at,0.22461636,-0.07816867,,,,
237592_at,0.22462037,-0.06638484,,,,
1552432_at,0.22462962,-0.10853947,,,,
224643_at,0.22464847,0.14523801,,,,
213538_at,0.22466611,0.143092,,,,
208451_s_at,0.22467694,0.78742874,,,,
217198_x_at,0.22468058,-0.22444576,,,,
1569272_at,0.22468675,-0.04451703,,,,
214401_at,0.22470086,0.37061261,,,,
243102_at,0.22473823,-0.07756424,,,,
204888_s_at,0.2247562,-0.09679294,,,,
214153_at,0.22476472,-0.09223047,,,,
242854_x_at,0.22478332,-0.08340093,,,,
221825_at,0.2247838,0.17257504,,,,
239855_at,0.22480626,-0.08880945,,,,
237361_at,0.22481399,-0.0581871,,,,
221636_s_at,0.22483407,0.44687528,,,,
203069_at,0.22483555,0.30724795,,,,
1569659_at,0.22484653,-0.07650762,,,,
215470_at,0.22485743,0.26361359,,,,
220599_s_at,0.22490624,0.19568751,,,,
203836_s_at,0.22492696,-0.32693653,,,,
228922_at,0.22494532,0.20535529,,,,
218219_s_at,0.22495308,0.21306395,,,,
215461_at,0.22495966,-0.08575035,,,,
1555780_a_at,0.22500918,-0.16202624,,,,
210026_s_at,0.22501746,-0.37047722,,,,
1555606_a_at,0.22504312,0.17456124,,,,
227128_s_at,0.22504417,-0.09406795,,,,
1562324_a_at,0.22504714,-0.08663014,,,,
205817_at,0.22508632,0.425761,,,,
205004_at,0.2250926,0.15508649,,,,
204574_s_at,0.22511417,-0.07804916,,,,
1567065_at,0.22512074,-0.11158368,,,,
218036_x_at,0.22513191,0.18580907,,,,
1559293_x_at,0.22513511,-0.09728776,,,,
207153_s_at,0.22516202,0.17261413,,,,
1562944_at,0.22517849,0.09438527,,,,
216802_at,0.22519589,-0.06360993,,,,
206532_at,0.22522659,-0.19845567,,,,
1566598_at,0.2252523,-0.09040005,,,,
242297_at,0.22526703,0.10651742,,,,
230013_s_at,0.22526754,-0.10883545,,,,
234160_at,0.22526913,-0.08255857,,,,
226077_at,0.22528909,-0.31687055,,,,
201174_s_at,0.22529424,0.13747581,,,,
241708_at,0.22531468,0.22317501,,,,
223020_at,0.2253452,-0.2172422,,,,
235218_x_at,0.22536897,-0.06727854,,,,
1562541_at,0.22536952,-0.06641681,,,,
1566146_x_at,0.22537627,-0.11590893,,,,
206820_at,0.22541075,-0.08806743,,,,
210412_at,0.22549305,-0.07453024,,,,
218925_s_at,0.22550078,-0.07571451,,,,
1568873_at,0.22550455,0.23258479,,,,
227231_at,0.22550619,-0.4756632,,,,
241279_at,0.22552435,-0.06111446,,,,
238792_at,0.22552488,0.11947323,,,,
1569787_at,0.22552836,-0.05540707,,,,
231140_at,0.22554182,0.26345699,,,,
1556240_at,0.22554478,-0.08107269,,,,
240486_at,0.22555948,0.16455572,,,,
213250_at,0.22556775,-0.08100813,,,,
1563059_at,0.22560488,-0.06259693,,,,
244576_at,0.22561379,-0.08245728,,,,
235583_at,0.22561854,-0.42784921,,,,
206047_at,0.22563799,0.08573005,,,,
234854_at,0.22566231,-0.0710291,,,,
222986_s_at,0.22566809,-0.17650045,,,,
1569238_a_at,0.22567451,0.1166567,,,,
210607_at,0.22567957,-0.19156665,,,,
238268_at,0.22568579,-0.06140068,,,,
207749_s_at,0.22569135,0.31530295,,,,
1554717_a_at,0.22570415,-0.22012143,,,,
244644_at,0.22572252,0.17785854,,,,
1558473_at,0.22572431,0.07528495,,,,
208234_x_at,0.22572527,0.13343011,,,,
211906_s_at,0.22575117,0.77338972,,,,
233256_at,0.22577816,-0.07576445,,,,
239764_at,0.22578285,0.13009395,,,,
229757_at,0.22579033,0.19867663,,,,
237657_at,0.22580518,-0.12183854,,,,
1553602_at,0.22580831,0.70506788,,,,
212052_s_at,0.22582018,-0.14866029,,,,
233731_at,0.2258236,-0.11441568,,,,
217179_x_at,0.22583349,-0.56392067,,,,
1554994_at,0.22584164,-0.05233735,,,,
215221_at,0.22586701,-0.12866152,,,,
37408_at,0.22587705,0.3823437,,,,
201121_s_at,0.22588065,0.20237122,,,,
238722_x_at,0.22588961,-0.23727274,,,,
239894_at,0.22594732,-0.14198097,,,,
244659_at,0.22594743,0.17615174,,,,
1562818_at,0.22594894,-0.09583606,,,,
221987_s_at,0.2259515,0.216964,,,,
234235_at,0.22597531,-0.12953228,,,,
229396_at,0.22598448,-0.46964427,,,,
223890_at,0.22598973,0.0815258,,,,
217178_at,0.22598986,0.07068316,,,,
201634_s_at,0.22600397,-0.25971556,,,,
235567_at,0.22603139,0.35709912,,,,
1564160_at,0.22603325,-0.04943913,,,,
224390_s_at,0.22603576,-0.09052109,,,,
204457_s_at,0.22608847,0.69000638,,,,
242113_at,0.22609911,0.08525106,,,,
227167_s_at,0.22616716,-0.24798399,,,,
213702_x_at,0.22617795,-0.20363925,,,,
213721_at,0.22620268,0.26713996,,,,
238641_at,0.22620607,-0.07913781,,,,
1557067_s_at,0.22621281,-0.26343312,,,,
213638_at,0.22621464,-0.44446766,,,,
210789_x_at,0.22628173,-0.09645965,,,,
229148_at,0.22628283,-0.09148531,,,,
1552440_at,0.22629443,0.22948344,,,,
206405_x_at,0.22634542,0.17935351,,,,
244667_at,0.22635127,-0.19968379,,,,
239085_at,0.22636041,-0.11082325,,,,
226608_at,0.22636712,0.20941778,,,,
1564250_at,0.22636725,-0.05301257,,,,
1569817_at,0.22639117,-0.06275742,,,,
1552952_at,0.22639395,-0.07067803,,,,
241503_at,0.22639754,-0.13762613,,,,
216989_at,0.22640826,-0.07191242,,,,
242881_x_at,0.22641115,0.62851857,,,,
211788_s_at,0.22646204,0.17914237,,,,
227250_at,0.22651336,-0.33654945,,,,
235962_at,0.22652082,0.20922948,,,,
225626_at,0.22653656,-0.34358614,,,,
224000_at,0.22654819,-0.11172613,,,,
233524_at,0.22656343,0.07501873,,,,
231225_at,0.22657197,-0.16671285,,,,
220083_x_at,0.22657561,0.20048642,,,,
230258_at,0.22664188,0.40949041,,,,
230374_at,0.22664845,-0.10391949,,,,
1559576_at,0.22665886,-0.08570085,,,,
218119_at,0.22666479,0.18364193,,,,
1554860_at,0.2266845,-0.06147837,,,,
204828_at,0.2267324,-0.14551978,,,,
233349_at,0.22673511,-0.09419726,,,,
222955_s_at,0.22674026,0.17167797,,,,
228823_at,0.22677608,-0.11131908,,,,
225206_s_at,0.22679702,0.11964028,,,,
213502_x_at,0.22682395,-0.41964376,,,,
201904_s_at,0.2268433,-0.21849032,,,,
206990_at,0.22685289,-0.07009974,,,,
236428_at,0.22687618,0.24646498,,,,
1556651_at,0.22692124,-0.06562067,,,,
236108_at,0.22692519,0.09112375,,,,
230581_at,0.22692901,0.18552756,,,,
204758_s_at,0.2269379,-0.09902092,,,,
225529_at,0.22700117,-0.23149932,,,,
1553394_a_at,0.22702479,0.70224376,,,,
217885_at,0.2270895,0.17432476,,,,
230272_at,0.22711513,0.32852575,,,,
219074_at,0.22721526,-0.19077571,,,,
209290_s_at,0.22721676,0.35813886,,,,
1553923_at,0.22723838,-0.10003729,,,,
219090_at,0.22724969,0.42514695,,,,
225814_at,0.22726605,0.13889686,,,,
1561881_at,0.22728347,-0.07010313,,,,
213967_at,0.22728488,-0.30458096,,,,
231420_at,0.22729164,-0.09282598,,,,
203491_s_at,0.22733134,0.25335334,,,,
1564083_at,0.22733159,-0.07621043,,,,
1553639_a_at,0.22735395,-0.22135251,,,,
219389_at,0.22736453,0.40125755,,,,
1562898_at,0.22737649,-0.07609685,,,,
235456_at,0.22738808,0.63037656,,,,
1563019_at,0.22744923,-0.07670225,,,,
1562153_a_at,0.22746536,-0.15215667,,,,
228998_at,0.22748538,0.16473919,,,,
227831_at,0.2275091,-0.09288808,,,,
227706_at,0.22753813,-0.29891632,,,,
240725_at,0.22754627,0.07859904,,,,
238298_at,0.22756343,-0.08009913,,,,
205011_at,0.22757258,-0.3139483,,,,
202170_s_at,0.22758698,0.19780599,,,,
206818_s_at,0.22758984,-0.18072497,,,,
234544_at,0.22760642,0.05542393,,,,
230076_at,0.22763169,0.43816006,,,,
202832_at,0.22773415,-0.19596862,,,,
243871_at,0.22774342,0.18510013,,,,
225163_at,0.22774948,0.34188886,,,,
1570329_at,0.22776859,-0.09276283,,,,
243382_at,0.22782659,-0.08737663,,,,
1552613_s_at,0.2278403,-0.28317298,,,,
220222_at,0.22786402,-0.0767136,,,,
205417_s_at,0.22788316,0.18121517,,,,
215648_at,0.22789786,-0.07569089,,,,
237104_at,0.22790924,-0.21066886,,,,
1559587_at,0.22792757,-0.06749807,,,,
209282_at,0.22797286,0.14361685,,,,
223864_at,0.227984,0.443398,,,,
223868_s_at,0.22799027,0.17135417,,,,
207712_at,0.22799644,0.21593587,,,,
209887_at,0.22802653,-0.09265441,,,,
237171_at,0.22802687,0.09648227,,,,
1558703_at,0.22803499,0.26332265,,,,
240616_at,0.22810217,0.24182914,,,,
1555216_a_at,0.22810638,-0.3432281,,,,
230628_at,0.22812292,0.14125172,,,,
206980_s_at,0.22812346,-0.11051839,,,,
236372_at,0.22812932,-0.15711777,,,,
228308_at,0.22814527,0.19088134,,,,
232873_at,0.22815408,-0.1740615,,,,
1567079_at,0.22816775,-0.08481572,,,,
224477_s_at,0.22819299,0.18673576,,,,
234044_at,0.2282082,-0.08477538,,,,
1561269_at,0.22821892,-0.07344007,,,,
201129_at,0.22825037,0.22220616,,,,
203953_s_at,0.22826182,-0.89063858,,,,
216214_at,0.22827445,-0.07549512,,,,
230095_at,0.22829186,0.14569725,,,,
240923_at,0.22831665,0.08728535,,,,
200895_s_at,0.22832493,0.30575975,,,,
1556333_at,0.2283535,-0.05721507,,,,
237969_at,0.22841827,-0.05614362,,,,
205525_at,0.22844285,0.30348676,,,,
203742_s_at,0.22845025,0.13725645,,,,
59705_at,0.22846823,-0.14082424,,,,
230522_s_at,0.22846936,-0.19033139,,,,
209454_s_at,0.22848679,0.21115629,,,,
217735_s_at,0.22850956,-0.21016752,,,,
206060_s_at,0.22853338,-0.3436258,,,,
228411_at,0.22853618,0.24659891,,,,
236123_at,0.22854684,0.39901878,,,,
220068_at,0.22857373,-0.16351082,,,,
219841_at,0.22857465,-0.08758969,,,,
216877_at,0.22859608,-0.08197021,,,,
1558250_s_at,0.22864287,0.23954204,,,,
1560153_at,0.22866196,-0.11434197,,,,
1557832_at,0.22866211,-0.15223842,,,,
225294_s_at,0.2286971,-0.29321828,,,,
1556541_s_at,0.22872086,-0.061365,,,,
242900_at,0.22875378,0.22122311,,,,
233489_at,0.22878832,-0.08537253,,,,
1553252_a_at,0.22881081,-0.2232352,,,,
228510_at,0.22881495,0.13366704,,,,
222893_s_at,0.22881949,0.14115039,,,,
209855_s_at,0.22883052,-0.2663771,,,,
239225_at,0.22883153,-0.09283845,,,,
223198_x_at,0.2288352,0.17013394,,,,
234174_at,0.22883775,-0.08517673,,,,
215030_at,0.22884558,0.205627,,,,
243154_at,0.22886093,-0.40286994,,,,
212191_x_at,0.228868,-0.13446726,,,,
231406_at,0.22887137,0.20855139,,,,
1557528_at,0.22887337,-0.08966281,,,,
202296_s_at,0.22887908,-0.22746741,,,,
229638_at,0.22892579,0.73834381,,,,
218474_s_at,0.22895618,-0.18231527,,,,
207621_s_at,0.22896612,0.2758972,,,,
231177_at,0.22898405,-0.08455945,,,,
227851_s_at,0.2289888,0.1377233,,,,
242314_at,0.22899113,-0.08383609,,,,
233567_at,0.22899212,-0.09453814,,,,
217534_at,0.22899621,-0.09663812,,,,
207535_s_at,0.22899772,-0.16196283,,,,
208570_at,0.22901128,-0.08158395,,,,
213277_at,0.22901638,0.08564988,,,,
227671_at,0.22905227,-0.91041156,,,,
213823_at,0.22913519,-0.33443977,,,,
234514_at,0.22915708,-0.07777336,,,,
238618_at,0.22916461,-0.12225603,,,,
216181_at,0.22916545,-0.08939644,,,,
1568817_at,0.22917176,0.19811269,,,,
213544_at,0.22921776,-0.2462955,,,,
234362_s_at,0.22922264,-0.1283921,,,,
1568672_at,0.22922272,0.04992748,,,,
239546_at,0.22923344,0.08720972,,,,
220389_at,0.2292565,-0.11050819,,,,
236839_at,0.22927262,-0.09595372,,,,
207299_s_at,0.22927567,-0.08486701,,,,
217457_s_at,0.22928263,-0.20371827,,,,
223112_s_at,0.22929406,-0.1691073,,,,
242729_at,0.22930804,-0.07220181,,,,
208664_s_at,0.22932635,0.27479108,,,,
210923_at,0.22936128,-0.07777675,,,,
213684_s_at,0.22936398,0.421921,,,,
1555694_a_at,0.22937199,-0.08068311,,,,
234117_at,0.22938571,-0.06828129,,,,
235965_at,0.22938642,0.31534688,,,,
206062_at,0.22940325,-0.11251659,,,,
232988_at,0.22941276,-0.10976128,,,,
243307_at,0.22948572,-0.06994993,,,,
226088_at,0.22949188,-0.16437933,,,,
232191_at,0.22952009,-0.07370066,,,,
226973_at,0.22954619,-0.31627284,,,,
206268_at,0.22955067,-0.88610738,,,,
218233_s_at,0.22958758,0.15767102,,,,
231863_at,0.22959227,0.27947681,,,,
233583_at,0.22960922,0.06885548,,,,
1560652_at,0.22968086,0.57707437,,,,
234337_at,0.22969369,0.07461594,,,,
212277_at,0.22970622,0.1716887,,,,
1555929_s_at,0.2297743,0.40128512,,,,
1562209_at,0.22978606,0.0676064,,,,
230459_s_at,0.22980922,-0.078894,,,,
223527_s_at,0.22980947,0.20157153,,,,
218810_at,0.22981311,-0.24848221,,,,
215283_at,0.22981996,0.22301298,,,,
224718_at,0.22983354,-0.16075359,,,,
209306_s_at,0.22984675,-0.2582543,,,,
1553967_at,0.22985642,-0.10257529,,,,
216344_at,0.22986977,-0.07380663,,,,
205901_at,0.22987048,-0.20408058,,,,
1557680_at,0.22989618,-0.08477458,,,,
203539_s_at,0.22989982,-0.09625698,,,,
227771_at,0.2299039,0.37202772,,,,
47550_at,0.22993619,0.28642529,,,,
210916_s_at,0.22993638,-0.46776332,,,,
209866_s_at,0.22994055,-0.32865898,,,,
1555947_at,0.22995866,-0.15944444,,,,
239681_at,0.2299622,-0.06884581,,,,
229021_at,0.22996393,-0.33489565,,,,
223433_at,0.23000991,0.20336559,,,,
207521_s_at,0.23001047,-0.16886441,,,,
202839_s_at,0.23002474,0.14014896,,,,
242705_x_at,0.23004841,0.23739682,,,,
218457_s_at,0.23005693,0.22949665,,,,
214704_at,0.23006087,-0.09067002,,,,
1552480_s_at,0.2300866,-0.07908445,,,,
209531_at,0.23013077,0.33630474,,,,
218841_at,0.23015213,0.12521738,,,,
232426_at,0.23017018,-0.08077548,,,,
231701_s_at,0.23017787,0.27801857,,,,
212255_s_at,0.23017841,0.17353652,,,,
225505_s_at,0.23018548,0.20078265,,,,
213103_at,0.23023139,-0.24801623,,,,
1570208_at,0.23023548,-0.05622208,,,,
1557056_at,0.23024106,-0.08009232,,,,
210165_at,0.23025363,-0.23142449,,,,
201601_x_at,0.23026386,-0.35653502,,,,
203796_s_at,0.23026588,0.25588706,,,,
216987_at,0.23031641,0.0418504,,,,
233565_s_at,0.23031696,-0.46006449,,,,
228930_at,0.23034855,0.30074588,,,,
1570575_at,0.23037316,-0.05766135,,,,
237217_at,0.23042143,0.13258436,,,,
202871_at,0.23042544,0.22008338,,,,
217449_at,0.23044754,-0.08492958,,,,
237877_at,0.23045655,0.08754263,,,,
1552605_s_at,0.23046135,-0.06975635,,,,
236847_at,0.23048735,0.15080414,,,,
203975_s_at,0.2304909,-0.22510075,,,,
207636_at,0.23050399,-0.05182636,,,,
221054_s_at,0.23059317,-0.0743821,,,,
239810_at,0.23061101,0.08124217,,,,
209559_at,0.23061663,-0.12566169,,,,
231445_at,0.23066367,0.32928372,,,,
215056_at,0.23066472,-0.15820939,,,,
223589_at,0.23066634,0.13999092,,,,
237426_at,0.23070626,-0.19576956,,,,
226719_at,0.2307073,0.14410249,,,,
1568919_at,0.23071275,-0.05236938,,,,
216376_x_at,0.23071378,-0.09692678,,,,
204179_at,0.23072709,0.71098037,,,,
1559940_s_at,0.2307593,-0.05666923,,,,
230177_at,0.2307846,0.29361338,,,,
210048_at,0.230815,0.19523968,,,,
238076_at,0.23082615,0.27611495,,,,
216784_at,0.23087277,-0.07965062,,,,
228343_at,0.23092397,-0.08973837,,,,
217163_at,0.23094524,0.07574189,,,,
218531_at,0.23094589,0.18865555,,,,
217430_x_at,0.23098432,-0.21704603,,,,
222457_s_at,0.23099056,0.33419041,,,,
237318_at,0.23100379,-0.09195347,,,,
1570350_at,0.23100594,-0.08922698,,,,
223965_at,0.23106891,-0.06925377,,,,
229490_s_at,0.2310836,0.26261401,,,,
204383_at,0.23109111,-0.16785956,,,,
205612_at,0.23109398,0.53818538,,,,
1567213_at,0.23110657,-0.26447443,,,,
200722_s_at,0.23110768,-0.29326292,,,,
1555626_a_at,0.23110861,-0.14313168,,,,
218920_at,0.23111273,-0.16227339,,,,
1553560_at,0.23115321,-0.07057167,,,,
229590_at,0.23115347,-0.16851628,,,,
1569637_at,0.2311542,-0.06155397,,,,
229349_at,0.23117278,0.29209465,,,,
215101_s_at,0.2311829,-0.75126315,,,,
236617_at,0.23118568,0.10627514,,,,
234074_at,0.23118924,-0.19098824,,,,
242762_s_at,0.23121315,0.2641479,,,,
1557386_at,0.23124789,0.07724527,,,,
203473_at,0.23135237,-0.33086614,,,,
240589_at,0.2313812,-0.06585236,,,,
1563673_a_at,0.23140572,-0.05772382,,,,
229977_at,0.23140582,-0.08469589,,,,
240601_at,0.23142909,0.20155285,,,,
239864_at,0.23143282,-0.06845848,,,,
1566289_at,0.23145315,-0.07195047,,,,
222777_s_at,0.23147138,0.23550113,,,,
239617_at,0.23147176,-0.06996186,,,,
206397_x_at,0.23147526,0.38071115,,,,
207964_x_at,0.23150684,-0.08069652,,,,
1567985_at,0.23150826,-0.09885476,,,,
205314_x_at,0.23151985,0.10520914,,,,
227393_at,0.23154089,-0.26583346,,,,
236886_at,0.2315417,0.17938662,,,,
222704_at,0.23154199,0.13632791,,,,
201033_x_at,0.23156129,0.07835567,,,,
241783_at,0.2316031,-0.081458,,,,
224195_at,0.2316066,-0.07306385,,,,
210728_s_at,0.23163546,-0.25358852,,,,
230483_at,0.23166376,0.16355129,,,,
227305_s_at,0.23167363,0.12842732,,,,
1560002_at,0.23167884,-0.0925798,,,,
208973_at,0.23168572,-0.2748477,,,,
218750_at,0.23170654,0.38752415,,,,
211572_s_at,0.23172231,0.20503595,,,,
220117_at,0.2317373,0.29989286,,,,
201501_s_at,0.23173799,0.14072748,,,,
1570182_at,0.23175363,-0.07199799,,,,
1554108_at,0.23177657,0.13897599,,,,
221959_at,0.23179441,0.3773621,,,,
1552616_a_at,0.23186607,-0.21517595,,,,
228555_at,0.23189875,-0.27477715,,,,
234366_x_at,0.23190619,-0.40340965,,,,
206637_at,0.23191622,-0.51696913,,,,
242304_at,0.23191766,0.18443045,,,,
237790_at,0.2319263,0.09152848,,,,
238523_at,0.23194574,0.14824424,,,,
1565131_x_at,0.23194994,0.06071884,,,,
241871_at,0.23195563,-0.29675735,,,,
209729_at,0.2319821,0.20759609,,,,
244046_at,0.23198493,-0.20332382,,,,
236295_s_at,0.23200559,-0.26887583,,,,
243345_at,0.23202167,-0.10756425,,,,
224840_at,0.23204586,-0.35156575,,,,
220297_at,0.2320555,0.13176118,,,,
238775_at,0.23206518,0.18765447,,,,
217598_at,0.23207473,0.16554722,,,,
210911_at,0.23208695,0.11065986,,,,
236667_at,0.2321373,-0.11394393,,,,
227910_at,0.23215225,-0.22620817,,,,
244294_at,0.23216709,0.16237676,,,,
1569337_at,0.23217119,-0.07750409,,,,
208902_s_at,0.23218645,-0.11484405,,,,
215686_x_at,0.23220259,0.23781142,,,,
205411_at,0.23220292,-0.14608898,,,,
237014_at,0.23220672,-0.07748919,,,,
214809_at,0.23223837,-0.06425462,,,,
210445_at,0.23224625,-0.55414835,,,,
218796_at,0.23225682,-0.68172415,,,,
230992_at,0.23226394,-0.24615694,,,,
202169_s_at,0.23228054,0.156114,,,,
215279_at,0.23229791,-0.0995012,,,,
209250_at,0.23231351,0.30168563,,,,
218286_s_at,0.23231517,0.1415697,,,,
210686_x_at,0.2323322,-0.13992704,,,,
1555316_a_at,0.23237179,-0.06372718,,,,
218641_at,0.23237355,0.27619857,,,,
206816_s_at,0.23241575,0.10331137,,,,
244454_at,0.23242587,-0.05367776,,,,
213612_x_at,0.23244509,0.14400128,,,,
239254_at,0.23245395,-0.11382796,,,,
207835_at,0.23245488,-0.08387544,,,,
236755_at,0.23246624,-0.11529429,,,,
203164_at,0.23246795,0.21196606,,,,
1566047_at,0.23249084,-0.0494285,,,,
1570318_at,0.23249688,-0.05792405,,,,
1555842_at,0.23251114,-0.28127448,,,,
239893_at,0.23256289,-0.22419538,,,,
230851_x_at,0.23260838,-0.08114207,,,,
1565844_at,0.23261431,-0.07538811,,,,
206443_at,0.23262011,-0.12457565,,,,
243398_at,0.23262073,0.10454746,,,,
225735_at,0.23262695,0.35677934,,,,
238918_at,0.23263343,-0.19359747,,,,
227842_at,0.23263646,0.16793267,,,,
204615_x_at,0.23263956,0.25249181,,,,
240409_at,0.23268889,0.09483244,,,,
226546_at,0.23269921,0.40382278,,,,
239357_at,0.23273593,0.21280897,,,,
1569099_at,0.23276971,0.11856201,,,,
206064_s_at,0.23284888,-0.10686222,,,,
212297_at,0.23286315,0.21646583,,,,
1558869_at,0.23287284,-0.06600854,,,,
214508_x_at,0.2328881,0.16381323,,,,
240799_at,0.2328942,-0.05568224,,,,
36907_at,0.2329576,-0.09637128,,,,
218153_at,0.23295959,-0.18898183,,,,
239194_at,0.23297953,-0.08561049,,,,
203165_s_at,0.2330523,0.21326837,,,,
235524_at,0.23306235,0.08195925,,,,
211122_s_at,0.23309015,0.64107876,,,,
206138_s_at,0.23312171,0.16028229,,,,
244022_at,0.23312803,0.1264155,,,,
243587_x_at,0.233137,-0.07829337,,,,
1562920_at,0.23314476,-0.09166959,,,,
213234_at,0.23316164,-0.39676589,,,,
203868_s_at,0.23317681,0.50230872,,,,
1560990_a_at,0.23318504,-0.05087442,,,,
223166_x_at,0.23322759,-0.16971449,,,,
203256_at,0.23325898,0.63088865,,,,
217536_x_at,0.23327923,0.09870246,,,,
1560679_at,0.23330693,0.26850809,,,,
1560354_at,0.23331477,-0.10453701,,,,
224230_at,0.23333025,0.06257193,,,,
233922_at,0.23335435,-0.0565091,,,,
201908_at,0.23336084,0.19325962,,,,
1561165_a_at,0.23336388,-0.054788,,,,
238305_at,0.23338234,0.07196049,,,,
219111_s_at,0.23341486,0.16213441,,,,
224153_s_at,0.23342041,0.0846701,,,,
1556105_at,0.23343626,0.10822866,,,,
228248_at,0.23345146,-0.21471201,,,,
1557330_at,0.23347202,-0.09258827,,,,
218826_at,0.23347697,-0.35369164,,,,
220005_at,0.23348282,-0.38060661,,,,
227661_at,0.23348693,0.10374358,,,,
234733_s_at,0.23351272,0.18225175,,,,
1568623_a_at,0.23351319,-0.32892661,,,,
241671_x_at,0.23351922,0.11895475,,,,
204431_at,0.23352975,-0.29280912,,,,
238104_at,0.2335386,-0.08616773,,,,
239725_at,0.23354091,0.37459879,,,,
222344_at,0.23355179,0.30108611,,,,
228633_s_at,0.23355369,-0.11197986,,,,
234608_at,0.23356301,-0.0992105,,,,
235329_at,0.23358341,-0.32908342,,,,
1552559_a_at,0.23358347,-0.0814951,,,,
220672_at,0.23359303,-0.15500538,,,,
221937_at,0.23362209,-0.14122658,,,,
208881_x_at,0.23362549,0.25965453,,,,
231120_x_at,0.23364977,-0.50544787,,,,
208568_at,0.23365606,-0.09302637,,,,
220436_at,0.23366423,0.14067084,,,,
210955_at,0.2336652,-0.07892829,,,,
1556162_at,0.23366791,-0.09342907,,,,
240833_at,0.23367657,-0.07758001,,,,
233830_at,0.23368345,-0.07063228,,,,
217730_at,0.23369917,-0.25994128,,,,
229552_at,0.23373411,0.24623251,,,,
237075_at,0.23373612,0.17602509,,,,
209194_at,0.23374391,0.21840542,,,,
236980_at,0.23375702,-0.10710676,,,,
217630_at,0.23375914,0.12614761,,,,
220547_s_at,0.23376715,0.18370049,,,,
230049_at,0.23377118,-0.09015516,,,,
210977_s_at,0.23382265,-0.08721135,,,,
204377_s_at,0.233835,-0.10119889,,,,
212435_at,0.23385118,0.17276166,,,,
1559132_at,0.23386013,-0.29088395,,,,
232198_at,0.23386391,0.12351395,,,,
206835_at,0.23386626,-0.25089333,,,,
204666_s_at,0.23387294,0.19318629,,,,
229585_at,0.23387934,0.24711142,,,,
46167_at,0.23389703,0.14910303,,,,
230495_at,0.23390467,-0.06454764,,,,
244442_at,0.23390621,-0.09835289,,,,
1565016_at,0.23391183,0.08358978,,,,
220364_at,0.23394074,0.24802949,,,,
244711_at,0.23401997,-0.09046101,,,,
214669_x_at,0.23402428,-0.66003525,,,,
215469_at,0.23403626,0.16342404,,,,
206694_at,0.23408066,-0.09711649,,,,
222695_s_at,0.23408098,-0.20662247,,,,
243377_at,0.23408421,-0.08932354,,,,
203783_x_at,0.2340944,-0.09298288,,,,
222845_x_at,0.23410112,0.16751667,,,,
210924_at,0.23410505,-0.09090762,,,,
230669_at,0.2341815,0.20356762,,,,
215940_at,0.23418502,-0.05513099,,,,
232741_at,0.23419004,-0.14714615,,,,
242089_at,0.23420533,0.12162074,,,,
1559716_at,0.23420966,-0.06860205,,,,
220445_s_at,0.23420991,0.31632499,,,,
209854_s_at,0.23425041,-0.4469476,,,,
203108_at,0.23425972,-0.75010728,,,,
234532_at,0.23427097,0.06721172,,,,
228651_at,0.23428508,-0.09750472,,,,
1555673_at,0.23430665,-0.24235618,,,,
216698_x_at,0.23433561,0.16125411,,,,
201751_at,0.23440523,-0.16053935,,,,
213596_at,0.23448942,0.23262501,,,,
234170_at,0.23449517,-0.12766942,,,,
208822_s_at,0.23452729,0.1566223,,,,
202607_at,0.23453398,0.19052795,,,,
241095_at,0.23453814,-0.0689019,,,,
239459_s_at,0.23454475,-0.06119686,,,,
214363_s_at,0.23455916,0.12102657,,,,
202570_s_at,0.23455932,0.17664664,,,,
238987_at,0.23456992,-0.18167439,,,,
204787_at,0.23459831,-0.40713134,,,,
208221_s_at,0.23460401,0.08311054,,,,
219240_s_at,0.23461489,0.19242378,,,,
1569323_at,0.23463878,0.0857936,,,,
228543_at,0.23467254,0.20495983,,,,
1557038_s_at,0.23468325,0.24231546,,,,
204754_at,0.23469248,0.50888437,,,,
229133_s_at,0.23470354,0.19164809,,,,
239904_at,0.23470386,-0.05963031,,,,
1557676_at,0.2347087,-0.10899488,,,,
224580_at,0.2347132,0.28400119,,,,
237322_at,0.23471867,-0.08514962,,,,
234816_at,0.23471899,-0.10739002,,,,
224048_at,0.23474912,-0.19096627,,,,
241497_at,0.23475825,-0.17364186,,,,
207520_at,0.23476404,0.16878408,,,,
1559292_s_at,0.23478383,-0.06547105,,,,
223482_at,0.2348404,0.17317411,,,,
202577_s_at,0.23485228,0.15433828,,,,
239698_at,0.23486382,0.09131225,,,,
201288_at,0.23487158,-0.26923748,,,,
204655_at,0.23489983,-0.39536538,,,,
219060_at,0.23493085,0.21990111,,,,
211675_s_at,0.23493645,0.33463903,,,,
207924_x_at,0.2349416,-0.30215914,,,,
216178_x_at,0.2349581,0.20065682,,,,
203657_s_at,0.23496609,0.30328617,,,,
1555645_at,0.23498218,-0.07366068,,,,
223931_s_at,0.23500711,-0.18309566,,,,
1554368_at,0.23500885,-0.06143347,,,,
1562016_at,0.23501005,0.08563831,,,,
1562628_at,0.23504902,-0.09426271,,,,
244405_s_at,0.23505174,0.05595064,,,,
209332_s_at,0.23505393,-0.14092126,,,,
234596_at,0.23506404,-0.05445495,,,,
1556982_at,0.23507163,-0.08814381,,,,
1556165_at,0.23507873,-0.07465641,,,,
217895_at,0.23508176,0.17412846,,,,
1553633_s_at,0.23509559,0.08907345,,,,
1564277_a_at,0.23515384,-0.10857588,,,,
1557763_at,0.23515773,-0.06034938,,,,
234831_at,0.23518429,-0.06886608,,,,
1560330_at,0.2352008,0.04811973,,,,
221967_at,0.23523097,-0.14774069,,,,
240858_at,0.23525084,0.06126115,,,,
204392_at,0.23527349,-0.23427522,,,,
214303_x_at,0.23529275,-0.33334807,,,,
215956_at,0.23530223,-0.07064956,,,,
209508_x_at,0.23531287,-0.18539112,,,,
1558750_a_at,0.23532097,-0.29217135,,,,
237123_x_at,0.2353279,-0.04531676,,,,
212560_at,0.23535603,-0.47443868,,,,
1554351_a_at,0.23537318,0.18761183,,,,
1556282_at,0.23537977,0.05991344,,,,
205546_s_at,0.23539693,-0.12276219,,,,
213319_s_at,0.23543521,-0.10197968,,,,
223844_at,0.23544976,0.22432224,,,,
201208_s_at,0.23545603,0.11775524,,,,
223983_s_at,0.23545827,0.1570258,,,,
244790_at,0.2354723,0.17621111,,,,
211125_x_at,0.23548231,-0.11121433,,,,
242352_at,0.23549518,0.297172,,,,
222179_at,0.23550249,-0.09884478,,,,
1558094_s_at,0.23552835,0.17078265,,,,
213878_at,0.23553056,0.23456315,,,,
220914_at,0.23553508,0.07308738,,,,
239981_x_at,0.23554885,-0.08543456,,,,
200928_s_at,0.23555143,0.15776747,,,,
219977_at,0.2355874,-0.06234661,,,,
216115_at,0.23560355,0.15993298,,,,
210413_x_at,0.23560652,0.60671777,,,,
244725_at,0.23562315,0.09446349,,,,
1554365_a_at,0.23562572,-0.1846904,,,,
201867_s_at,0.23562714,0.29631095,,,,
212738_at,0.2356336,0.18860366,,,,
1554798_at,0.23566406,-0.10305519,,,,
239197_s_at,0.23570996,-0.10230021,,,,
224616_at,0.23571552,-0.14985759,,,,
214988_s_at,0.23573342,0.11366905,,,,
241587_at,0.23574405,0.05142707,,,,
240881_at,0.23575028,-0.08652452,,,,
206993_at,0.23575786,0.17985228,,,,
201170_s_at,0.23576055,-0.35391835,,,,
1554183_s_at,0.23580053,-0.07376129,,,,
214721_x_at,0.23580358,0.22266828,,,,
220839_at,0.2358065,-0.18520747,,,,
221505_at,0.23581854,0.21395304,,,,
203750_s_at,0.23582586,0.08127212,,,,
1569906_s_at,0.23584583,-0.18104839,,,,
1556382_a_at,0.23585802,0.105169,,,,
235594_at,0.23587779,-0.10139851,,,,
234034_at,0.2358876,-0.09811487,,,,
229154_at,0.2359135,-0.08525997,,,,
223384_s_at,0.23592458,0.2475521,,,,
213194_at,0.2359575,0.37083433,,,,
209862_s_at,0.23595809,0.18755029,,,,
212729_at,0.23596579,-0.26554723,,,,
214193_s_at,0.23596705,0.23533953,,,,
209666_s_at,0.23597691,0.15640604,,,,
220812_s_at,0.23599294,-0.32647587,,,,
201861_s_at,0.23600058,-0.20784174,,,,
206232_s_at,0.23601162,-0.1532868,,,,
230655_at,0.2360316,0.39407969,,,,
241490_s_at,0.23603872,-0.077951,,,,
203886_s_at,0.23605233,0.4943676,,,,
212482_at,0.23605886,-0.17906504,,,,
AFFX-CreX-3_at,0.236086,-0.12907651,,,,
244165_at,0.23608899,0.27026992,,,,
1558504_at,0.23611434,-0.07292867,,,,
241177_at,0.23611621,-0.05032174,,,,
208843_s_at,0.2361173,0.13484626,,,,
1556958_at,0.23615305,0.09194451,,,,
231786_at,0.23616855,-0.73332468,,,,
1558414_at,0.23618899,0.17712203,,,,
241860_at,0.23621137,0.0568638,,,,
221923_s_at,0.23626665,-0.19225459,,,,
233212_at,0.23629027,-0.10005762,,,,
209119_x_at,0.23629731,0.30680421,,,,
201906_s_at,0.23631373,-0.23430598,,,,
234821_at,0.23633842,-0.05621312,,,,
221382_at,0.23634952,-0.09428457,,,,
236514_at,0.23636487,-0.26043369,,,,
219522_at,0.23641904,0.3800668,,,,
208031_s_at,0.23643932,-0.09314466,,,,
1560888_x_at,0.23649485,0.06963285,,,,
1564077_at,0.23649551,-0.11246973,,,,
201849_at,0.23650803,0.36392636,,,,
203486_s_at,0.23652108,0.13342667,,,,
237270_at,0.23655745,0.17711364,,,,
222826_at,0.23655875,0.18662126,,,,
207439_s_at,0.23655906,-0.27568747,,,,
1554555_a_at,0.23655942,0.2073109,,,,
217226_s_at,0.23659248,-0.23117474,,,,
242018_at,0.23659323,0.10396685,,,,
223849_s_at,0.23661677,0.18077995,,,,
243807_at,0.23662841,0.07059304,,,,
212792_at,0.23663252,-0.27582068,,,,
214179_s_at,0.23664295,0.1502499,,,,
223513_at,0.23666566,0.27254495,,,,
218570_at,0.23667671,0.16081062,,,,
227560_at,0.23668973,0.28972138,,,,
241795_at,0.23671915,-0.08671367,,,,
237528_at,0.23672196,0.04125626,,,,
202903_at,0.23672942,0.23457957,,,,
217827_s_at,0.23673438,0.10812674,,,,
1569996_at,0.23679562,0.12332545,,,,
1564359_a_at,0.2368022,0.23022886,,,,
220911_s_at,0.2368363,0.26264818,,,,
220196_at,0.23685236,-0.47847008,,,,
207776_s_at,0.23685526,-0.10898261,,,,
1556590_s_at,0.23690723,0.17751153,,,,
216208_s_at,0.23692976,-0.17343792,,,,
239087_at,0.2369547,-0.27724813,,,,
203314_at,0.23696141,0.1610616,,,,
229151_at,0.23696459,0.41497565,,,,
233882_s_at,0.23699135,0.39922648,,,,
1563143_at,0.23699203,-0.06957687,,,,
1569237_at,0.23701208,-0.06023993,,,,
39548_at,0.23704349,-0.24748256,,,,
218868_at,0.23709301,0.31836525,,,,
221425_s_at,0.23710617,0.13804248,,,,
209172_s_at,0.23711708,0.36248038,,,,
222200_s_at,0.23712812,0.13275239,,,,
1559862_at,0.23716172,0.0569639,,,,
215550_at,0.23719408,-0.06432807,,,,
202453_s_at,0.23719664,-0.16621413,,,,
1562446_at,0.23719868,-0.07164854,,,,
210081_at,0.23722231,-0.2362734,,,,
227819_at,0.237226,0.48456418,,,,
211513_s_at,0.23723308,-0.20107511,,,,
242636_at,0.23726288,0.15225647,,,,
206786_at,0.23727046,-0.47600553,,,,
218453_s_at,0.2372743,0.12062391,,,,
224742_at,0.23727966,-0.16164866,,,,
231876_at,0.23728343,-0.12725005,,,,
1559510_at,0.23729637,0.13137717,,,,
206474_at,0.23732517,-0.18212034,,,,
1557991_at,0.23732735,0.13393977,,,,
218077_s_at,0.23733497,-0.21564033,,,,
223577_x_at,0.23735955,-0.27558754,,,,
208461_at,0.2373947,0.11171509,,,,
210072_at,0.23740921,-0.68043116,,,,
215335_at,0.23742916,0.07027354,,,,
209916_at,0.23743554,0.34952087,,,,
220151_at,0.23744192,0.12293884,,,,
229619_at,0.23747034,-0.13455899,,,,
241464_s_at,0.23748449,-0.14423592,,,,
227982_at,0.23749146,0.30598621,,,,
243771_at,0.23749965,-0.07194902,,,,
236880_at,0.2375408,0.08950769,,,,
1561770_at,0.2375828,0.06758363,,,,
1568934_at,0.23759746,-0.06595325,,,,
215342_s_at,0.2375989,-0.3298839,,,,
212750_at,0.23761227,0.32935569,,,,
236998_at,0.23761361,-0.09110861,,,,
1561508_at,0.23761607,-0.06953657,,,,
234499_at,0.23764994,-0.09580212,,,,
205911_at,0.23767009,0.30205189,,,,
224320_s_at,0.23769242,0.26461788,,,,
221143_at,0.23770259,-0.13227095,,,,
233734_s_at,0.23773712,0.16629686,,,,
1554927_at,0.23774005,-0.07097424,,,,
209781_s_at,0.23775213,0.36342766,,,,
1560285_at,0.2377581,0.09187355,,,,
228981_at,0.23778038,-0.12170057,,,,
210446_at,0.23784321,-0.06987711,,,,
215974_at,0.23785378,-0.0913267,,,,
237392_at,0.23789917,-0.0717338,,,,
223189_x_at,0.2379234,-0.20957611,,,,
1568821_at,0.23792918,0.0717901,,,,
241230_at,0.23794303,-0.09444362,,,,
242370_at,0.23794936,0.17313052,,,,
204688_at,0.23796891,0.47311135,,,,
244381_at,0.23799832,-0.08579151,,,,
236863_at,0.23802601,0.2016264,,,,
200994_at,0.2380673,-0.15248123,,,,
242446_at,0.23808023,0.0954314,,,,
212453_at,0.23813206,0.17076656,,,,
241649_at,0.23816201,-0.05439803,,,,
242375_x_at,0.2382566,0.7044114,,,,
213029_at,0.23827403,0.33847275,,,,
1557963_at,0.23827579,-0.10004823,,,,
208392_x_at,0.23827862,-0.17726602,,,,
210304_at,0.23829297,0.18489121,,,,
222238_s_at,0.23830867,-0.15795878,,,,
226640_at,0.23835031,-0.16170123,,,,
205510_s_at,0.2384055,0.22944908,,,,
239463_at,0.23841869,0.13124506,,,,
211908_x_at,0.23844555,-0.35033948,,,,
1569669_at,0.23845406,-0.05782454,,,,
213510_x_at,0.23845516,0.19850615,,,,
210742_at,0.23847071,-0.17069623,,,,
217142_at,0.23847319,-0.10385201,,,,
242801_at,0.23848906,0.13607058,,,,
225965_at,0.23848968,0.14277762,,,,
232209_x_at,0.23852871,-0.11957968,,,,
226293_at,0.2385491,0.16737603,,,,
219106_s_at,0.23855673,0.80268871,,,,
201187_s_at,0.23856611,-0.10236282,,,,
243737_at,0.23857635,0.35054058,,,,
201615_x_at,0.23859689,0.28930397,,,,
243149_at,0.23860335,0.30642081,,,,
1554531_at,0.23861423,-0.07838604,,,,
211696_x_at,0.23861874,0.55873097,,,,
215345_x_at,0.2386236,-0.07786104,,,,
239535_at,0.23862592,-0.09705119,,,,
211413_s_at,0.23863272,0.09855618,,,,
235257_at,0.23868452,-0.06300208,,,,
218568_at,0.23869647,0.18773792,,,,
242271_at,0.23873261,-0.30912357,,,,
226740_x_at,0.23874504,0.14091725,,,,
233258_at,0.23876264,-0.08646854,,,,
209911_x_at,0.23876269,0.45527985,,,,
240848_at,0.23876444,-0.06093391,,,,
221796_at,0.23879228,0.62269349,,,,
237624_at,0.23882025,0.11998343,,,,
200635_s_at,0.23882297,0.30937249,,,,
213890_x_at,0.23884812,-0.07702127,,,,
231956_at,0.23888328,0.28460047,,,,
236175_at,0.23888622,0.47085468,,,,
233629_at,0.23889183,-0.06511831,,,,
206978_at,0.23889623,-0.38215357,,,,
204761_at,0.23889828,0.22987373,,,,
227094_at,0.23889841,0.35613922,,,,
208199_s_at,0.23890205,0.11025597,,,,
231340_at,0.23893289,-0.07249223,,,,
242656_at,0.23896089,0.17828194,,,,
211456_x_at,0.23903033,0.34011037,,,,
212621_at,0.23906104,0.18201769,,,,
227067_x_at,0.23909079,0.24924411,,,,
202955_s_at,0.23909152,-0.2102938,,,,
213988_s_at,0.23914664,-0.22065562,,,,
238241_at,0.23914985,-0.07146198,,,,
232399_at,0.23917244,0.07090113,,,,
240702_at,0.23919728,0.05096012,,,,
228432_at,0.23921339,-0.34043747,,,,
221044_s_at,0.23922264,-0.2492175,,,,
208267_at,0.23922573,-0.06831917,,,,
243107_at,0.23923315,-0.08475441,,,,
242116_x_at,0.23926518,0.15038443,,,,
217438_at,0.23927638,0.0760367,,,,
201975_at,0.23929482,0.18945164,,,,
219081_at,0.23931349,-0.17443394,,,,
227412_at,0.23932639,-0.15338697,,,,
215175_at,0.23935948,-0.08843018,,,,
78383_at,0.23937515,-0.16529756,,,,
216755_at,0.23938426,-0.087171,,,,
203483_at,0.23939608,-0.09656653,,,,
214399_s_at,0.23939905,0.20185333,,,,
203313_s_at,0.23940299,0.22069293,,,,
1562323_at,0.23942507,-0.11136774,,,,
216690_at,0.23942597,-0.06669779,,,,
220727_at,0.23943196,-0.12989518,,,,
226435_at,0.23944531,-0.410026,,,,
1557025_a_at,0.2394467,-0.05619839,,,,
203018_s_at,0.23944704,0.24831469,,,,
205624_at,0.23945735,-0.7251324,,,,
227623_at,0.23946895,-0.56205492,,,,
209032_s_at,0.2394776,0.42015242,,,,
233097_x_at,0.23950025,-0.06209882,,,,
203686_at,0.23952299,-0.15519857,,,,
212013_at,0.23953748,0.35029967,,,,
203694_s_at,0.23955321,0.11293942,,,,
219874_at,0.23955412,0.33791129,,,,
210641_at,0.23956001,-0.26365539,,,,
210113_s_at,0.2395754,-0.1744759,,,,
230021_at,0.23957624,0.16979078,,,,
215099_s_at,0.2395786,-0.25610759,,,,
1563949_at,0.23958354,-0.08946727,,,,
1553386_at,0.23964698,0.08253392,,,,
233026_s_at,0.23967834,0.14410701,,,,
1562693_at,0.23968373,-0.09102197,,,,
225112_at,0.23970556,0.262739,,,,
204193_at,0.23972551,-0.15615216,,,,
211502_s_at,0.23972932,0.22199505,,,,
209196_at,0.23973245,0.11985816,,,,
224307_x_at,0.23976022,-0.15451008,,,,
1569690_at,0.23980635,-0.07967117,,,,
1560105_at,0.23982874,-0.07534875,,,,
206906_at,0.23983528,-0.13604458,,,,
233647_s_at,0.23983915,0.21795511,,,,
203400_s_at,0.23985737,1.3004765,,,,
202456_s_at,0.23987013,0.1631831,,,,
1554947_at,0.23994453,-0.0589081,,,,
1558452_at,0.23995313,-0.05901781,,,,
236190_at,0.23996775,-0.13968526,,,,
202585_s_at,0.23997972,-0.15746348,,,,
215568_x_at,0.23998637,-0.10034352,,,,
242716_at,0.24001413,-0.0896961,,,,
1552690_a_at,0.240037,-0.09908382,,,,
243909_x_at,0.24004619,-0.11526122,,,,
227501_at,0.2400616,-0.2178016,,,,
240340_at,0.24006849,-0.07382042,,,,
209786_at,0.24008627,0.17690504,,,,
204728_s_at,0.24008838,0.27824198,,,,
230593_at,0.24009429,-0.22599056,,,,
200776_s_at,0.24011658,0.19025904,,,,
231555_at,0.24014127,-0.07899358,,,,
226933_s_at,0.24015339,0.47104087,,,,
236926_at,0.24016207,0.3540887,,,,
232139_s_at,0.24016815,-0.17675497,,,,
1566096_x_at,0.2401737,-0.05690079,,,,
1556127_at,0.24017642,-0.09437633,,,,
243508_at,0.24020383,-0.18428769,,,,
206977_at,0.24021634,0.06926644,,,,
211333_s_at,0.2402435,-0.16002289,,,,
241318_at,0.24025046,-0.06853512,,,,
218110_at,0.24028003,0.16603313,,,,
1561460_at,0.24028007,-0.09030738,,,,
225682_s_at,0.2402802,0.12345937,,,,
1553103_at,0.24028538,-0.13141727,,,,
222626_at,0.24029996,-0.20798061,,,,
228212_at,0.24033999,-0.14045968,,,,
210350_x_at,0.24034497,-0.16783887,,,,
213856_at,0.2403527,0.19759596,,,,
241511_at,0.2403815,-0.06163514,,,,
205284_at,0.24038851,0.18145281,,,,
210220_at,0.24039198,0.33593059,,,,
224674_at,0.24045793,-0.16562741,,,,
241288_at,0.24045956,-0.06816792,,,,
216440_at,0.24046859,-0.061591,,,,
243858_at,0.24047068,-0.10034847,,,,
239072_at,0.24049109,-0.24442954,,,,
235645_at,0.24053072,0.21837686,,,,
204855_at,0.24054107,0.98768668,,,,
223517_at,0.24054419,-0.10689551,,,,
231258_at,0.2405445,-0.26148841,,,,
213881_x_at,0.24055271,0.09814043,,,,
220183_s_at,0.2405582,0.27620725,,,,
1569785_at,0.24057122,0.18992734,,,,
240759_at,0.24058532,0.12054723,,,,
208763_s_at,0.24058755,-0.30871701,,,,
240373_at,0.24059145,0.14741061,,,,
1559948_at,0.24060733,-0.07813319,,,,
244573_at,0.24063441,-0.05739608,,,,
243330_at,0.24063648,-0.07923904,,,,
212486_s_at,0.24063867,0.39609708,,,,
209827_s_at,0.24064953,-0.27173534,,,,
219408_at,0.24067335,-0.13466773,,,,
241468_at,0.24072221,-0.09497986,,,,
231362_at,0.2407307,-0.12275299,,,,
243642_x_at,0.24074442,-0.11832998,,,,
220832_at,0.24075679,-0.24810749,,,,
216322_at,0.24075782,-0.24783143,,,,
225737_s_at,0.24076814,0.18065747,,,,
201529_s_at,0.24077512,0.21048509,,,,
239155_at,0.24079612,0.52119918,,,,
227673_at,0.24080634,0.07142178,,,,
202127_at,0.24081919,0.31938332,,,,
213800_at,0.24082226,0.61677343,,,,
208251_at,0.24083654,-0.06129489,,,,
240420_at,0.24086775,0.37153782,,,,
210620_s_at,0.24086884,-0.17008695,,,,
205845_at,0.24087466,-0.14171739,,,,
1570430_at,0.24088365,-0.1537887,,,,
1556744_a_at,0.24088559,0.26985442,,,,
239306_at,0.24093366,0.07169967,,,,
1565242_at,0.24096173,-0.06006486,,,,
1555977_at,0.24096193,-0.13785782,,,,
217158_at,0.24096814,-0.08375369,,,,
1554677_s_at,0.24097858,-0.17463977,,,,
1569141_a_at,0.24098305,-0.07181738,,,,
203832_at,0.24098864,0.15204103,,,,
210819_x_at,0.24098881,-0.12661785,,,,
211606_at,0.24099553,-0.06827179,,,,
1569827_at,0.24101993,0.15365137,,,,
238678_at,0.2410241,0.11287931,,,,
225641_at,0.24103067,0.13259994,,,,
210970_s_at,0.24103409,0.14722996,,,,
1569859_at,0.2410482,-0.07362671,,,,
219504_s_at,0.24105502,0.14363306,,,,
212170_at,0.24108972,0.23198332,,,,
226312_at,0.24109419,0.19603408,,,,
211846_s_at,0.24109767,0.19591687,,,,
235243_at,0.24113017,0.09911451,,,,
214127_s_at,0.24117732,-0.07661371,,,,
220705_s_at,0.24121774,-0.10648799,,,,
207932_at,0.24122875,-0.05042951,,,,
229637_at,0.2412352,0.1418248,,,,
244446_at,0.24124028,-0.07000562,,,,
216862_s_at,0.24124721,0.17378945,,,,
225094_at,0.24125605,0.17651789,,,,
225377_at,0.24130213,-0.19096703,,,,
221341_s_at,0.24130599,-0.07544872,,,,
202696_at,0.241314,-0.13059598,,,,
213118_at,0.2413257,0.17872095,,,,
225282_at,0.24138299,-0.23851717,,,,
212572_at,0.24138863,0.25313433,,,,
1564868_a_at,0.24140588,-0.10294106,,,,
210233_at,0.24142191,0.51741336,,,,
1562470_at,0.24143033,0.06439755,,,,
238690_at,0.24144183,0.11796304,,,,
224525_s_at,0.24147887,0.25417935,,,,
230604_at,0.24151024,0.21703001,,,,
234050_at,0.24151907,-0.07088433,,,,
232379_at,0.24152541,-0.16004848,,,,
1553120_at,0.24154101,-0.08077036,,,,
205951_at,0.2415453,0.63084261,,,,
243929_at,0.24155255,-0.21575207,,,,
234697_x_at,0.24156421,0.0996867,,,,
237794_at,0.24160582,-0.06386521,,,,
209760_at,0.24163686,0.26644424,,,,
201235_s_at,0.24166986,-0.20865875,,,,
243949_at,0.24170056,0.05453324,,,,
1555074_a_at,0.24170495,0.15815049,,,,
240654_at,0.24170986,-0.09332535,,,,
207177_at,0.24171021,0.37746297,,,,
1562005_at,0.24171801,-0.06346723,,,,
214799_at,0.24172511,-0.16305537,,,,
233561_at,0.24174101,-0.06171035,,,,
40837_at,0.2417477,-0.2882296,,,,
224640_at,0.24179455,0.16479584,,,,
1559565_x_at,0.24180891,-0.06878845,,,,
237295_at,0.24181206,-0.05216643,,,,
231689_at,0.24181893,-0.1054272,,,,
214010_s_at,0.24181918,-0.10318205,,,,
1570212_a_at,0.24182612,-0.06246244,,,,
242869_at,0.24183699,0.0676772,,,,
239358_at,0.24184209,-0.1459141,,,,
1553366_s_at,0.24184492,-0.1143618,,,,
203601_s_at,0.24185778,-0.15521634,,,,
222477_s_at,0.2418746,0.21912127,,,,
1553441_at,0.24187518,0.04180784,,,,
1565876_x_at,0.24187643,0.06040054,,,,
207965_at,0.24192548,-0.102734,,,,
1563825_at,0.24197248,-0.04797644,,,,
208581_x_at,0.24198788,0.41404529,,,,
212178_s_at,0.24198935,0.13476266,,,,
205971_s_at,0.24201274,-0.10770184,,,,
213803_at,0.24202615,0.19746935,,,,
239467_at,0.24204289,-0.24934243,,,,
209102_s_at,0.24205562,0.10418883,,,,
235653_s_at,0.24207574,0.19589777,,,,
233855_at,0.24207979,-0.07297996,,,,
1570100_at,0.24208676,-0.05071347,,,,
228102_at,0.24210329,-0.09025426,,,,
238288_at,0.24212308,-0.07139397,,,,
206166_s_at,0.24213536,0.71908963,,,,
240025_x_at,0.24219886,-0.06607754,,,,
216747_at,0.24222551,-0.06328935,,,,
234409_at,0.24225339,0.06239138,,,,
207680_x_at,0.24226179,0.16190859,,,,
244540_at,0.24228945,0.06769058,,,,
219037_at,0.24232227,0.20752251,,,,
228471_at,0.24232994,-0.33716008,,,,
211836_s_at,0.24233368,-0.05615362,,,,
218556_at,0.24235189,-0.19452578,,,,
244107_at,0.24239453,0.59787374,,,,
212858_at,0.24239646,-0.23390199,,,,
234051_at,0.24240635,0.09920921,,,,
1567078_x_at,0.2424215,-0.05774419,,,,
233774_at,0.24245029,-0.09860623,,,,
203453_at,0.24246073,-0.76473806,,,,
241262_at,0.24248542,0.26312771,,,,
231246_at,0.24250346,-0.10276521,,,,
1564200_at,0.24251546,0.13879037,,,,
1552330_at,0.24252195,0.24554175,,,,
1562582_at,0.24253147,0.06142614,,,,
224498_x_at,0.24254442,-0.15936935,,,,
1553815_a_at,0.24255844,0.20232837,,,,
200905_x_at,0.24257233,-0.20201553,,,,
232618_at,0.24257709,0.48225504,,,,
1557611_at,0.24258254,0.07700336,,,,
1556793_a_at,0.24262338,0.40778973,,,,
219479_at,0.24265525,0.27344102,,,,
214682_at,0.24267006,0.11858139,,,,
230632_at,0.24268971,-0.14748435,,,,
203871_at,0.24271515,0.13034822,,,,
241304_at,0.24271516,-0.05572507,,,,
213308_at,0.24272549,0.4726377,,,,
1569777_a_at,0.24273004,-0.07873139,,,,
1559443_s_at,0.24276324,-0.06651247,,,,
220721_at,0.24280826,-0.1651517,,,,
233627_at,0.2428335,-0.0691464,,,,
224698_at,0.24284506,-0.21005885,,,,
225230_at,0.24288034,-0.18398007,,,,
231199_at,0.2428846,0.28192316,,,,
1562673_at,0.2428867,-0.11824317,,,,
229314_at,0.24290201,-0.08876605,,,,
234385_at,0.2429082,-0.06897717,,,,
210228_at,0.24291621,-0.07566072,,,,
1557114_a_at,0.24291751,0.14214023,,,,
204045_at,0.24292344,0.24350442,,,,
1561556_at,0.24293474,-0.07219154,,,,
231459_at,0.24294834,-0.07081451,,,,
1561685_a_at,0.24297749,-0.10172869,,,,
228681_x_at,0.24304594,-0.07299538,,,,
235833_at,0.24306262,0.17888615,,,,
1570038_at,0.24307564,0.11827027,,,,
216443_at,0.24310722,-0.06236203,,,,
226194_at,0.2431117,-0.17514855,,,,
222080_s_at,0.24314825,0.12609303,,,,
222529_at,0.24317524,-0.37166734,,,,
222852_at,0.24319441,0.16022497,,,,
1561132_at,0.24322432,-0.06737228,,,,
1562056_at,0.24322606,0.14803693,,,,
1557322_at,0.24323852,0.18486679,,,,
210320_s_at,0.24324324,0.16464616,,,,
241621_at,0.24324989,-0.09911123,,,,
243191_at,0.24324993,-0.0681643,,,,
216798_at,0.24325532,-0.07384963,,,,
1560853_x_at,0.24326391,0.23280727,,,,
1562281_at,0.24328295,-0.05612652,,,,
232493_at,0.24331641,-0.14610954,,,,
1556203_a_at,0.24332387,0.14155643,,,,
224927_at,0.24337761,-0.23837377,,,,
236125_at,0.24337868,0.20353987,,,,
207836_s_at,0.24338044,0.28262665,,,,
201803_at,0.2433824,0.11482753,,,,
236022_at,0.24338304,0.20002792,,,,
233959_at,0.24341878,-0.0915911,,,,
209190_s_at,0.2434376,-0.22237763,,,,
1555058_a_at,0.24344308,0.2707921,,,,
242324_x_at,0.24346152,-0.23389382,,,,
225035_x_at,0.24346586,0.17137291,,,,
225544_at,0.24348426,0.39116224,,,,
203816_at,0.24348924,0.13504071,,,,
219500_at,0.24350206,-0.19225315,,,,
223143_s_at,0.24352031,-0.31272409,,,,
1566044_at,0.24356374,-0.06992204,,,,
66053_at,0.24357088,-0.25038909,,,,
231126_at,0.24359024,-0.14293546,,,,
1561107_at,0.24360057,-0.08570153,,,,
203490_at,0.24360125,-0.24644907,,,,
200867_at,0.24361018,-0.16374905,,,,
1558790_s_at,0.24362114,-0.10885879,,,,
243903_at,0.24363359,-0.08377464,,,,
201541_s_at,0.2436616,0.1321367,,,,
214115_at,0.24367793,0.11366125,,,,
215178_x_at,0.24368794,-0.13315369,,,,
1558827_a_at,0.24368832,-0.09906935,,,,
200926_at,0.24375144,0.06345292,,,,
229839_at,0.24379154,0.69345981,,,,
1552694_at,0.24387491,-0.12715219,,,,
206431_x_at,0.24388249,-0.09981193,,,,
1559362_at,0.24388557,-0.06685968,,,,
203435_s_at,0.24391608,-0.38189966,,,,
239066_at,0.2439318,0.2782187,,,,
224775_at,0.2439501,-0.12830368,,,,
235849_at,0.24396014,0.50809964,,,,
235102_x_at,0.24399611,0.14454427,,,,
236547_at,0.24400991,-0.06313072,,,,
36499_at,0.2440213,0.40724566,,,,
1562038_at,0.24406218,-0.05412376,,,,
243195_s_at,0.2440725,0.08990753,,,,
239371_at,0.24407739,-0.06270525,,,,
221028_s_at,0.24408789,0.1270166,,,,
203155_at,0.24413286,0.1946858,,,,
234884_x_at,0.24415836,-0.46342104,,,,
220142_at,0.24416511,-0.09932399,,,,
201632_at,0.2441926,0.12493541,,,,
233675_s_at,0.24422403,0.25650062,,,,
241306_at,0.24422903,-0.07436313,,,,
1554661_s_at,0.24426369,0.10788086,,,,
214720_x_at,0.24426811,-0.22843047,,,,
241663_at,0.24429641,-0.09783396,,,,
206017_at,0.244313,-0.12965374,,,,
208300_at,0.24434521,-0.44164667,,,,
242831_at,0.24437696,-0.06508756,,,,
214467_at,0.2443824,-0.31002417,,,,
236474_at,0.24444231,-0.15612705,,,,
1562896_at,0.24447016,-0.09116506,,,,
238577_s_at,0.24447402,0.38641437,,,,
221047_s_at,0.24448087,0.37156639,,,,
221209_s_at,0.2444885,-0.08851755,,,,
1562253_at,0.24451445,-0.08312426,,,,
216275_at,0.24453888,-0.11545929,,,,
235022_at,0.24456398,0.21707914,,,,
233206_at,0.2445686,0.09669734,,,,
237865_x_at,0.24457652,-0.25297497,,,,
230529_at,0.24458475,-0.13879103,,,,
223534_s_at,0.24462193,-0.12499682,,,,
201449_at,0.2446558,0.2676668,,,,
223484_at,0.24466766,-0.72138113,,,,
215225_s_at,0.24467585,-0.09490357,,,,
1557709_at,0.24469711,0.06435041,,,,
204114_at,0.24471332,0.45111664,,,,
204635_at,0.24471974,-0.25209782,,,,
1567181_x_at,0.24477147,0.0476214,,,,
1560489_at,0.24477226,-0.08862766,,,,
217567_at,0.24479948,-0.0613173,,,,
238244_at,0.24480892,0.06150642,,,,
244125_at,0.24480976,0.29003094,,,,
1567055_at,0.24481592,-0.08101123,,,,
215721_at,0.24488912,-0.0690393,,,,
235321_at,0.24494297,0.15015983,,,,
243820_at,0.24495492,-0.08113256,,,,
205420_at,0.24496381,0.28762311,,,,
222866_s_at,0.2450083,-0.25746952,,,,
202934_at,0.24501315,-0.36713562,,,,
212054_x_at,0.24502314,-0.11662479,,,,
221747_at,0.24502695,-0.24887059,,,,
218143_s_at,0.24503857,-0.17554637,,,,
230832_at,0.24510505,-0.0828213,,,,
236916_at,0.24511908,0.20336,,,,
211405_x_at,0.2451266,-0.09912692,,,,
216629_at,0.24514354,0.09716693,,,,
237021_at,0.24516068,-0.08470223,,,,
211641_x_at,0.24516648,-0.36416997,,,,
222512_at,0.24521456,-0.1302142,,,,
243049_at,0.24521469,0.11120044,,,,
214371_at,0.24524639,-0.08878055,,,,
220330_s_at,0.24524864,-0.33026932,,,,
218258_at,0.24527932,-0.22050536,,,,
223906_s_at,0.24529274,0.07197046,,,,
1562501_at,0.24530197,-0.06072322,,,,
206658_at,0.24537792,0.24524576,,,,
234991_at,0.24538888,0.14316354,,,,
222885_at,0.24539534,0.40335277,,,,
1560419_at,0.2454029,-0.05615387,,,,
227370_at,0.24542319,0.50447544,,,,
243132_at,0.24545339,-0.06901382,,,,
244474_at,0.24553347,0.21742018,,,,
218853_s_at,0.24555994,0.22446292,,,,
204999_s_at,0.24556384,0.56650007,,,,
1570080_at,0.24558555,-0.04480523,,,,
231282_at,0.24560365,-0.06889432,,,,
223636_at,0.24561224,0.34005319,,,,
216143_at,0.2456181,-0.09095599,,,,
213915_at,0.24562452,-0.33609011,,,,
208658_at,0.2456389,0.23778478,,,,
1563187_at,0.24564001,0.05117895,,,,
52940_at,0.24566875,-0.30590382,,,,
214317_x_at,0.24566931,-0.10386657,,,,
218358_at,0.24568984,0.21252694,,,,
237314_at,0.24573971,-0.10709253,,,,
240891_at,0.24574005,-0.08674019,,,,
238763_at,0.24574088,0.36093077,,,,
205119_s_at,0.24575236,-0.2884695,,,,
236192_at,0.24577635,0.20667181,,,,
237154_at,0.24579838,-0.18391041,,,,
204599_s_at,0.24580648,0.16112838,,,,
204945_at,0.24582288,-0.0865005,,,,
1561421_a_at,0.24582494,-0.19970897,,,,
226369_at,0.24583807,-0.17313574,,,,
239620_at,0.2458456,0.08740536,,,,
243579_at,0.24586321,0.24897932,,,,
219695_at,0.24589963,-0.25966724,,,,
224808_s_at,0.24591348,-0.16090917,,,,
229370_at,0.24592084,0.13700757,,,,
212518_at,0.24592196,-0.14174544,,,,
218041_x_at,0.24592672,0.19006031,,,,
1566776_at,0.24598008,-0.07365757,,,,
1553257_at,0.24598097,-0.07194509,,,,
241319_at,0.24599263,-0.06647499,,,,
219213_at,0.24600267,0.35902867,,,,
230682_x_at,0.24601823,-0.1972047,,,,
221507_at,0.24601837,0.17086041,,,,
1554568_at,0.24602537,-0.08504169,,,,
1557533_at,0.24606029,-0.05406361,,,,
213027_at,0.24609745,0.16784325,,,,
234852_at,0.24611745,-0.07132373,,,,
210429_at,0.24612691,0.06714969,,,,
239540_at,0.24613981,-0.09275358,,,,
214619_at,0.24614232,0.16099262,,,,
239244_at,0.24615026,-0.06142618,,,,
212922_s_at,0.24616566,0.21040107,,,,
229812_at,0.24616582,0.2086702,,,,
241592_at,0.24616891,0.14641677,,,,
226841_at,0.2461693,-0.37410135,,,,
1562442_a_at,0.24617472,-0.09809398,,,,
222632_s_at,0.24618031,0.2497453,,,,
227220_at,0.24619228,0.21752522,,,,
239948_at,0.24621641,0.16725213,,,,
1557008_at,0.2462327,0.15008263,,,,
215756_at,0.24623328,-0.08861791,,,,
223463_at,0.24628104,0.24171826,,,,
36004_at,0.24629633,-0.09299672,,,,
237747_at,0.24629651,-0.08990105,,,,
213355_at,0.24629818,0.47381381,,,,
210935_s_at,0.24631756,-0.41943814,,,,
237801_at,0.24634454,0.06410621,,,,
1569392_at,0.2463553,-0.07638502,,,,
1557843_at,0.24635694,0.09034635,,,,
238438_at,0.24636685,-0.17383847,,,,
206819_at,0.24637765,-0.08629074,,,,
223650_s_at,0.24638972,0.18803311,,,,
242133_s_at,0.24639384,0.29465045,,,,
244281_at,0.24641478,0.13434759,,,,
207003_at,0.24641808,-0.32477907,,,,
1566518_at,0.24641899,-0.08972896,,,,
213114_at,0.24646326,-0.25907347,,,,
214915_at,0.24646658,-0.07725989,,,,
232030_at,0.24650842,0.20740552,,,,
208589_at,0.2465104,-0.1002483,,,,
200873_s_at,0.2465159,0.12186322,,,,
233971_at,0.24653285,-0.18874424,,,,
215190_at,0.24655409,0.21404314,,,,
238677_at,0.24656752,0.18205122,,,,
211617_at,0.24657039,-0.07340803,,,,
210542_s_at,0.24658012,-0.13165134,,,,
241973_x_at,0.24659552,-0.11566797,,,,
231089_at,0.24664735,0.1807974,,,,
200862_at,0.24665554,0.46972558,,,,
1559094_at,0.24666661,0.25454729,,,,
208463_at,0.24667073,0.26014973,,,,
236271_at,0.2466788,-0.07867389,,,,
1558217_at,0.24671378,0.37306897,,,,
209382_at,0.24675335,0.13776542,,,,
233824_at,0.24679625,0.14009366,,,,
205261_at,0.2467972,-0.47181802,,,,
224469_s_at,0.24688434,-0.21808699,,,,
1563519_at,0.24691317,0.05489791,,,,
230570_at,0.24692258,-0.31477649,,,,
216140_at,0.24693427,-0.06430226,,,,
224590_at,0.24693526,-0.86303411,,,,
1554905_x_at,0.24694603,-0.08217509,,,,
1561223_at,0.2469519,-0.08011515,,,,
201013_s_at,0.24696234,0.17773834,,,,
208415_x_at,0.24698988,-0.13305334,,,,
1555659_a_at,0.24702811,-0.10998834,,,,
227820_at,0.24704276,-0.09164227,,,,
234194_at,0.24707325,-0.05470767,,,,
218503_at,0.24710791,-0.23592999,,,,
243498_at,0.2471112,0.16775967,,,,
213819_s_at,0.24715016,-0.17010228,,,,
1569181_x_at,0.24715512,0.26463138,,,,
1567008_at,0.24715901,-0.05540694,,,,
226055_at,0.24716351,-0.23814116,,,,
241029_at,0.24719285,-0.05494437,,,,
221362_at,0.24721553,0.08449988,,,,
231582_at,0.24723053,-0.07947099,,,,
239091_at,0.24724109,0.28100346,,,,
242145_at,0.24724262,-0.0650263,,,,
226856_at,0.24724901,0.44359898,,,,
211272_s_at,0.24725741,-0.28922707,,,,
223984_s_at,0.24726583,0.25377833,,,,
212818_s_at,0.24728783,-0.12964292,,,,
218652_s_at,0.24728811,0.20303462,,,,
237064_x_at,0.24732889,0.24819952,,,,
215457_at,0.24732927,0.10729788,,,,
225566_at,0.24734019,-0.25920874,,,,
1561566_at,0.24736223,-0.05023765,,,,
219772_s_at,0.24736567,0.48743557,,,,
1559409_a_at,0.24736756,0.09358035,,,,
244286_at,0.24737698,-0.13510621,,,,
232522_at,0.24741632,0.17495902,,,,
244854_at,0.24742191,-0.07465881,,,,
205737_at,0.24743118,-0.21378647,,,,
217235_x_at,0.2474649,-0.46758949,,,,
207978_s_at,0.2474684,-0.14292705,,,,
206202_at,0.24748558,-0.06100555,,,,
228673_s_at,0.24753213,-0.26474207,,,,
1564690_at,0.24753897,0.04293019,,,,
1558906_a_at,0.24754135,0.20942281,,,,
208855_s_at,0.24755783,-0.19077982,,,,
217940_s_at,0.24756686,-0.15999717,,,,
210285_x_at,0.24756701,-0.20592292,,,,
221515_s_at,0.247601,-0.17448313,,,,
235597_s_at,0.2476095,0.13139743,,,,
233053_at,0.24761179,-0.05221376,,,,
1560500_at,0.24761441,-0.09053058,,,,
239012_at,0.24765913,-0.13792471,,,,
215428_at,0.24767902,-0.08751469,,,,
230834_at,0.24771164,0.13527096,,,,
233910_at,0.247732,-0.10278796,,,,
238464_at,0.24776236,-0.19478743,,,,
212911_at,0.24776426,0.15227681,,,,
1570250_at,0.24777217,-0.05090973,,,,
203862_s_at,0.24778748,0.44530082,,,,
230299_s_at,0.24779015,-0.07757116,,,,
1561855_x_at,0.2477913,0.05259684,,,,
234982_at,0.2478226,0.19418746,,,,
1561543_at,0.24783638,-0.08120511,,,,
1555945_s_at,0.24783952,0.14118211,,,,
237107_at,0.2478618,0.22304458,,,,
1555157_at,0.24786669,-0.07183945,,,,
217258_x_at,0.24788144,-0.45846557,,,,
225386_s_at,0.24789035,0.12842535,,,,
224728_at,0.24791017,0.19854239,,,,
233032_x_at,0.24793243,0.06510831,,,,
206639_x_at,0.247933,-0.44416593,,,,
234371_at,0.24798037,-0.06926484,,,,
1552703_s_at,0.24800316,-0.35066257,,,,
236678_at,0.24801018,0.13046564,,,,
215393_s_at,0.24803235,0.24897725,,,,
223160_s_at,0.24804877,-0.14197823,,,,
210309_at,0.2480697,-0.08882368,,,,
227805_at,0.24809898,0.21250559,,,,
233271_at,0.24812164,0.18325759,,,,
238860_at,0.2482163,0.19887987,,,,
204943_at,0.24825164,-0.08986793,,,,
203558_at,0.24826056,0.12954599,,,,
241178_at,0.2482967,-0.06900462,,,,
1554097_a_at,0.24832322,-0.36811204,,,,
240228_at,0.24837337,0.07920447,,,,
1558195_at,0.24840736,0.12460811,,,,
1562902_at,0.24842087,-0.0577219,,,,
1553945_at,0.2484341,-0.08712363,,,,
203059_s_at,0.24845038,-0.28845696,,,,
236932_s_at,0.24845448,-0.06650417,,,,
1570531_at,0.24847033,-0.10558195,,,,
219928_s_at,0.24847262,0.24980134,,,,
205840_x_at,0.2484978,-0.07387909,,,,
224312_x_at,0.24850976,-0.13456762,,,,
201662_s_at,0.24851257,0.18929698,,,,
1556323_at,0.24854598,0.08302007,,,,
215804_at,0.24854653,-0.08502749,,,,
240564_x_at,0.24855937,-0.05424816,,,,
228859_at,0.24856375,0.3038119,,,,
228942_s_at,0.24858689,0.12705029,,,,
1558984_at,0.24860785,-0.08798944,,,,
201811_x_at,0.24861926,0.2767398,,,,
224893_at,0.2486296,0.20383128,,,,
219443_at,0.24864067,0.18910368,,,,
244413_at,0.24864268,-0.26426096,,,,
205043_at,0.24868612,-0.78127495,,,,
203828_s_at,0.24872869,-0.43086677,,,,
208764_s_at,0.24873436,-0.15196244,,,,
1562161_at,0.24874397,-0.0778426,,,,
215714_s_at,0.24883401,-0.20953627,,,,
241658_at,0.24888555,0.11755288,,,,
217794_at,0.2488884,-0.15912628,,,,
208217_at,0.24889434,-0.07282578,,,,
1560288_at,0.24891763,0.20546757,,,,
242187_s_at,0.24895254,0.0902398,,,,
218801_at,0.24895787,0.20697602,,,,
216855_s_at,0.24895893,-0.23322257,,,,
206046_at,0.24896565,-0.2683698,,,,
242001_at,0.24897766,0.08740824,,,,
226810_at,0.24899863,0.32601559,,,,
242842_at,0.24900632,-0.08168771,,,,
224158_s_at,0.24902501,-0.2602218,,,,
241256_at,0.24903242,0.07103079,,,,
203477_at,0.24908247,0.47420969,,,,
214973_x_at,0.24911794,-0.50373192,,,,
220536_at,0.2491293,0.10605588,,,,
202504_at,0.24913244,0.66137275,,,,
227751_at,0.24913916,0.26923069,,,,
222174_at,0.24915783,-0.07329991,,,,
244140_at,0.24917628,-0.09363522,,,,
1554277_s_at,0.24920474,0.11062221,,,,
208853_s_at,0.24921198,-0.21200885,,,,
217903_at,0.24927344,-0.15165926,,,,
1565732_at,0.24928451,-0.04700074,,,,
223157_at,0.24929243,-0.14215025,,,,
213359_at,0.24932496,-0.37660329,,,,
1553860_at,0.24935478,-0.06238391,,,,
204548_at,0.24935913,0.33643633,,,,
204756_at,0.24939633,0.08461419,,,,
220483_s_at,0.24940481,0.16634456,,,,
1565559_at,0.24941055,-0.0663035,,,,
231353_at,0.2494156,-0.0612397,,,,
210294_at,0.2494255,-0.13075252,,,,
244251_at,0.24945095,-0.21256944,,,,
1569743_at,0.24945128,-0.05265587,,,,
206215_at,0.24947754,-0.09801553,,,,
230284_at,0.24951916,-0.11252588,,,,
1557724_a_at,0.24953026,-0.0905807,,,,
1556567_at,0.24953207,-0.12718616,,,,
1559343_at,0.24954884,-0.25770543,,,,
226968_at,0.24955173,0.25773589,,,,
1554874_at,0.24956567,-0.05380816,,,,
203423_at,0.24957349,0.38980181,,,,
204237_at,0.24959295,-0.62860015,,,,
230450_at,0.24960871,0.16765741,,,,
202490_at,0.24962062,0.1088265,,,,
211401_s_at,0.24966114,0.34357319,,,,
239963_at,0.24967179,0.13778946,,,,
1556520_at,0.24967608,-0.06876269,,,,
1559893_at,0.24968302,0.14825078,,,,
223506_at,0.24973541,0.1883767,,,,
210496_at,0.24974838,0.05617337,,,,
242559_at,0.24974941,0.10511635,,,,
203338_at,0.2498281,0.12358503,,,,
207599_at,0.249834,-0.06981746,,,,
227499_at,0.24983781,0.49292349,,,,
227011_at,0.24984715,-0.07120235,,,,
224685_at,0.24986338,-0.26432977,,,,
214451_at,0.24991195,0.83766526,,,,
239011_at,0.24992303,0.10131962,,,,
1561849_at,0.25002858,-0.08635249,,,,
232091_s_at,0.25004071,0.11346734,,,,
1569335_a_at,0.25008254,0.11023599,,,,
1563379_at,0.25010415,-0.06608261,,,,
1555217_at,0.25013094,0.06710873,,,,
230313_at,0.25013405,-0.09571238,,,,
1562885_at,0.25014279,-0.09696739,,,,
1562916_at,0.25014325,-0.05494561,,,,
221353_at,0.25014733,-0.0691801,,,,
239117_at,0.25014842,-0.09259399,,,,
1556891_at,0.2501733,-0.06837434,,,,
225337_at,0.25017861,-0.28600779,,,,
242114_at,0.25023864,-0.11629324,,,,
213408_s_at,0.25024232,-0.12747924,,,,
1556907_at,0.25024818,-0.2150613,,,,
220299_at,0.25025124,0.21299764,,,,
216015_s_at,0.25027747,-0.13269876,,,,
239220_at,0.25028027,0.22152703,,,,
1567059_at,0.25028675,-0.05534516,,,,
220137_at,0.25031878,-0.23535057,,,,
202834_at,0.25035043,0.83498736,,,,
225817_at,0.25036391,0.43882481,,,,
222293_at,0.25036949,0.17516739,,,,
217016_x_at,0.25036997,0.06894321,,,,
220056_at,0.25038495,-0.34901703,,,,
244406_at,0.25040692,0.30501834,,,,
201345_s_at,0.2504225,-0.1540809,,,,
220702_at,0.25045368,-0.1088762,,,,
211638_at,0.25048384,-0.08746919,,,,
242405_at,0.25048602,0.28059558,,,,
234176_at,0.25048995,-0.07584825,,,,
235914_at,0.25049017,-0.14843323,,,,
211180_x_at,0.25049787,0.13150316,,,,
204915_s_at,0.25052254,0.36875269,,,,
213983_s_at,0.2505453,0.1665864,,,,
241640_at,0.25054756,-0.12857752,,,,
1565604_at,0.25054902,-0.0642731,,,,
239446_x_at,0.2505645,0.17547813,,,,
244090_at,0.25056842,-0.0719019,,,,
243326_at,0.25060008,-0.07979026,,,,
217279_x_at,0.25060996,-0.20540148,,,,
244535_at,0.25062319,-0.1130041,,,,
230157_at,0.2506584,-0.12919138,,,,
1569833_at,0.25069548,-0.0640428,,,,
218279_s_at,0.25071161,0.2863122,,,,
210390_s_at,0.25071204,-0.77002652,,,,
220273_at,0.25074437,0.14798479,,,,
240045_at,0.25076342,-0.35297351,,,,
233602_at,0.25077608,-0.05520189,,,,
205241_at,0.25078359,0.1245631,,,,
1560029_a_at,0.25080862,0.13241974,,,,
238199_x_at,0.25085264,-0.16379106,,,,
223819_x_at,0.25088627,0.17738136,,,,
239267_at,0.25096057,-0.08312766,,,,
1560562_a_at,0.25099114,0.32666277,,,,
226239_at,0.25099594,0.12372478,,,,
1568974_at,0.25100189,-0.05472381,,,,
206307_s_at,0.25101591,-0.51196132,,,,
202375_at,0.25102264,0.21158128,,,,
1563559_at,0.25103241,-0.05939887,,,,
215293_s_at,0.25105534,-0.13605366,,,,
239749_at,0.25105814,-0.11893394,,,,
1565832_at,0.25105997,-0.07410247,,,,
1555221_at,0.25107532,-0.05691732,,,,
236856_x_at,0.25107928,0.23051297,,,,
242852_at,0.25108152,0.15583102,,,,
210116_at,0.25112588,-0.30686976,,,,
234168_at,0.25113553,-0.0603241,,,,
1553901_x_at,0.25113886,0.07738348,,,,
239243_at,0.25115542,0.30195585,,,,
211330_s_at,0.25115592,0.28454258,,,,
1570107_at,0.25117069,-0.11772953,,,,
205887_x_at,0.25118814,0.13122666,,,,
212329_at,0.25121998,0.16666749,,,,
236662_at,0.25125629,0.11402906,,,,
233533_at,0.25127154,-0.06969995,,,,
239702_x_at,0.25128064,-0.07732033,,,,
217004_s_at,0.25129122,-0.09131551,,,,
1569512_at,0.25129701,0.20912683,,,,
223403_s_at,0.25130944,0.1664093,,,,
239839_at,0.25131176,0.1581888,,,,
237565_at,0.25132232,-0.06254294,,,,
1559529_at,0.25135929,0.11713435,,,,
241611_s_at,0.25137667,-0.13968584,,,,
241729_at,0.2513957,-0.11013908,,,,
227981_at,0.25140161,-0.10220213,,,,
233182_x_at,0.25140721,-0.07555364,,,,
229497_at,0.25142573,0.34223749,,,,
1552851_at,0.25144026,0.07759571,,,,
228601_at,0.25144368,-0.40119248,,,,
201221_s_at,0.25144666,-0.12056633,,,,
1559097_at,0.25148095,-0.11991543,,,,
204371_s_at,0.25148151,-0.12832811,,,,
218720_x_at,0.25149182,-0.34633854,,,,
216684_s_at,0.2515033,0.20134316,,,,
223889_at,0.25152117,-0.06806791,,,,
1559653_at,0.25152556,0.05073599,,,,
1561103_at,0.25152883,-0.06751921,,,,
225718_at,0.25155571,-0.16117816,,,,
209629_s_at,0.25155594,-0.27108416,,,,
235786_at,0.25155933,0.20778848,,,,
207223_s_at,0.25157495,-0.30594874,,,,
208737_at,0.25159578,0.16230409,,,,
1562810_at,0.25159757,-0.09414048,,,,
1569490_at,0.25159819,0.06278311,,,,
209528_s_at,0.25159965,0.11601057,,,,
1558768_at,0.25160977,-0.08408222,,,,
204740_at,0.25162705,-0.21729323,,,,
242093_at,0.25164419,-0.50819968,,,,
210896_s_at,0.25164868,-0.30733495,,,,
204308_s_at,0.25165404,0.16484116,,,,
218030_at,0.25165822,-0.09028252,,,,
225239_at,0.25166027,-0.40099856,,,,
219832_s_at,0.25167456,0.27720805,,,,
221836_s_at,0.25167647,0.15090828,,,,
243933_at,0.25174172,0.26242878,,,,
1555550_at,0.25176869,-0.08717577,,,,
1568768_s_at,0.25177441,0.12077404,,,,
216559_x_at,0.25178079,-0.11833639,,,,
203205_at,0.25178121,0.12661281,,,,
228763_at,0.25181387,0.22453533,,,,
241656_at,0.25189664,0.05020228,,,,
216663_s_at,0.2519102,-0.22031093,,,,
212021_s_at,0.25191914,-0.26704219,,,,
1556529_a_at,0.25194134,-0.04568386,,,,
236786_at,0.25197358,-0.06760348,,,,
231479_at,0.25200638,-0.13720859,,,,
238425_at,0.2520137,-0.18638937,,,,
221955_at,0.25204208,-0.10301464,,,,
1557487_at,0.25204473,0.24386486,,,,
1562775_at,0.25205219,0.09554091,,,,
243787_at,0.25207091,-0.06420757,,,,
222360_at,0.25209344,0.2179635,,,,
237703_at,0.25211416,-0.11951242,,,,
216809_at,0.25212365,-0.06455377,,,,
218141_at,0.25213916,0.16580354,,,,
238059_at,0.25218116,-0.10814747,,,,
244323_at,0.25223785,-0.13060022,,,,
211037_s_at,0.25226626,-0.13646946,,,,
202335_s_at,0.25227159,-0.13340745,,,,
202711_at,0.25233864,-0.15385377,,,,
211533_at,0.25234193,0.06572393,,,,
235779_at,0.25235494,0.202647,,,,
214222_at,0.25235741,0.17739524,,,,
238935_at,0.25238745,-0.32668959,,,,
233281_at,0.25238783,-0.08362346,,,,
1564707_x_at,0.25240116,-0.0947029,,,,
1562467_at,0.25241474,-0.0938527,,,,
214601_at,0.25241846,-0.23257395,,,,
230328_at,0.25241974,-0.13337984,,,,
202755_s_at,0.25245991,0.1914259,,,,
212211_at,0.25246904,0.12256853,,,,
212226_s_at,0.25246933,0.29185071,,,,
1569910_at,0.2525408,-0.10112665,,,,
209954_x_at,0.25257449,0.16373349,,,,
226458_at,0.25261704,0.30664645,,,,
229930_at,0.25262029,-0.28684524,,,,
201570_at,0.25263724,-0.13318542,,,,
1569416_at,0.25266581,-0.06806844,,,,
210940_s_at,0.25268995,0.06921516,,,,
216721_at,0.25269209,-0.07517481,,,,
218595_s_at,0.25270682,0.14847879,,,,
219309_at,0.25271162,-0.12907979,,,,
240527_at,0.25273791,-0.09622444,,,,
224660_at,0.2527424,0.13800106,,,,
1566852_at,0.25274483,-0.05612461,,,,
217230_at,0.25274941,-0.30203959,,,,
1569150_x_at,0.25280153,-0.17023587,,,,
231883_at,0.25281583,0.10674136,,,,
201358_s_at,0.25282936,0.14795231,,,,
1554288_at,0.25287201,-0.05718284,,,,
240918_at,0.25287824,-0.0732341,,,,
219644_at,0.25289996,0.24289656,,,,
205679_x_at,0.25290083,0.13900499,,,,
205997_at,0.25291138,-0.42970587,,,,
221335_x_at,0.25291597,-0.16004686,,,,
240534_at,0.25292041,-0.07021374,,,,
241864_x_at,0.25292108,0.49127836,,,,
234151_at,0.25293028,-0.12417751,,,,
202558_s_at,0.25297549,0.21778685,,,,
210802_s_at,0.25300262,0.14139663,,,,
243841_at,0.25300471,-0.11539302,,,,
224403_at,0.25301835,-0.07721524,,,,
205113_at,0.25302186,-0.40771735,,,,
231168_at,0.25302605,0.08173217,,,,
235674_at,0.25303245,0.16088687,,,,
210397_at,0.25303489,0.78092949,,,,
237260_at,0.25303795,0.07668413,,,,
242177_at,0.25303796,-0.06656999,,,,
220152_at,0.2530405,-0.09216514,,,,
1561519_at,0.25304393,-0.06358984,,,,
238537_at,0.25305167,0.48794843,,,,
238340_at,0.25307488,-0.05799071,,,,
224413_s_at,0.25309275,0.17746065,,,,
205323_s_at,0.25312222,0.09489094,,,,
233089_at,0.25312438,-0.08931413,,,,
210604_at,0.2531689,-0.07064935,,,,
1552758_at,0.25316968,-0.07049984,,,,
212216_at,0.25321191,0.20012484,,,,
238466_at,0.25321982,0.25711556,,,,
206525_at,0.25322123,0.20390273,,,,
1553310_at,0.25324534,-0.07339263,,,,
226585_at,0.25324557,0.21103025,,,,
1557906_at,0.25327648,-0.07060252,,,,
221588_x_at,0.25328514,0.43496726,,,,
242508_at,0.25330797,-0.09267155,,,,
224363_at,0.25332139,-0.06202162,,,,
240251_at,0.25332952,0.05676091,,,,
226900_at,0.25334599,0.10956298,,,,
1562214_at,0.25339761,-0.06509735,,,,
1556194_a_at,0.25340547,0.39992578,,,,
227190_at,0.25342597,-0.34424791,,,,
211391_s_at,0.25343079,-0.2684396,,,,
228390_at,0.25344735,0.31282561,,,,
225042_s_at,0.25345959,0.13466914,,,,
1553743_at,0.25346549,0.2156301,,,,
240176_at,0.25352241,0.13883682,,,,
1552340_at,0.25353979,-0.06092846,,,,
202388_at,0.25355357,-0.46705232,,,,
233251_at,0.25358966,-0.11781626,,,,
243047_at,0.25360712,-0.08331651,,,,
242739_at,0.25360823,0.08528694,,,,
230924_at,0.25363157,-0.17368582,,,,
235967_at,0.25370003,0.13776306,,,,
234064_at,0.25370465,0.06129223,,,,
1558170_at,0.25370546,0.16031267,,,,
224304_x_at,0.25372942,-0.20363404,,,,
210000_s_at,0.2537316,-0.07366237,,,,
237436_at,0.25373437,-0.06889023,,,,
1556345_s_at,0.25375296,-0.14391797,,,,
229084_at,0.25375682,0.45420106,,,,
1553113_s_at,0.25377611,0.23334716,,,,
205089_at,0.25378162,0.20271025,,,,
202093_s_at,0.2537843,0.1613383,,,,
206074_s_at,0.25381077,-0.32944419,,,,
202925_s_at,0.25381879,-0.28223205,,,,
237454_at,0.25382718,0.0663819,,,,
211880_x_at,0.25384722,-0.09835268,,,,
1552772_at,0.2538543,-0.14168458,,,,
1553655_at,0.25389975,-0.1397722,,,,
239356_at,0.25391089,0.07343299,,,,
1556601_a_at,0.2539131,-0.19388417,,,,
1567389_at,0.25393171,0.06161421,,,,
202021_x_at,0.25394846,-0.12254432,,,,
208997_s_at,0.25395141,-0.25569243,,,,
209207_s_at,0.25397667,0.14001472,,,,
230514_s_at,0.25401922,0.08045371,,,,
233337_s_at,0.25404224,-0.35908451,,,,
225595_at,0.25404631,0.31204696,,,,
241889_at,0.25405539,0.07252517,,,,
220922_s_at,0.25407261,-0.39515026,,,,
236556_s_at,0.25410271,0.06482625,,,,
235389_at,0.25414502,0.19653574,,,,
207184_at,0.2542084,-0.1376624,,,,
219586_at,0.2542105,-0.13517283,,,,
220326_s_at,0.25425404,0.19974202,,,,
216205_s_at,0.25426207,-0.24339384,,,,
1566535_at,0.2543166,-0.07388766,,,,
1565026_a_at,0.25432558,-0.04882779,,,,
219069_at,0.25434962,0.15833684,,,,
224449_at,0.25435139,-0.09221745,,,,
1554302_s_at,0.25436461,-0.22006183,,,,
1558534_at,0.25438128,-0.0755245,,,,
242633_x_at,0.25439473,-0.11306787,,,,
1561644_x_at,0.25440991,0.05625346,,,,
207166_at,0.25441787,0.34414791,,,,
242730_at,0.25443059,-0.06984219,,,,
235999_at,0.25445815,-0.11265927,,,,
236780_at,0.2544726,0.19019038,,,,
223805_at,0.25448582,0.32163102,,,,
235844_at,0.2544918,0.15153166,,,,
1565840_at,0.25449201,-0.05467292,,,,
225580_at,0.2544929,0.22068153,,,,
221705_s_at,0.25453031,0.19958796,,,,
220518_at,0.25453811,0.26105481,,,,
231403_at,0.25460659,0.30569989,,,,
1557543_at,0.25461077,0.19021681,,,,
223211_at,0.25461691,0.21471982,,,,
1561489_at,0.25462329,-0.07597,,,,
1560848_at,0.25462729,-0.11336242,,,,
202042_at,0.25462815,-0.12407503,,,,
1566787_at,0.25467999,-0.05508819,,,,
241565_at,0.25468984,-0.06714558,,,,
206312_at,0.25470052,-0.75919748,,,,
211685_s_at,0.254702,0.33614842,,,,
221069_s_at,0.2547538,0.19902297,,,,
1566990_x_at,0.2547832,-0.09417362,,,,
204502_at,0.25479428,-0.32315435,,,,
225855_at,0.25479784,0.32053391,,,,
1555707_at,0.25480366,-0.06279801,,,,
210352_at,0.25485343,0.07635515,,,,
228538_at,0.25485608,0.30032031,,,,
224914_s_at,0.25486807,0.1679906,,,,
1555417_a_at,0.2548697,-0.05512143,,,,
238468_at,0.25487633,-0.16302901,,,,
212670_at,0.25487922,0.29717354,,,,
241581_at,0.25488964,0.07020759,,,,
226409_at,0.25489675,0.14876147,,,,
211926_s_at,0.25492435,-0.16316877,,,,
226272_at,0.25493293,-0.34188376,,,,
207491_at,0.25495202,-0.16503359,,,,
241849_at,0.25497597,-0.06181625,,,,
209136_s_at,0.25499881,0.19393901,,,,
238253_at,0.25502071,-0.13323648,,,,
204929_s_at,0.25503776,0.25303085,,,,
239444_at,0.25504964,0.16339741,,,,
207571_x_at,0.25509941,-0.30201571,,,,
229863_s_at,0.25510759,-0.13956293,,,,
217236_x_at,0.25512624,-0.20942573,,,,
243347_at,0.25513318,0.07801885,,,,
1562250_at,0.25513748,-0.05366592,,,,
224321_at,0.25514067,-0.32425514,,,,
219087_at,0.25515401,0.4184114,,,,
206077_at,0.25519512,-0.07631525,,,,
202491_s_at,0.255203,0.16193621,,,,
1559214_at,0.25520363,0.23616963,,,,
237559_at,0.25520725,-0.0798265,,,,
238431_at,0.25521079,0.17560418,,,,
241460_at,0.25522005,-0.12877159,,,,
228786_at,0.25523106,0.13562924,,,,
1555492_a_at,0.25526244,-0.06314351,,,,
244056_at,0.25527629,-0.81347935,,,,
234002_at,0.2552932,-0.07039177,,,,
1556812_a_at,0.25531074,-0.06030987,,,,
243697_at,0.2553175,-0.06582418,,,,
219924_s_at,0.25531976,-0.16544981,,,,
1552272_a_at,0.25532378,-0.08048418,,,,
1570339_x_at,0.25532541,-0.09638996,,,,
202404_s_at,0.25535805,0.32682462,,,,
212101_at,0.25536641,-0.14713841,,,,
224487_at,0.25537271,-0.06807586,,,,
203588_s_at,0.25538971,0.21935205,,,,
214432_at,0.25542005,-0.09814148,,,,
220060_s_at,0.2554345,0.27101316,,,,
206933_s_at,0.25543641,-0.11591907,,,,
201841_s_at,0.25547138,-0.32341097,,,,
236342_at,0.25550803,0.07164338,,,,
239471_at,0.25552271,-0.08490114,,,,
235415_at,0.25552513,0.16654651,,,,
212897_at,0.25555817,-0.23711379,,,,
240678_at,0.25556772,-0.07108431,,,,
243540_at,0.25559128,-0.07621835,,,,
233283_at,0.25559727,-0.06688802,,,,
221960_s_at,0.25562263,-0.34642118,,,,
1558685_a_at,0.25562898,-0.20006895,,,,
226622_at,0.25564757,-0.68818117,,,,
232328_at,0.25565991,-0.07340664,,,,
1569935_at,0.25566108,-0.10578578,,,,
240866_at,0.25567136,0.12750716,,,,
1555687_a_at,0.25568452,0.04264273,,,,
1553544_at,0.25569482,-0.09698177,,,,
231905_at,0.25570488,-0.08602957,,,,
207584_at,0.25570962,0.68706017,,,,
1564544_x_at,0.25571075,-0.09868699,,,,
208833_s_at,0.25571461,0.13419246,,,,
206285_at,0.25572748,-0.07143982,,,,
236722_at,0.25574183,0.0795214,,,,
1554593_s_at,0.25574726,0.30490609,,,,
222250_s_at,0.25576371,0.18634365,,,,
1566666_at,0.25577677,-0.06461016,,,,
213288_at,0.25579332,-0.34361031,,,,
1567627_at,0.25581011,-0.08723509,,,,
219141_s_at,0.25581582,-0.10683407,,,,
203472_s_at,0.25583371,-0.29902512,,,,
218479_s_at,0.25589286,0.21384478,,,,
1563497_at,0.25589669,0.24693724,,,,
208983_s_at,0.25591932,-0.33377372,,,,
1554397_s_at,0.25592791,-0.22969739,,,,
203051_at,0.25594773,0.12566997,,,,
232121_at,0.25595476,-0.08141111,,,,
221771_s_at,0.25602942,0.13600405,,,,
203249_at,0.25604143,-0.13128611,,,,
1568781_at,0.25604713,0.22372572,,,,
216285_at,0.25604866,-0.08082071,,,,
238262_at,0.25606101,-0.05787252,,,,
218786_at,0.25607775,-0.21516865,,,,
235823_at,0.25608248,-0.08624417,,,,
241387_at,0.25611105,0.16936147,,,,
1558667_at,0.25612022,-0.05534017,,,,
202291_s_at,0.25613419,0.54542425,,,,
240871_at,0.25613477,-0.07421075,,,,
226553_at,0.25614138,-0.51738333,,,,
236903_at,0.25614315,0.09535778,,,,
1560385_x_at,0.25616266,0.05846647,,,,
225039_at,0.25617411,0.12865748,,,,
244688_at,0.25617538,-0.1159021,,,,
221084_at,0.25618948,-0.08760609,,,,
1565544_at,0.2561905,-0.08448323,,,,
38037_at,0.25621327,-0.26792808,,,,
205495_s_at,0.25621749,-0.45672632,,,,
228054_at,0.25622492,-0.24942132,,,,
213181_s_at,0.25624584,0.2390186,,,,
204829_s_at,0.25624909,-0.37170439,,,,
231803_at,0.25626601,-0.08927995,,,,
221482_s_at,0.25631564,0.15928871,,,,
205263_at,0.25631907,-0.18549759,,,,
1556960_a_at,0.25633207,-0.06036521,,,,
224976_at,0.25635194,0.32205044,,,,
213934_s_at,0.25635827,0.19715052,,,,
202134_s_at,0.25636674,0.25391793,,,,
228155_at,0.25637508,0.30811143,,,,
241193_at,0.25637929,-0.08004658,,,,
240801_at,0.25641369,0.14193771,,,,
232048_at,0.2564309,0.17404845,,,,
213639_s_at,0.25643921,0.1129127,,,,
213945_s_at,0.25644199,-0.15702922,,,,
230307_at,0.25645484,0.14274648,,,,
229856_s_at,0.25649977,-0.1540996,,,,
215807_s_at,0.25651789,-0.18750723,,,,
231159_at,0.25652284,-0.08763666,,,,
237481_at,0.25653944,0.0540342,,,,
214638_s_at,0.25654754,-0.11622835,,,,
1561098_at,0.25654929,-0.06503861,,,,
216306_x_at,0.25656595,-0.12987277,,,,
238695_s_at,0.25657508,0.24826891,,,,
244508_at,0.25666735,0.11502628,,,,
243754_at,0.25667575,-0.27492914,,,,
235459_at,0.25670598,-0.15512303,,,,
235499_at,0.25671549,0.08866426,,,,
220179_at,0.2567331,-0.12512816,,,,
203105_s_at,0.256745,0.19024157,,,,
225182_at,0.25679338,0.18796142,,,,
234985_at,0.25679674,0.37723427,,,,
1552785_at,0.25680439,0.13211348,,,,
240011_at,0.25681704,0.11370489,,,,
201859_at,0.25684588,-0.24345237,,,,
215699_x_at,0.25685444,-0.10732854,,,,
233040_at,0.25685636,0.24096978,,,,
211140_s_at,0.25687513,-0.23267594,,,,
228796_at,0.25687716,-0.35788481,,,,
1561651_s_at,0.25688876,-0.08135517,,,,
210286_s_at,0.25688957,-0.22157316,,,,
221480_at,0.25690477,0.22808598,,,,
211753_s_at,0.2569104,-0.11401467,,,,
244312_at,0.25691109,0.15582813,,,,
1565723_at,0.256916,-0.05259246,,,,
212826_s_at,0.25702307,-0.18888249,,,,
1570090_at,0.25704086,-0.07019348,,,,
223040_at,0.25706277,0.13396124,,,,
243535_at,0.25707731,-0.04964729,,,,
218337_at,0.25709907,0.164726,,,,
201747_s_at,0.25711263,-0.21044387,,,,
206904_at,0.25712757,-0.06656087,,,,
1552858_at,0.25714527,-0.07728369,,,,
238483_at,0.257171,0.22585841,,,,
230472_at,0.25717112,0.67011144,,,,
203714_s_at,0.25717748,0.16528914,,,,
213966_at,0.25717864,-0.07461747,,,,
1553497_at,0.25718167,0.05419267,,,,
205850_s_at,0.25720455,0.29555204,,,,
213968_at,0.2572299,-0.08483598,,,,
205475_at,0.25724965,0.65052277,,,,
240229_at,0.25727132,-0.08954658,,,,
203650_at,0.25728981,-0.38308863,,,,
207719_x_at,0.25731496,0.287587,,,,
1556238_at,0.25734237,0.0999335,,,,
221256_s_at,0.25734349,-0.29878884,,,,
209419_at,0.25735435,0.07032712,,,,
210809_s_at,0.25735951,0.38831358,,,,
201123_s_at,0.25739987,-0.25933569,,,,
235798_at,0.25740708,0.36666178,,,,
1559402_a_at,0.25742397,-0.07485852,,,,
1558568_a_at,0.25742799,0.14033588,,,,
200653_s_at,0.25743162,-0.15632803,,,,
244326_at,0.25743207,-0.07055253,,,,
1555725_a_at,0.25743881,-0.34817019,,,,
213337_s_at,0.25746928,-0.09223931,,,,
233331_at,0.25747126,-0.08021135,,,,
208256_at,0.25751596,-0.07878019,,,,
220645_at,0.25751757,-0.40024031,,,,
240976_at,0.25752833,-0.07692174,,,,
1561110_at,0.25755056,0.04980966,,,,
1568601_at,0.2575524,-0.06997303,,,,
241005_at,0.25756434,0.06237938,,,,
1568981_at,0.25760463,-0.09851119,,,,
1570587_at,0.25760906,0.05397787,,,,
233287_at,0.25761555,-0.07525871,,,,
206849_at,0.25763366,-0.12567227,,,,
1562826_at,0.25763657,-0.08286838,,,,
228312_at,0.25764752,0.2041767,,,,
203443_at,0.25772347,-0.09648209,,,,
214107_x_at,0.2577372,-0.18181737,,,,
230719_at,0.25775981,-0.13106555,,,,
219683_at,0.2577635,0.42249775,,,,
232408_at,0.25776881,-0.08481533,,,,
230853_at,0.2577735,-0.06704531,,,,
237661_at,0.2577777,-0.0815819,,,,
212929_s_at,0.2577902,0.15661806,,,,
236076_at,0.25779883,0.16551458,,,,
222279_at,0.25779901,-0.16814861,,,,
221788_at,0.25783188,0.17485683,,,,
238337_s_at,0.2578551,0.1558034,,,,
1559877_at,0.25788735,-0.1538109,,,,
226924_at,0.25789274,0.25148791,,,,
1555226_s_at,0.25789502,-0.19812093,,,,
243805_at,0.25790444,-0.28334334,,,,
230457_at,0.2579204,0.11217155,,,,
225109_at,0.25793189,0.06593069,,,,
210878_s_at,0.25799023,-0.11879973,,,,
218420_s_at,0.25799154,-0.25561193,,,,
235139_at,0.25801714,-0.12379971,,,,
242357_x_at,0.25803452,0.12200596,,,,
1552950_at,0.25804072,0.0479813,,,,
221741_s_at,0.25805125,-0.16525365,,,,
235598_at,0.25805673,0.13121172,,,,
228386_s_at,0.25807028,0.1604189,,,,
223670_s_at,0.25808587,-0.08020793,,,,
227069_at,0.25809752,-0.27231998,,,,
235689_at,0.25811186,0.12680503,,,,
206956_at,0.25811598,0.20717227,,,,
209745_at,0.25813002,-0.15891805,,,,
237741_at,0.2581428,0.22314041,,,,
212321_at,0.25816811,0.20868658,,,,
1561286_a_at,0.25817968,0.15457179,,,,
240173_at,0.25822766,-0.30342497,,,,
1557070_at,0.25822856,0.12490462,,,,
230815_at,0.2582358,0.27787621,,,,
235972_at,0.25823756,0.18622023,,,,
222701_s_at,0.25824191,-0.26919979,,,,
1561670_at,0.25833845,-0.0576773,,,,
204108_at,0.25834419,0.19631389,,,,
216770_at,0.25834772,-0.05887037,,,,
210849_s_at,0.25837326,0.12132142,,,,
221309_at,0.2583825,0.10691008,,,,
1562189_at,0.25840753,-0.07297512,,,,
214916_x_at,0.25842951,-0.44825774,,,,
235503_at,0.25843464,0.43985599,,,,
242769_at,0.25844948,-0.19465217,,,,
238174_at,0.258454,0.23277097,,,,
241080_at,0.25846156,0.08608992,,,,
239082_at,0.2584937,0.45230661,,,,
201898_s_at,0.25850889,-0.20361953,,,,
218129_s_at,0.2585234,0.16920911,,,,
241782_at,0.25857756,-0.38205226,,,,
243892_at,0.25859191,-0.055584,,,,
1555366_at,0.25859795,-0.06119786,,,,
243862_at,0.25860687,-0.23843556,,,,
239412_at,0.25862371,-0.29601705,,,,
239430_at,0.25862481,-0.40861769,,,,
203436_at,0.25862788,0.12287348,,,,
220419_s_at,0.25862866,0.17647029,,,,
209741_x_at,0.25863848,0.16631955,,,,
221252_s_at,0.25864508,-0.06178828,,,,
213004_at,0.25864614,0.34473498,,,,
1555288_s_at,0.25865598,0.1291128,,,,
1563026_at,0.25865792,-0.05751189,,,,
1556385_at,0.25867233,-0.23489904,,,,
231307_at,0.25867316,0.18724743,,,,
230847_at,0.25869398,0.1678214,,,,
1552808_at,0.25870336,-0.05683651,,,,
241891_at,0.25874252,-0.19947063,,,,
231372_at,0.258744,-0.11555319,,,,
1558584_at,0.25874463,-0.08928532,,,,
242281_at,0.25880994,-0.34605136,,,,
1553726_s_at,0.25881101,0.2151681,,,,
206381_at,0.25881499,-0.12768166,,,,
230252_at,0.2588154,-0.33209726,,,,
207590_s_at,0.25882321,-0.14231393,,,,
219018_s_at,0.25884211,0.11083533,,,,
234714_x_at,0.25887388,-0.05027824,,,,
208925_at,0.25887862,0.15886342,,,,
230033_at,0.25889825,-0.1670018,,,,
233134_at,0.25890128,-0.08668666,,,,
239192_at,0.2589056,-0.0554787,,,,
202283_at,0.25891168,0.50058625,,,,
238614_x_at,0.25893005,0.24159144,,,,
240402_at,0.2589393,0.13605908,,,,
241017_at,0.25896149,-0.42334642,,,,
1567281_at,0.25897041,-0.04982306,,,,
1566446_at,0.25899471,0.06860577,,,,
207959_s_at,0.2590209,0.1002015,,,,
1555298_a_at,0.25906127,-0.06630605,,,,
212711_at,0.25906463,0.21643655,,,,
1558769_s_at,0.25907074,-0.0906627,,,,
201784_s_at,0.2590802,0.10233577,,,,
1552889_a_at,0.25908384,-0.08524281,,,,
211905_s_at,0.25909512,-0.23365705,,,,
212822_at,0.25909909,0.27414235,,,,
217943_s_at,0.25910139,-0.21259368,,,,
208241_at,0.25910545,-0.09712999,,,,
215557_at,0.25911114,0.12091274,,,,
211812_s_at,0.25911512,0.40320099,,,,
1552514_at,0.25911732,0.13952734,,,,
231748_at,0.25912275,0.10757492,,,,
241839_at,0.25912714,-0.12720958,,,,
1562440_at,0.25914026,0.17503689,,,,
240394_at,0.25915572,-0.0772868,,,,
204973_at,0.25916329,-0.42754075,,,,
1562481_at,0.2591678,0.13111396,,,,
239337_at,0.25921188,0.1404252,,,,
237312_at,0.25921404,-0.06286969,,,,
210550_s_at,0.25921514,-0.22624206,,,,
204611_s_at,0.25922974,-0.10089629,,,,
234088_at,0.25923504,-0.08939025,,,,
215784_at,0.25927148,-0.41003533,,,,
207815_at,0.25931204,-0.3094913,,,,
234538_at,0.25931706,-0.05610604,,,,
203757_s_at,0.25932247,-1.17247971,,,,
206124_s_at,0.25933116,0.09246649,,,,
215763_at,0.2593402,0.05089916,,,,
221204_s_at,0.25940136,0.32624012,,,,
238452_at,0.25941482,0.2381536,,,,
228109_at,0.25943656,0.29879928,,,,
209003_at,0.25943678,0.16184259,,,,
210381_s_at,0.2594488,0.20472647,,,,
216604_s_at,0.25945094,-0.19156865,,,,
1558470_at,0.25946592,-0.06505722,,,,
223658_at,0.25947755,-0.33988345,,,,
240055_at,0.25949347,-0.08993124,,,,
222478_at,0.25950055,-0.2379286,,,,
241549_at,0.25954743,-0.05790762,,,,
204087_s_at,0.25955745,0.26777188,,,,
218911_at,0.25956965,0.23339594,,,,
204755_x_at,0.25960728,0.59442735,,,,
209913_x_at,0.25961338,0.14824086,,,,
226748_at,0.25963667,0.21705673,,,,
242849_at,0.25965728,0.10427707,,,,
222677_x_at,0.25965783,-0.06281257,,,,
1561776_at,0.2596656,-0.07340407,,,,
233203_at,0.25968619,0.31755317,,,,
241698_at,0.25968982,0.26601364,,,,
215282_at,0.25971377,0.04780871,,,,
208987_s_at,0.2597255,0.15053527,,,,
242448_at,0.25973028,0.1704239,,,,
224399_at,0.25976548,-0.15770031,,,,
211135_x_at,0.25978737,-0.15970486,,,,
1559342_a_at,0.25983846,0.06282491,,,,
230558_at,0.25985284,0.09261506,,,,
211923_s_at,0.25985343,-0.06368021,,,,
221761_at,0.25986496,0.17879808,,,,
231245_s_at,0.25987822,-0.07647583,,,,
227903_x_at,0.25988287,-0.1722653,,,,
213110_s_at,0.25988765,0.64413809,,,,
243834_at,0.25997101,-0.14582707,,,,
225901_at,0.26000009,0.16439692,,,,
220323_at,0.26000993,-0.11029772,,,,
1561306_s_at,0.26004107,-0.07974245,,,,
231259_s_at,0.26006667,-0.23657989,,,,
238326_at,0.26007577,-0.15779312,,,,
237536_at,0.26008203,0.08104466,,,,
228969_at,0.26008396,-0.71448808,,,,
228480_at,0.26013051,0.27817288,,,,
1562232_at,0.26019452,-0.07211531,,,,
222534_s_at,0.26019671,-0.17480993,,,,
223483_at,0.26019703,-0.07231659,,,,
1552401_a_at,0.26019957,-0.12993939,,,,
232330_at,0.26026994,0.14058849,,,,
229838_at,0.26028048,0.25725149,,,,
241707_at,0.26028515,0.07954108,,,,
237015_at,0.26028659,0.2509156,,,,
236791_at,0.26028719,-0.05760316,,,,
208330_at,0.26030784,-0.0680539,,,,
208175_s_at,0.26037704,0.04959534,,,,
239360_at,0.26039857,-0.12899986,,,,
233866_at,0.26043405,0.07177262,,,,
242672_at,0.2604476,0.05231471,,,,
1570627_at,0.26044813,-0.05378237,,,,
240906_at,0.26045493,-0.08610857,,,,
237458_at,0.26045672,-0.04735045,,,,
205224_at,0.26046887,0.16009816,,,,
202304_at,0.26048611,-0.19140253,,,,
240036_at,0.2604954,-0.0570452,,,,
230359_at,0.26050604,0.26443314,,,,
203466_at,0.26052543,-0.19198017,,,,
243268_at,0.26054605,-0.06892889,,,,
1557601_s_at,0.26055194,-0.0796827,,,,
217847_s_at,0.26055941,-0.14652363,,,,
213999_at,0.26057453,-0.15017154,,,,
241018_at,0.26059673,-0.08666531,,,,
229398_at,0.2606485,0.17195521,,,,
226005_at,0.26067128,0.12680975,,,,
230918_at,0.26068213,0.20561026,,,,
220051_at,0.26072593,-0.44181949,,,,
206432_at,0.26072698,0.53981545,,,,
233780_at,0.26074502,0.11394898,,,,
219579_at,0.26076933,-0.10246537,,,,
239399_at,0.26078641,-0.07373892,,,,
204994_at,0.26078751,0.32044701,,,,
241520_x_at,0.26082068,0.08886665,,,,
207907_at,0.26082092,0.20838474,,,,
229730_at,0.26082619,0.36255925,,,,
210216_x_at,0.26082961,0.19170491,,,,
236341_at,0.26083419,-0.23912403,,,,
237027_at,0.26083915,-0.12443394,,,,
218540_at,0.26083949,-0.21385968,,,,
243770_at,0.26086636,0.11672774,,,,
225013_at,0.26089243,-0.07652245,,,,
1562220_at,0.26094979,-0.0791353,,,,
219568_x_at,0.26095858,0.21748013,,,,
38691_s_at,0.26096313,-0.33556588,,,,
224566_at,0.26096524,-0.40716313,,,,
218979_at,0.26098736,0.17928227,,,,
233936_s_at,0.26100608,0.15672275,,,,
203213_at,0.26100917,0.31244256,,,,
217774_s_at,0.2610327,0.13974501,,,,
1556856_at,0.26103572,0.05764951,,,,
1566144_at,0.26103917,-0.09220072,,,,
210362_x_at,0.26104741,-0.10646693,,,,
227769_at,0.26106859,0.63267162,,,,
231852_at,0.26108599,0.24608734,,,,
213523_at,0.26110319,0.31545764,,,,
36936_at,0.26110724,0.24520794,,,,
225850_at,0.26110961,-0.195533,,,,
235108_at,0.26112271,-0.1241886,,,,
211146_at,0.26119763,-0.05843726,,,,
219649_at,0.26125996,0.18335583,,,,
204569_at,0.26127952,0.13731147,,,,
208131_s_at,0.26128185,0.45908988,,,,
1561537_at,0.26128649,-0.08149483,,,,
218803_at,0.26135234,-0.26449925,,,,
1564134_at,0.26136893,0.04048191,,,,
223888_s_at,0.261377,-0.25022438,,,,
208786_s_at,0.26138105,-0.18574311,,,,
239832_at,0.26138128,-0.15909302,,,,
232398_at,0.26138823,0.24770924,,,,
217561_at,0.26141381,-0.11308605,,,,
234190_at,0.26143364,0.05178388,,,,
212503_s_at,0.26145762,0.23757221,,,,
239882_at,0.26146269,-0.12819409,,,,
202605_at,0.26146614,-0.18128425,,,,
218836_at,0.26149941,0.14436791,,,,
239314_at,0.26150011,-0.19042558,,,,
241263_at,0.26151618,-0.07665172,,,,
220043_s_at,0.26155582,0.16892437,,,,
213862_at,0.2615723,-0.06903232,,,,
233799_at,0.26158505,0.21646457,,,,
210311_at,0.26162744,-0.16065862,,,,
224959_at,0.26168216,-0.40185253,,,,
232630_at,0.2616886,-0.07125875,,,,
1552585_s_at,0.26170147,-0.04968724,,,,
209698_at,0.26174912,-0.13008417,,,,
1561642_at,0.26174955,-0.05773041,,,,
235831_at,0.26176946,0.27323433,,,,
231895_at,0.2617799,0.1830685,,,,
1559105_at,0.26180273,0.10300171,,,,
228743_at,0.26183143,0.15754736,,,,
1563091_at,0.26184392,-0.0533286,,,,
239288_at,0.26187168,0.18859679,,,,
230229_at,0.26188159,0.30678508,,,,
236189_at,0.26188851,0.17430906,,,,
208121_s_at,0.26190027,-0.52645227,,,,
223773_s_at,0.26190149,-0.28366862,,,,
210283_x_at,0.261904,0.15053615,,,,
234603_at,0.26190885,-0.06930885,,,,
242546_at,0.26191563,0.53456722,,,,
214870_x_at,0.26191729,-0.18382432,,,,
222465_at,0.26193355,0.1613777,,,,
207857_at,0.26193531,-0.35619665,,,,
225892_at,0.26194514,0.12956478,,,,
229560_at,0.26196215,-0.38017658,,,,
222788_s_at,0.26198826,-0.16356731,,,,
235698_at,0.26199082,0.21396674,,,,
226708_at,0.26199757,0.07117326,,,,
207552_at,0.26200039,-0.09348648,,,,
207072_at,0.26211381,-0.14515624,,,,
229200_at,0.2622002,0.11615514,,,,
204460_s_at,0.26220106,0.20238086,,,,
1554044_a_at,0.26220557,-0.19610622,,,,
1556471_at,0.26221971,-0.16810809,,,,
242356_at,0.26225471,0.19029471,,,,
220278_at,0.26226844,0.10821163,,,,
234592_at,0.26230021,0.11691325,,,,
211160_x_at,0.26231462,-0.19242326,,,,
225714_s_at,0.26239402,-0.08356474,,,,
226034_at,0.26240731,0.50809673,,,,
235949_at,0.26241626,0.2318902,,,,
1553977_a_at,0.26242917,0.38908302,,,,
225859_at,0.26250092,-0.19840232,,,,
228577_x_at,0.26252723,0.27586561,,,,
1569180_at,0.26253414,0.28321168,,,,
229568_at,0.26253434,-0.4132372,,,,
205918_at,0.26254448,0.20013265,,,,
219474_at,0.26257353,-0.48848381,,,,
209804_at,0.26258025,0.17858424,,,,
212114_at,0.26262273,0.16219701,,,,
1570026_at,0.26263719,-0.0742259,,,,
203902_at,0.26263995,-0.1555587,,,,
230339_at,0.26265215,0.16083146,,,,
224588_at,0.26267772,-1.13197635,,,,
242901_at,0.26269084,0.12646525,,,,
205799_s_at,0.26269104,-0.64658062,,,,
202381_at,0.26269462,-0.22880262,,,,
215427_s_at,0.26270238,-0.15125454,,,,
203156_at,0.26273283,-0.18905177,,,,
224174_at,0.26273715,-0.07136111,,,,
225092_at,0.26273783,0.22021236,,,,
233591_at,0.26275094,-0.22695308,,,,
237013_at,0.26276628,-0.08078262,,,,
238008_at,0.26277855,0.29544935,,,,
237063_at,0.26278043,-0.16965699,,,,
236893_at,0.26278798,-0.18648113,,,,
204091_at,0.26281371,0.16146085,,,,
202369_s_at,0.26285401,0.18525755,,,,
1559577_at,0.26286987,0.35400975,,,,
226659_at,0.26287827,-0.22176741,,,,
218373_at,0.26288481,0.12982358,,,,
236589_at,0.26288918,-0.10629594,,,,
222338_x_at,0.26290178,0.13290684,,,,
217639_at,0.26290869,0.08393738,,,,
202214_s_at,0.26296414,0.15965567,,,,
218601_at,0.2629651,0.1175142,,,,
1558215_s_at,0.26297789,-0.18307083,,,,
207337_at,0.26298382,0.25622948,,,,
241642_x_at,0.2630108,-0.07396401,,,,
242156_at,0.26302042,0.14526933,,,,
234567_at,0.26302352,-0.05162388,,,,
240337_at,0.26303059,0.06587213,,,,
222516_at,0.26303491,0.13381511,,,,
205006_s_at,0.26304043,0.23089774,,,,
1562853_x_at,0.26305534,-0.08046475,,,,
241372_at,0.26306383,0.16269645,,,,
229268_at,0.26310284,0.18409201,,,,
1553275_s_at,0.26311522,0.08855317,,,,
1557309_at,0.26313587,0.13066401,,,,
244758_at,0.26315168,0.35593975,,,,
210598_at,0.26319231,-0.09247563,,,,
207006_s_at,0.26319668,0.17174422,,,,
242395_at,0.26320435,-0.06379358,,,,
1558868_a_at,0.26321821,0.07750838,,,,
213354_s_at,0.26322721,-0.0696505,,,,
241533_at,0.26328965,-0.08372807,,,,
213921_at,0.26329911,-0.37334346,,,,
241885_at,0.26330861,0.18025354,,,,
241737_x_at,0.26335882,-0.1089316,,,,
224346_at,0.26337592,-0.26502513,,,,
207466_at,0.26338149,-0.06106019,,,,
242361_at,0.26342349,-0.10093125,,,,
1566727_at,0.26344223,-0.08667059,,,,
206004_at,0.26344975,-0.16889084,,,,
227130_s_at,0.26346847,-0.07181444,,,,
207067_s_at,0.26348506,-0.13300538,,,,
207904_s_at,0.26348636,0.16224266,,,,
236924_at,0.26350577,0.30185153,,,,
209914_s_at,0.26351682,0.28822529,,,,
216341_s_at,0.26351865,-0.07574588,,,,
204046_at,0.2635704,-0.1176987,,,,
244141_at,0.26359134,-0.07467196,,,,
1566039_a_at,0.26361008,-0.0748946,,,,
237146_at,0.26361224,-0.077143,,,,
235379_at,0.2636186,-0.06812924,,,,
216292_at,0.26363283,-0.07618764,,,,
230295_at,0.26363566,-0.10400698,,,,
208446_s_at,0.26365881,0.17814556,,,,
206245_s_at,0.26366363,-0.2399318,,,,
225750_at,0.26366836,-0.36165604,,,,
204354_at,0.26366978,0.18581532,,,,
226285_at,0.2636764,0.23885066,,,,
243297_at,0.26375392,-0.1081941,,,,
223907_s_at,0.26377163,0.17096003,,,,
1553858_at,0.26379083,0.11193185,,,,
238561_s_at,0.26381016,-0.26577826,,,,
209040_s_at,0.26381624,-0.3080836,,,,
220328_at,0.26385083,0.07409843,,,,
226500_at,0.26386275,0.15193594,,,,
1554214_at,0.26390921,-0.05839956,,,,
237936_at,0.26391096,-0.08143425,,,,
212061_at,0.26391776,0.1897116,,,,
240147_at,0.26392978,-0.09544175,,,,
240083_at,0.26395513,-0.06860514,,,,
230860_at,0.26397913,0.2135136,,,,
1557003_at,0.2639851,-0.096722,,,,
221904_at,0.2640039,0.18603583,,,,
236635_at,0.26402984,0.37482642,,,,
200797_s_at,0.26406039,0.12027787,,,,
1569849_at,0.26408331,-0.07610902,,,,
222672_at,0.26408935,0.19657149,,,,
214853_s_at,0.26409216,0.17217675,,,,
209601_at,0.26413807,-0.05882951,,,,
241898_at,0.26414683,-0.46428806,,,,
1556156_at,0.26414858,-0.05154699,,,,
1554929_at,0.26417597,-0.071431,,,,
57588_at,0.26418695,0.3955544,,,,
212777_at,0.26419536,-0.17030558,,,,
214960_at,0.26421027,0.23890255,,,,
221882_s_at,0.26421541,-0.21806438,,,,
1559966_a_at,0.26423705,0.12895379,,,,
1569495_at,0.26424022,-0.09208153,,,,
201474_s_at,0.26426683,-0.37795452,,,,
220544_at,0.26426705,-0.07597315,,,,
227939_s_at,0.26427351,0.08280621,,,,
217294_s_at,0.26428211,-0.379913,,,,
216901_s_at,0.2642891,-0.14537096,,,,
236089_at,0.26431434,0.25172662,,,,
237116_at,0.26432528,0.26643434,,,,
1565659_at,0.2643426,-0.07319887,,,,
217865_at,0.26436108,-0.20402411,,,,
216500_at,0.26437771,-0.07334852,,,,
215572_at,0.26440494,0.12028321,,,,
201706_s_at,0.2644135,0.20243597,,,,
204360_s_at,0.26442173,0.18538984,,,,
215948_x_at,0.26442257,0.17694933,,,,
204996_s_at,0.26445525,-0.09769561,,,,
232409_x_at,0.26446639,-0.06730904,,,,
206810_at,0.26452205,0.06363348,,,,
220934_s_at,0.26452908,0.13021881,,,,
1560358_at,0.26453492,0.06590152,,,,
214289_at,0.26453505,-0.06690965,,,,
1562972_at,0.26453602,-0.06625091,,,,
1560353_at,0.26458298,-0.06686902,,,,
224719_s_at,0.26458569,0.23128742,,,,
223892_s_at,0.26458888,0.16026241,,,,
1560429_at,0.26459426,-0.04397599,,,,
201995_at,0.26459953,0.20295267,,,,
235394_at,0.2646023,-0.25505488,,,,
226416_at,0.26460484,0.25902093,,,,
202704_at,0.26462014,0.20280204,,,,
1569631_at,0.26464398,-0.14875283,,,,
1553574_at,0.26466305,-0.13613536,,,,
1554444_s_at,0.26466997,-0.07365373,,,,
241154_x_at,0.26471569,0.13990225,,,,
220720_x_at,0.26474089,0.16148224,,,,
220615_s_at,0.26475427,-0.43048075,,,,
230327_at,0.26479969,0.10587791,,,,
1555764_s_at,0.264802,0.16527011,,,,
1561080_at,0.26484804,-0.04395922,,,,
203014_x_at,0.26485209,-0.1375301,,,,
1564767_at,0.26486794,0.04991115,,,,
1563482_at,0.26489176,-0.08278539,,,,
1552685_a_at,0.26490103,0.36480846,,,,
215595_x_at,0.26491649,0.10952297,,,,
227798_at,0.26493303,0.18642777,,,,
221137_at,0.2649536,-0.06416108,,,,
213693_s_at,0.26497799,-0.62748317,,,,
1555587_at,0.26498613,-0.05623127,,,,
206308_at,0.26498808,0.18004203,,,,
212908_at,0.26499204,0.13860307,,,,
1562512_at,0.26499781,-0.05576333,,,,
226520_at,0.26501566,-0.25866734,,,,
205325_at,0.26503444,0.12858622,,,,
AFFX-HUMGAPDH/M33197_5_at,0.26503874,-0.233271,,,,
213122_at,0.26505884,0.54958184,,,,
210754_s_at,0.26508751,-0.24265306,,,,
241600_at,0.26509996,0.11481388,,,,
243461_at,0.26516488,0.14456704,,,,
242808_at,0.26517501,0.19077892,,,,
1559922_at,0.26518208,0.10270732,,,,
1555259_at,0.26523523,0.18513312,,,,
1554195_a_at,0.26523925,0.41431387,,,,
233852_at,0.26528675,0.1732081,,,,
208971_at,0.26532942,0.16490209,,,,
241425_at,0.26537062,-0.21324587,,,,
203651_at,0.26537623,0.20778346,,,,
206025_s_at,0.26539267,0.46533223,,,,
215818_at,0.26541311,-0.10721183,,,,
217393_x_at,0.26541812,0.10427199,,,,
206030_at,0.26542377,0.41513305,,,,
237774_at,0.26546208,-0.08714885,,,,
1568848_at,0.2654721,0.056229,,,,
221237_s_at,0.26547434,-0.11529225,,,,
1553685_s_at,0.26549705,-0.24900091,,,,
207894_s_at,0.2655331,-0.06414391,,,,
209456_s_at,0.2655429,-0.23693054,,,,
210913_at,0.2655741,-0.07385821,,,,
212884_x_at,0.26557434,0.3674592,,,,
229534_at,0.26557986,-0.35211928,,,,
207457_s_at,0.26560091,-0.55269243,,,,
241276_at,0.26562501,-0.07705782,,,,
238640_at,0.26563475,-0.07381182,,,,
1562888_at,0.26563749,-0.07700344,,,,
205811_at,0.26563809,0.13912535,,,,
209631_s_at,0.26564245,0.59035848,,,,
215502_at,0.26564767,0.11432434,,,,
220647_s_at,0.26565565,0.14363799,,,,
214462_at,0.26565637,-0.26969103,,,,
240730_at,0.26567727,-0.07624799,,,,
230940_at,0.26569928,0.081213,,,,
206655_s_at,0.26571479,0.22507354,,,,
225597_at,0.26573673,0.24980042,,,,
212383_at,0.26575573,-0.15217511,,,,
204044_at,0.26577269,0.54840696,,,,
221823_at,0.26577987,-0.28700688,,,,
241336_at,0.26578075,0.06946948,,,,
201249_at,0.26578543,-0.30522786,,,,
1561152_a_at,0.26584068,-0.07299024,,,,
218235_s_at,0.26587421,0.13248911,,,,
225475_at,0.2659043,-0.12191591,,,,
241252_at,0.26591887,0.0478445,,,,
226775_at,0.26593675,0.21590825,,,,
202708_s_at,0.26594203,0.40317904,,,,
228484_s_at,0.26594349,-0.06976966,,,,
241551_at,0.26595246,-0.05569842,,,,
201862_s_at,0.26596482,-0.24510567,,,,
214912_at,0.26597826,0.13651591,,,,
209323_at,0.26597896,0.17253102,,,,
233186_s_at,0.26598077,0.1205764,,,,
240484_at,0.26598182,0.05777892,,,,
1560617_at,0.26606904,-0.07317869,,,,
237533_at,0.26610462,-0.11109822,,,,
1566229_a_at,0.26619424,-0.07670065,,,,
213850_s_at,0.26621972,0.15483589,,,,
214348_at,0.26624111,-0.10462694,,,,
220843_s_at,0.26624387,0.1091799,,,,
227015_at,0.26624461,-0.21765685,,,,
209536_s_at,0.26625626,-0.18177678,,,,
207334_s_at,0.26626598,-0.20978142,,,,
1555365_x_at,0.2662805,0.04768963,,,,
211695_x_at,0.26630195,-0.54026885,,,,
243816_at,0.26631299,0.19750771,,,,
226898_s_at,0.26632482,-0.27930489,,,,
1559392_s_at,0.26632673,-0.10782583,,,,
241989_at,0.26634764,0.14557548,,,,
215571_at,0.26635056,-0.07951936,,,,
221945_at,0.26635456,-0.10968888,,,,
232458_at,0.26639,0.50105081,,,,
216413_at,0.26641236,-0.05607672,,,,
237830_at,0.26642694,0.1380694,,,,
232128_s_at,0.26643173,0.12306662,,,,
231690_at,0.26643195,0.41888319,,,,
243612_at,0.26644008,-0.19409676,,,,
234043_at,0.26646727,0.08514151,,,,
227963_at,0.26648104,0.3198025,,,,
1565073_at,0.26656805,-0.06861881,,,,
216096_s_at,0.26660456,0.2118021,,,,
228740_at,0.26660689,0.42785368,,,,
1557009_a_at,0.26664964,-0.04558444,,,,
212614_at,0.26665827,0.27422718,,,,
241424_at,0.26667987,-0.1375801,,,,
238100_at,0.26672826,-0.08473592,,,,
229067_at,0.26673705,0.31022318,,,,
222599_s_at,0.26674418,-0.19479206,,,,
223351_at,0.26674888,0.17743177,,,,
203296_s_at,0.26676397,0.37841524,,,,
236948_x_at,0.2667786,0.21769864,,,,
236975_at,0.26678002,-0.18319856,,,,
210701_at,0.26681214,0.10178756,,,,
210080_x_at,0.26681514,-0.09511623,,,,
229822_at,0.26682221,-0.22417507,,,,
212786_at,0.2668414,-0.12246991,,,,
227181_at,0.26685459,0.22553857,,,,
222942_s_at,0.26687468,-0.31220917,,,,
226521_s_at,0.2668879,0.20995547,,,,
230421_at,0.26688865,0.21056148,,,,
215947_s_at,0.26688985,0.14618622,,,,
1554796_at,0.26690016,-0.09141855,,,,
209031_at,0.26693074,0.44640355,,,,
235455_at,0.26693829,0.08153313,,,,
232340_at,0.26695829,-0.09783794,,,,
240319_at,0.26698218,-0.06141885,,,,
207039_at,0.26702036,-0.523183,,,,
1562036_at,0.26706262,-0.06119513,,,,
1561238_at,0.26707988,-0.08283223,,,,
239719_at,0.26714119,-0.28351663,,,,
230387_at,0.26714165,0.35946473,,,,
230273_at,0.26717755,0.1086113,,,,
240962_at,0.26720747,-0.06967964,,,,
1559274_at,0.26724928,-0.04757572,,,,
219463_at,0.26726135,0.33570464,,,,
222744_s_at,0.26727893,0.24245613,,,,
201686_x_at,0.26728389,-0.21422034,,,,
220675_s_at,0.26731422,0.31061294,,,,
233358_at,0.26732487,0.07594408,,,,
1552835_at,0.26733605,0.09248255,,,,
205171_at,0.2673587,0.18551999,,,,
1553080_at,0.26738362,-0.04748976,,,,
234295_at,0.26739721,0.17262143,,,,
236913_at,0.26740638,-0.06606094,,,,
231717_s_at,0.26741757,-0.0515972,,,,
237315_at,0.26742226,0.10761282,,,,
243920_x_at,0.2674307,-0.08866616,,,,
1552623_at,0.2674532,-0.20554324,,,,
228322_at,0.26750452,0.06367157,,,,
223970_at,0.26751732,-0.32839468,,,,
1561030_at,0.26752071,-0.11895486,,,,
1563565_at,0.26753663,-0.05896353,,,,
235850_at,0.26758702,0.26788157,,,,
228280_at,0.26762222,0.22310207,,,,
1556255_a_at,0.26763343,-0.08476889,,,,
218590_at,0.26763564,0.20877023,,,,
216602_s_at,0.26764644,-0.24700543,,,,
1569646_a_at,0.26765061,0.06725781,,,,
219440_at,0.2676632,-0.45305812,,,,
233632_s_at,0.26767383,0.11795349,,,,
244633_at,0.2676829,0.21487011,,,,
203020_at,0.26768362,-0.24992884,,,,
208670_s_at,0.26768847,0.19669913,,,,
237345_at,0.26770868,-0.08596931,,,,
210732_s_at,0.26772016,0.38470278,,,,
229056_at,0.26774038,0.1029837,,,,
221626_at,0.26775506,0.16907362,,,,
1564653_s_at,0.26776731,0.16888064,,,,
206575_at,0.26777241,-0.08637977,,,,
1562428_at,0.26779042,0.07396463,,,,
233683_at,0.26780892,0.0452188,,,,
1559928_at,0.26781228,-0.06901722,,,,
217843_s_at,0.2678554,-0.16160097,,,,
1560111_at,0.2678563,0.03988361,,,,
225272_at,0.26786286,0.23876961,,,,
1552486_s_at,0.26791279,-0.20990856,,,,
244832_at,0.26792092,-0.24339403,,,,
220376_at,0.26793466,-0.72736769,,,,
241701_at,0.26795098,0.19455211,,,,
1557448_a_at,0.26797685,-0.24626195,,,,
203247_s_at,0.26800111,0.17031827,,,,
223470_at,0.26800196,0.20441735,,,,
223680_at,0.26800261,0.19619018,,,,
212620_at,0.26801106,0.12681383,,,,
218365_s_at,0.2680333,-0.18650086,,,,
212808_at,0.26805726,-0.17531904,,,,
209435_s_at,0.26806904,0.2112451,,,,
237659_at,0.26807134,0.07528369,,,,
215257_at,0.2680801,-0.05568835,,,,
224823_at,0.26812529,0.34988143,,,,
229845_at,0.26812877,0.17635659,,,,
224391_s_at,0.26814233,-0.31511678,,,,
1561677_at,0.26816168,-0.06210114,,,,
237845_at,0.26817585,-0.07340731,,,,
218892_at,0.26821677,0.14916691,,,,
215240_at,0.26824294,-0.19404534,,,,
1569468_at,0.2682492,-0.04491752,,,,
225942_at,0.26827014,0.16638434,,,,
205278_at,0.26827255,-0.19280918,,,,
225056_at,0.26829659,0.27889794,,,,
222187_x_at,0.26830626,0.08273236,,,,
1569813_at,0.26830817,-0.05612468,,,,
235771_at,0.2683099,0.21109066,,,,
229287_at,0.26831155,0.19361064,,,,
234284_at,0.26832073,-0.14238693,,,,
220924_s_at,0.26833303,0.18741498,,,,
239567_at,0.26838809,-0.10108879,,,,
232766_at,0.2684158,-0.07354644,,,,
228946_at,0.26842863,0.29299621,,,,
241454_at,0.26842931,-0.0772066,,,,
1552365_at,0.26843566,-0.49149601,,,,
230576_at,0.26848247,0.08447613,,,,
208748_s_at,0.26848727,-0.22745207,,,,
239939_at,0.2685046,-0.07008248,,,,
221895_at,0.26853918,-0.13839726,,,,
206364_at,0.26855604,0.29544042,,,,
208692_at,0.26855704,-0.14646172,,,,
221651_x_at,0.26855997,-0.59302243,,,,
228429_x_at,0.26856014,-0.22291283,,,,
1559954_s_at,0.26857316,-0.28790694,,,,
211239_s_at,0.26857627,-0.23108716,,,,
214207_s_at,0.26859518,-0.07063855,,,,
1552652_at,0.26868768,-0.08380133,,,,
222259_s_at,0.26871965,-0.05177272,,,,
233469_at,0.26872173,0.11697062,,,,
231971_at,0.26878558,-0.05733168,,,,
237855_at,0.26882863,0.1172403,,,,
219172_at,0.26883507,0.16039607,,,,
214215_s_at,0.26886566,-0.07084293,,,,
211604_x_at,0.26891446,-0.07993297,,,,
214588_s_at,0.26892392,-0.09980891,,,,
224358_s_at,0.26893438,-0.39264897,,,,
227662_at,0.26894,0.49150944,,,,
202928_s_at,0.26894466,-0.09848181,,,,
211803_at,0.26898033,-0.05116657,,,,
232787_at,0.26900833,-0.08817784,,,,
210428_s_at,0.26902685,-0.20539719,,,,
215355_at,0.26907557,-0.05896017,,,,
207513_s_at,0.26908728,0.15891324,,,,
209287_s_at,0.26916123,-0.21739471,,,,
220234_at,0.2691696,0.45922736,,,,
228036_s_at,0.2691923,-0.07216445,,,,
205058_at,0.26921603,-0.07979612,,,,
1558733_at,0.26922172,-0.28205838,,,,
207079_s_at,0.26923732,-0.20176749,,,,
1559992_a_at,0.26924248,0.12736396,,,,
1569091_at,0.26925114,-0.05715798,,,,
234150_at,0.26926215,0.06286814,,,,
1555340_x_at,0.26928015,-0.08857817,,,,
1565578_at,0.26928088,0.054802,,,,
1554655_a_at,0.26928208,0.14992579,,,,
236322_at,0.26931273,-0.28240162,,,,
214605_x_at,0.2693191,0.14190583,,,,
224504_s_at,0.26934205,0.13224562,,,,
1555756_a_at,0.26934748,-0.41198682,,,,
232620_at,0.26937354,-0.09276527,,,,
201002_s_at,0.26939606,-0.10398532,,,,
226029_at,0.26940955,0.41841198,,,,
213346_at,0.2694567,0.19944432,,,,
217218_at,0.26947626,-0.19491154,,,,
1555465_at,0.26948148,-0.21375944,,,,
234886_at,0.26949732,-0.0882419,,,,
243629_x_at,0.26953324,0.16036281,,,,
1556461_at,0.26953928,-0.05807002,,,,
239783_at,0.269548,-0.10526681,,,,
1559401_a_at,0.26955563,0.13255798,,,,
217056_at,0.26956268,-0.05926581,,,,
207592_s_at,0.26958184,0.09360753,,,,
39318_at,0.26960825,-0.22828221,,,,
215494_at,0.26965047,0.04523066,,,,
230883_at,0.26967778,0.17967034,,,,
214673_s_at,0.26968955,0.08878667,,,,
202428_x_at,0.26970361,0.15579227,,,,
201255_x_at,0.26977252,0.13556501,,,,
211299_s_at,0.2697925,-0.19374302,,,,
223325_at,0.2698054,-0.17915639,,,,
1563833_at,0.26981132,-0.05424156,,,,
228430_at,0.26981242,0.154635,,,,
205217_at,0.26983578,0.17227961,,,,
217166_at,0.2698479,-0.11744807,,,,
226733_at,0.26985554,-0.29851014,,,,
233978_at,0.26986428,0.071431,,,,
1561430_s_at,0.26989033,-0.11553074,,,,
225890_at,0.26993001,0.17275445,,,,
224839_s_at,0.26993136,0.44423723,,,,
226041_at,0.26995417,-0.25116234,,,,
215153_at,0.2699688,-0.11142446,,,,
212028_at,0.26996881,-0.17152914,,,,
219132_at,0.26997119,-0.35662283,,,,
210766_s_at,0.26998094,0.21784407,,,,
203982_s_at,0.26998797,-0.08921691,,,,
232746_at,0.2700263,-0.28410129,,,,
227885_at,0.2700342,-0.09897519,,,,
228021_at,0.27003995,-0.0998286,,,,
221781_s_at,0.27004816,0.19268768,,,,
1559501_at,0.27005131,-0.17808218,,,,
232517_s_at,0.27005547,-0.11398527,,,,
222164_at,0.27005853,0.24563955,,,,
228784_at,0.27006494,-0.08302527,,,,
228582_x_at,0.27006796,-0.42437424,,,,
1552594_at,0.27006838,-0.09077405,,,,
1563310_a_at,0.27008333,0.0460954,,,,
244774_at,0.27008695,-0.31461283,,,,
1566243_at,0.27009095,0.09460921,,,,
1570162_at,0.27009384,-0.07280826,,,,
224634_at,0.27013197,0.19503404,,,,
1316_at,0.27017727,-0.13433767,,,,
213695_at,0.27019753,0.82902556,,,,
238556_at,0.27020548,-0.08226491,,,,
233964_at,0.27023754,0.15452011,,,,
209058_at,0.27024526,-0.10525579,,,,
207138_at,0.27024682,-0.07633088,,,,
204312_x_at,0.27025693,-0.21279603,,,,
244730_x_at,0.27027455,0.0891321,,,,
216024_at,0.27028716,-0.07080028,,,,
215909_x_at,0.27030738,-0.09318939,,,,
1556754_at,0.27032894,-0.07054151,,,,
214223_at,0.27033369,0.12358476,,,,
239075_at,0.27037632,-0.1072533,,,,
240596_at,0.27037707,-0.06330623,,,,
206950_at,0.27039006,0.18577758,,,,
242166_at,0.27042341,-0.04497708,,,,
1557141_at,0.270437,-0.13154968,,,,
1569838_at,0.27044549,0.07087191,,,,
228578_at,0.27045343,0.1069944,,,,
218101_s_at,0.27049425,0.14188471,,,,
240681_at,0.27050255,0.37151572,,,,
242593_at,0.27054398,0.17980949,,,,
226121_at,0.27054691,0.24697555,,,,
1554235_at,0.27055012,0.05214672,,,,
233223_at,0.27055131,-0.19785051,,,,
226949_at,0.27055593,0.13469493,,,,
242799_at,0.27055676,0.290922,,,,
1555273_at,0.27059352,-0.06195802,,,,
1562289_at,0.27062336,-0.11379943,,,,
231910_at,0.2706267,-0.08397669,,,,
210922_at,0.27062996,-0.08444008,,,,
243625_at,0.27065835,-0.05720029,,,,
226223_at,0.27066789,0.28681171,,,,
227541_at,0.27067787,0.1367981,,,,
1554534_at,0.27068651,-0.10399922,,,,
215884_s_at,0.27068879,0.13189817,,,,
242158_at,0.27070507,0.06119604,,,,
220384_at,0.27071188,-0.11419229,,,,
204802_at,0.27071831,-0.40482436,,,,
231250_at,0.27071883,-0.57694938,,,,
1557280_s_at,0.27072603,0.11643025,,,,
1559017_at,0.27074771,-0.07550909,,,,
1559449_a_at,0.27075297,0.19506233,,,,
1560026_at,0.2708074,0.08506291,,,,
242502_at,0.27081106,0.10465603,,,,
220717_at,0.27081231,-0.04721088,,,,
221631_at,0.27081643,-0.09667514,,,,
224632_at,0.27086984,0.18469837,,,,
208240_s_at,0.27088767,-0.26144499,,,,
223425_at,0.27092816,-0.12150154,,,,
1560533_at,0.27096606,-0.05861641,,,,
221671_x_at,0.27097305,-0.58332502,,,,
214255_at,0.27099346,-0.40459197,,,,
232343_at,0.27101294,-0.10602444,,,,
224654_at,0.2710756,0.16792501,,,,
231547_at,0.2711019,0.10717619,,,,
235241_at,0.27110763,0.17025224,,,,
227155_at,0.27116106,0.39517594,,,,
225776_at,0.27116332,-0.24986557,,,,
238604_at,0.27120254,-0.26357943,,,,
209094_at,0.27120404,-0.3560466,,,,
216034_at,0.27120993,-0.12810816,,,,
201620_at,0.27124361,0.1608174,,,,
233151_s_at,0.2712441,-0.07662431,,,,
223423_at,0.27125094,-0.56893627,,,,
229206_at,0.27125424,0.16742586,,,,
225186_at,0.2713036,0.17195891,,,,
202493_x_at,0.27133064,-0.08601422,,,,
244813_at,0.27137174,0.1836952,,,,
1557803_at,0.27146088,0.11249161,,,,
1561222_at,0.27147582,-0.04057233,,,,
202945_at,0.27149409,-0.12839824,,,,
1562729_at,0.27150113,-0.07803947,,,,
1565105_at,0.27153834,-0.05534975,,,,
212079_s_at,0.27158361,-0.26467154,,,,
1558385_at,0.2715852,-0.11194942,,,,
210794_s_at,0.2716275,0.16595203,,,,
1561723_at,0.27163401,-0.07907765,,,,
238928_at,0.27163672,-0.07069964,,,,
224795_x_at,0.271664,-0.59259319,,,,
1556867_at,0.27166771,0.05344546,,,,
1553446_at,0.27167706,-0.05560387,,,,
200838_at,0.27173897,-0.21086961,,,,
243928_s_at,0.27180327,-0.0692812,,,,
240270_x_at,0.27180988,-0.0793075,,,,
209805_at,0.27182973,0.12683929,,,,
205728_at,0.27183075,0.19460246,,,,
236148_at,0.2718592,-0.09901252,,,,
204185_x_at,0.27186476,0.11709334,,,,
1557630_s_at,0.2718666,0.10272755,,,,
217469_at,0.27192342,-0.07457947,,,,
217157_x_at,0.27193925,-0.46960587,,,,
213136_at,0.27194249,0.19221945,,,,
221734_at,0.27194825,0.14420038,,,,
1564642_at,0.27195948,-0.06021975,,,,
242319_at,0.27196242,-0.0749501,,,,
207352_s_at,0.27196243,-0.07717328,,,,
1564699_at,0.27197966,0.07340394,,,,
205180_s_at,0.2720715,-0.26216366,,,,
235644_at,0.27207488,0.22107831,,,,
230743_at,0.27210178,-0.19548559,,,,
226411_at,0.27212583,-0.12092387,,,,
209842_at,0.27216698,0.45437469,,,,
225647_s_at,0.27217232,-0.34068307,,,,
206911_at,0.2721796,-0.09859279,,,,
233763_at,0.27219593,-0.07260114,,,,
220155_s_at,0.27224796,-0.16970147,,,,
1557240_a_at,0.27228054,0.23156321,,,,
200618_at,0.27228344,0.16705928,,,,
204017_at,0.27228441,0.26631935,,,,
206221_at,0.27235972,-0.1390874,,,,
217467_at,0.27237396,0.09552937,,,,
1564337_at,0.27238451,-0.06762375,,,,
1558346_at,0.27238969,0.14544574,,,,
234388_at,0.27242707,-0.06940918,,,,
1558686_at,0.27248891,0.45801495,,,,
210639_s_at,0.27249299,-0.21384498,,,,
1558592_at,0.27251576,0.1389174,,,,
203821_at,0.27252639,-0.28760187,,,,
206645_s_at,0.27258588,0.17649233,,,,
216106_at,0.27261265,-0.06625001,,,,
1562390_at,0.27267834,-0.07096451,,,,
234828_at,0.27268195,-0.07822325,,,,
203876_s_at,0.27270436,-0.44023191,,,,
244076_at,0.27273105,-0.17078654,,,,
234517_at,0.27273118,0.06532736,,,,
220199_s_at,0.27273786,-0.14293299,,,,
217489_s_at,0.27273911,-0.24844386,,,,
1553562_at,0.27277194,-0.07124231,,,,
204947_at,0.27279464,-0.18248624,,,,
235353_at,0.27280416,-0.16546035,,,,
239608_at,0.27281622,-0.07375782,,,,
205761_s_at,0.27285858,0.21333022,,,,
236383_at,0.27286527,0.35396406,,,,
201949_x_at,0.27286758,-0.16271486,,,,
1561058_at,0.27288262,-0.07908982,,,,
225928_at,0.27289924,-0.13829195,,,,
211657_at,0.27290504,-1.05470618,,,,
210425_x_at,0.27297639,-0.33883452,,,,
227210_at,0.27298077,0.32191539,,,,
1566582_x_at,0.27302851,0.05792782,,,,
225860_at,0.27304851,-0.15272812,,,,
1569568_at,0.27306014,-0.05134307,,,,
215366_at,0.27309738,-0.0681858,,,,
201309_x_at,0.27312344,0.29669189,,,,
226340_x_at,0.27314693,0.16445153,,,,
202775_s_at,0.27317369,0.13168151,,,,
214385_s_at,0.2732139,-0.35644753,,,,
221887_s_at,0.27322197,-0.10878073,,,,
222748_s_at,0.27325746,0.15404462,,,,
229387_at,0.27327847,-0.05719059,,,,
221023_s_at,0.27329147,-0.15283668,,,,
212293_at,0.27333724,0.14833481,,,,
241927_x_at,0.27335177,-0.09421878,,,,
225215_s_at,0.27335664,0.1038789,,,,
238699_s_at,0.2733625,-0.27802989,,,,
1561944_at,0.27337426,-0.06452366,,,,
203224_at,0.27338159,-0.22294759,,,,
220069_at,0.27338486,-0.08646038,,,,
217993_s_at,0.27338633,-0.12941974,,,,
237932_at,0.27339323,-0.07267178,,,,
213442_x_at,0.2734204,-0.06549732,,,,
1562403_a_at,0.27344775,-0.08604835,,,,
1561123_at,0.27350125,0.14366752,,,,
1569354_at,0.27351861,0.11127298,,,,
214105_at,0.2735265,0.07638894,,,,
1560446_at,0.27353578,-0.11925288,,,,
219219_at,0.2735398,-0.1494866,,,,
201581_at,0.27354593,0.23736925,,,,
244362_at,0.27355941,0.26248447,,,,
242030_at,0.27357666,-0.07979783,,,,
219276_x_at,0.27357879,-0.2824507,,,,
221506_s_at,0.27358094,0.17425171,,,,
1558705_at,0.27360954,-0.07460906,,,,
223913_s_at,0.27363699,0.16361805,,,,
1557181_s_at,0.2736452,-0.06763627,,,,
218833_at,0.27365759,0.16968829,,,,
234715_at,0.27370206,-0.074215,,,,
227700_x_at,0.27371038,-0.12302564,,,,
220429_at,0.27371332,0.10838634,,,,
244169_x_at,0.27371811,0.04725508,,,,
220018_at,0.27379513,0.14414624,,,,
212727_at,0.27379778,-0.21927699,,,,
210679_x_at,0.27380159,0.17125777,,,,
1566459_at,0.27381395,-0.0558185,,,,
240777_at,0.27383863,-0.11022075,,,,
239195_at,0.27386419,0.28756678,,,,
226552_at,0.27387066,0.23012549,,,,
204469_at,0.27387156,0.68665293,,,,
231315_at,0.27390013,-0.35099055,,,,
201097_s_at,0.27392187,0.11134347,,,,
228964_at,0.27394275,-0.36121844,,,,
216156_at,0.2739577,0.05230449,,,,
234270_at,0.27397825,-0.06516031,,,,
224458_at,0.27402199,-0.37957061,,,,
228316_at,0.2740826,0.24932471,,,,
224130_s_at,0.27409207,-0.18526272,,,,
1559163_at,0.27409428,0.06899333,,,,
230424_at,0.2741014,0.20876843,,,,
208785_s_at,0.2741082,-0.16515163,,,,
1560959_a_at,0.27413714,-0.04828143,,,,
1555284_at,0.27414685,0.06540192,,,,
229037_at,0.27415679,-0.09355421,,,,
216005_at,0.27418818,0.15861636,,,,
221469_at,0.27419554,-0.05561094,,,,
215914_at,0.2742091,-0.05874999,,,,
1563360_at,0.27422898,-0.06170661,,,,
225399_at,0.27424518,0.21520269,,,,
232355_at,0.27427477,0.1271019,,,,
240216_at,0.27428477,0.20472942,,,,
210551_s_at,0.27429232,0.06688624,,,,
212351_at,0.27429629,0.13863221,,,,
242607_at,0.27430577,0.24869676,,,,
209123_at,0.27430952,0.31458701,,,,
227735_s_at,0.27435478,-0.84334905,,,,
1564468_at,0.27438246,0.05266083,,,,
1556373_a_at,0.27438678,0.13813689,,,,
1563707_at,0.27443033,-0.08231618,,,,
242745_at,0.274431,-0.07350302,,,,
239910_at,0.27447733,-0.07515186,,,,
207035_at,0.27448452,-0.11279106,,,,
212895_s_at,0.27449607,-0.23393112,,,,
233553_at,0.27453918,-0.06568913,,,,
222926_at,0.27454534,0.13459984,,,,
228840_at,0.2745765,0.13734868,,,,
225731_at,0.27465166,0.30284986,,,,
233369_at,0.27470014,0.2440656,,,,
1564399_a_at,0.27471143,-0.07913237,,,,
203302_at,0.27473289,-0.16893781,,,,
207878_at,0.27475784,-0.09681124,,,,
203963_at,0.27476813,-0.63508117,,,,
234476_at,0.27477438,-0.07498997,,,,
204086_at,0.27479368,0.56292936,,,,
1552924_a_at,0.27482167,-0.14981302,,,,
218199_s_at,0.2748649,-0.15241417,,,,
205596_s_at,0.27487123,0.23473292,,,,
228487_s_at,0.27487729,0.20316921,,,,
241271_at,0.27493297,-0.04684449,,,,
211573_x_at,0.27500177,-0.23699117,,,,
227193_at,0.27505023,0.24950083,,,,
228032_s_at,0.27505856,0.23922462,,,,
237724_at,0.27506128,0.08389705,,,,
208139_s_at,0.2750886,-0.06228966,,,,
238117_at,0.27509201,0.16067052,,,,
235913_at,0.27513495,-0.18837931,,,,
242819_at,0.27514428,0.16971103,,,,
203814_s_at,0.27517105,0.27414989,,,,
220296_at,0.27518419,-0.19253191,,,,
227721_at,0.27519835,0.22980724,,,,
218863_s_at,0.27524658,-0.11109999,,,,
215019_x_at,0.27526672,-0.10885416,,,,
220563_s_at,0.27527602,0.08072098,,,,
214032_at,0.27528524,-0.22828115,,,,
227917_at,0.27530323,0.28354939,,,,
235021_at,0.27530426,0.16229295,,,,
211380_s_at,0.27536346,-0.21401486,,,,
240194_at,0.27539527,0.13309957,,,,
220193_at,0.27540733,-0.13157167,,,,
217983_s_at,0.27544535,-0.2679495,,,,
235652_at,0.27545877,-0.29334297,,,,
226296_s_at,0.27551952,0.11447459,,,,
220923_s_at,0.27552798,-0.07456607,,,,
244222_at,0.27553612,-0.08075482,,,,
229802_at,0.2755363,0.41761581,,,,
210140_at,0.27554002,-0.30000723,,,,
229000_at,0.27556115,0.19139601,,,,
232602_at,0.27558565,-0.19675305,,,,
204792_s_at,0.27563836,0.19352989,,,,
204462_s_at,0.27565531,0.297432,,,,
1559102_at,0.27569879,0.17021877,,,,
1561167_at,0.27570835,0.26810506,,,,
225525_at,0.2757241,0.18138932,,,,
202032_s_at,0.27578362,0.16584475,,,,
213432_at,0.27585183,-0.28716636,,,,
226800_at,0.27585366,0.26191255,,,,
208015_at,0.27586522,0.15764077,,,,
1564251_at,0.27587967,-0.07794323,,,,
206384_at,0.27588649,-0.07254061,,,,
213311_s_at,0.27590721,0.15254479,,,,
232033_at,0.27591903,0.17955597,,,,
238271_x_at,0.27592212,-0.05971489,,,,
238131_at,0.2759481,-0.07707781,,,,
233820_at,0.27595139,-0.14567983,,,,
240026_x_at,0.27596835,0.0563904,,,,
230422_at,0.2759696,-0.29338835,,,,
230574_at,0.27598624,0.14744475,,,,
1569561_at,0.27600024,-0.06810039,,,,
212182_at,0.27600833,0.10509241,,,,
1557759_at,0.27601083,0.09806919,,,,
1561319_at,0.27602494,-0.06121049,,,,
230982_at,0.27603475,-0.08780465,,,,
224085_at,0.27603967,-0.06641658,,,,
224331_s_at,0.27604046,0.18046576,,,,
235323_at,0.2760516,-0.09333729,,,,
205856_at,0.27605821,0.35245121,,,,
219729_at,0.27606552,0.19735008,,,,
224781_s_at,0.27609874,0.13233071,,,,
239789_at,0.27611125,-0.06761193,,,,
227726_at,0.27613081,-0.19978576,,,,
238738_at,0.27619409,0.17483119,,,,
239556_at,0.27624785,0.17861519,,,,
203824_at,0.2762533,-1.10973995,,,,
231002_s_at,0.2762679,0.1449604,,,,
AFFX-HUMRGE/M10098_5_at,0.27627647,-0.13291856,,,,
235872_at,0.27630632,-0.10213833,,,,
231923_at,0.27631049,0.35444001,,,,
237136_at,0.27631631,-0.09820252,,,,
222198_at,0.27633324,-0.06407515,,,,
224722_at,0.27634348,0.2477635,,,,
228124_at,0.27636116,0.22905916,,,,
210436_at,0.2763968,0.0704255,,,,
220075_s_at,0.27640896,-0.47080394,,,,
1554576_a_at,0.27640956,-0.32827851,,,,
217729_s_at,0.27645042,-0.13679669,,,,
1556666_a_at,0.27645268,0.18175216,,,,
243316_x_at,0.27649425,0.0815404,,,,
204951_at,0.27650458,-0.31701069,,,,
243376_at,0.27656041,-0.07618427,,,,
1553107_s_at,0.27657782,0.18727055,,,,
1566257_at,0.27659234,0.18201205,,,,
229972_at,0.2765953,-0.10547014,,,,
220281_at,0.2766096,0.19809581,,,,
206920_s_at,0.27662738,-0.21424822,,,,
231687_at,0.27664308,0.05792859,,,,
236824_at,0.27664718,0.12515207,,,,
222937_s_at,0.27665314,-0.24821206,,,,
212654_at,0.27666482,0.38426108,,,,
231521_at,0.27667276,-0.08966933,,,,
205771_s_at,0.27667692,0.35218006,,,,
225878_at,0.27669776,0.22077433,,,,
59999_at,0.27673338,0.13222335,,,,
203454_s_at,0.27675891,0.20293647,,,,
204349_at,0.27678428,0.1542842,,,,
225911_at,0.27678874,0.56616972,,,,
1552349_a_at,0.27679771,-0.21882718,,,,
205341_at,0.27680948,-0.08962232,,,,
224209_s_at,0.27681073,-0.73344707,,,,
204196_x_at,0.2768198,0.04838807,,,,
204247_s_at,0.27682013,-0.1649055,,,,
1566807_a_at,0.27682652,-0.07883789,,,,
243548_x_at,0.27686893,-0.05322695,,,,
212659_s_at,0.27690743,-0.28222684,,,,
213514_s_at,0.27690897,-0.15390416,,,,
242602_x_at,0.27693259,0.10996434,,,,
1562463_at,0.27694268,-0.06718022,,,,
218169_at,0.27695608,-0.13400346,,,,
209046_s_at,0.27695861,0.09000989,,,,
223976_at,0.27698792,-0.08242762,,,,
202612_s_at,0.27699385,-0.05092047,,,,
205255_x_at,0.27700824,-0.15602633,,,,
242910_x_at,0.27705485,0.04347926,,,,
212015_x_at,0.2770744,-0.11669099,,,,
233079_at,0.27715024,-0.10527982,,,,
1561532_at,0.27717402,-0.06131092,,,,
1567702_at,0.27719346,0.04127843,,,,
235160_at,0.2771966,-0.08209875,,,,
201678_s_at,0.27722336,0.16550559,,,,
225180_at,0.27725139,0.23833304,,,,
217088_s_at,0.2772951,-0.07136159,,,,
231122_x_at,0.27733344,-0.08318702,,,,
1563369_at,0.27733623,-0.08689812,,,,
232738_at,0.27735598,0.28706332,,,,
222054_at,0.27736116,-0.11369015,,,,
233924_s_at,0.27736779,-0.21982162,,,,
1564070_s_at,0.2773734,-0.21184592,,,,
1552848_a_at,0.27739095,0.37310491,,,,
239522_at,0.27741652,-0.09253796,,,,
210434_x_at,0.27742048,0.10189048,,,,
200813_s_at,0.27742319,-0.14020583,,,,
237205_at,0.27742484,0.18509464,,,,
1566980_at,0.27743069,-0.08277458,,,,
1565613_at,0.27743357,-0.04979505,,,,
212968_at,0.27743806,0.1734215,,,,
232044_at,0.27747996,0.15899866,,,,
218378_s_at,0.27748137,0.14771561,,,,
231940_at,0.27748845,0.20833803,,,,
228719_at,0.27749175,0.21959482,,,,
218187_s_at,0.27754869,-0.27808193,,,,
214939_x_at,0.27757029,-0.13341759,,,,
239954_at,0.27762218,0.07731201,,,,
218341_at,0.27768668,0.11820972,,,,
212579_at,0.27769732,0.20618409,,,,
228093_at,0.27770523,0.1887349,,,,
224506_s_at,0.27771785,-0.13186222,,,,
235436_at,0.27773116,0.1576299,,,,
227900_at,0.27773424,0.19919502,,,,
207152_at,0.27773668,-0.08454953,,,,
235203_at,0.27773778,-0.17195551,,,,
1569601_at,0.27775708,-0.0745585,,,,
236570_at,0.27776886,0.06574197,,,,
215792_s_at,0.27781369,-0.15089626,,,,
202382_s_at,0.27781797,-0.14772497,,,,
207448_at,0.27783107,0.09162017,,,,
1561598_at,0.27783243,-0.07125309,,,,
240776_at,0.27783516,-0.08962149,,,,
233626_at,0.27786569,-0.12524481,,,,
242454_at,0.27788229,-0.06053662,,,,
204580_at,0.27789322,-0.87837735,,,,
1558275_at,0.27790019,-0.09123112,,,,
241166_at,0.27790031,-0.08543165,,,,
214360_at,0.27790861,-0.07195174,,,,
207665_at,0.27791365,-0.06238526,,,,
1561137_s_at,0.27794584,-0.05189166,,,,
237486_at,0.27799447,-0.07221309,,,,
240659_x_at,0.27802142,-0.0802184,,,,
210906_x_at,0.27802649,-0.27287019,,,,
203176_s_at,0.2780709,0.20354141,,,,
1554569_a_at,0.27807292,-0.17596661,,,,
203304_at,0.27809964,0.56916957,,,,
239574_at,0.27810823,0.1833849,,,,
1557542_at,0.27816966,-0.08162998,,,,
237614_at,0.27820156,-0.04811272,,,,
203027_s_at,0.27821464,-0.20682926,,,,
236458_at,0.27821643,-0.23964437,,,,
203857_s_at,0.2782606,0.2222464,,,,
1563373_at,0.27826984,0.0545813,,,,
1561653_at,0.27827104,-0.03873029,,,,
230513_at,0.278274,-0.08664276,,,,
210399_x_at,0.27831887,-0.3042172,,,,
1563074_at,0.27832216,-0.07093855,,,,
236653_at,0.27836544,0.16274173,,,,
1555097_a_at,0.27837182,0.27496111,,,,
223477_s_at,0.27838627,0.1634975,,,,
232831_at,0.27839343,-0.06040423,,,,
221282_x_at,0.27840823,-0.0616408,,,,
239747_s_at,0.27843377,-0.06525365,,,,
207576_x_at,0.27851876,-0.13257107,,,,
1557642_at,0.27852465,0.06269414,,,,
229550_at,0.27853021,-0.11919237,,,,
1569696_at,0.2785306,-0.08728702,,,,
237727_at,0.27856617,-0.13297141,,,,
215049_x_at,0.27856687,-0.36772753,,,,
1561899_at,0.27858367,0.09926503,,,,
217897_at,0.27858754,0.2965301,,,,
225243_s_at,0.27864847,-0.1377952,,,,
218792_s_at,0.2787004,-0.40006098,,,,
222306_at,0.2787177,-0.13256901,,,,
211258_s_at,0.27876179,-0.13380846,,,,
230565_at,0.27877812,-0.06126875,,,,
241524_at,0.27881309,0.0852593,,,,
34471_at,0.2788286,0.43111851,,,,
223101_s_at,0.27889255,0.15852025,,,,
233861_at,0.27889671,-0.05130448,,,,
243708_at,0.2789061,0.12200283,,,,
1563657_at,0.27891652,-0.05826792,,,,
220369_at,0.27892294,-0.10799761,,,,
237002_at,0.27892791,-0.06315918,,,,
229748_x_at,0.27895123,-0.24779955,,,,
1562862_at,0.27904222,-0.06614244,,,,
227044_at,0.27904645,0.25972554,,,,
219195_at,0.27908633,0.46467552,,,,
40148_at,0.27909064,0.27818938,,,,
1556092_s_at,0.27910538,-0.0660422,,,,
218897_at,0.27912687,0.23054231,,,,
203369_x_at,0.27912867,0.08509522,,,,
201707_at,0.27913686,0.16550033,,,,
218995_s_at,0.27913858,-0.2912879,,,,
208439_s_at,0.2791439,-0.07458568,,,,
226858_at,0.27916425,-0.21910388,,,,
230763_at,0.27917289,0.36021786,,,,
205059_s_at,0.27918987,0.18870302,,,,
1555245_s_at,0.27919234,-0.07954274,,,,
234178_at,0.27919933,-0.05378671,,,,
220427_at,0.27920978,0.08135544,,,,
215994_x_at,0.27926574,-0.0978864,,,,
220285_at,0.27927755,-0.18709817,,,,
244150_at,0.27932892,-0.07677661,,,,
222155_s_at,0.27934464,-0.30980037,,,,
1560320_a_at,0.2793501,-0.06848199,,,,
237493_at,0.27937587,0.14963267,,,,
223857_x_at,0.27938894,-0.11259629,,,,
205558_at,0.27942406,-0.13335094,,,,
215483_at,0.27945834,-0.16321609,,,,
233121_at,0.27946045,0.08875108,,,,
1569904_x_at,0.27946678,0.05216495,,,,
202999_s_at,0.27950112,-0.06715891,,,,
222502_s_at,0.27951483,-0.19815171,,,,
211808_s_at,0.27952809,-0.10074656,,,,
1560328_s_at,0.27953417,0.0442485,,,,
227096_at,0.27953597,-0.1333633,,,,
239547_at,0.27954401,0.28771929,,,,
1552827_s_at,0.27954421,-0.05071284,,,,
224598_at,0.27956469,-0.22075397,,,,
229707_at,0.27958928,-0.12035086,,,,
1560971_a_at,0.27959559,-0.06166981,,,,
216756_at,0.27960006,0.0893677,,,,
220542_s_at,0.27962835,0.43262483,,,,
229448_at,0.27963318,0.20162246,,,,
213964_x_at,0.27963533,0.12679884,,,,
220829_s_at,0.27965095,-0.07744747,,,,
1558710_at,0.27968154,0.12501352,,,,
240792_at,0.27969146,-0.06371188,,,,
1561853_a_at,0.27971414,-0.09098044,,,,
238248_at,0.27978395,-0.05646879,,,,
234936_s_at,0.2798748,0.21583429,,,,
1562945_at,0.27987831,-0.07751983,,,,
211831_s_at,0.27987947,-0.09030608,,,,
226668_at,0.27989831,0.17419438,,,,
244784_at,0.27992685,0.06748776,,,,
1561948_at,0.28002783,0.08853144,,,,
1552276_a_at,0.28003869,-0.07607014,,,,
205092_x_at,0.28005928,0.27677049,,,,
239330_at,0.28008598,0.17370875,,,,
1561221_x_at,0.28012002,-0.07480546,,,,
1557053_s_at,0.28012357,0.12858868,,,,
205496_at,0.28012939,-0.08628472,,,,
201332_s_at,0.28013139,-0.18547984,,,,
1556775_at,0.28016238,0.10080489,,,,
1563111_a_at,0.28016394,0.1984696,,,,
243870_at,0.2801757,-0.05734283,,,,
222496_s_at,0.28022543,-0.31502232,,,,
224599_at,0.28023741,0.14767672,,,,
206045_s_at,0.28024284,-0.17397593,,,,
201464_x_at,0.28024408,-0.1971808,,,,
236128_at,0.28026179,0.29383076,,,,
213066_at,0.28027818,-0.10747889,,,,
207093_s_at,0.28031904,-0.14345792,,,,
214431_at,0.28032737,0.18984417,,,,
1563031_at,0.28033776,0.06960597,,,,
239230_at,0.28035306,-0.11130035,,,,
237302_at,0.2803575,0.16629402,,,,
208683_at,0.2804106,-0.22045496,,,,
224556_s_at,0.28045327,-0.07951403,,,,
203148_s_at,0.28046695,-0.21714183,,,,
230314_at,0.28047098,0.25909022,,,,
215253_s_at,0.28047759,-0.21613382,,,,
224296_x_at,0.28052293,-0.04545387,,,,
241108_at,0.28052832,0.05379801,,,,
238746_at,0.28056706,-0.1083533,,,,
204409_s_at,0.28056744,0.88388123,,,,
230984_s_at,0.28056947,-0.08632869,,,,
205127_at,0.28058682,-0.20230464,,,,
230139_at,0.28059107,0.21241315,,,,
227439_at,0.28059212,0.19035631,,,,
213108_at,0.28059808,-0.11506605,,,,
204132_s_at,0.28062041,-0.2592142,,,,
220880_at,0.28063395,-0.05298916,,,,
1555431_a_at,0.28063924,-0.14172545,,,,
229528_at,0.28066695,-0.15113759,,,,
244660_at,0.28068212,0.2280399,,,,
206714_at,0.28070348,-0.43999524,,,,
224925_at,0.28071701,-0.2596067,,,,
229693_at,0.28073533,0.39590216,,,,
54970_at,0.2807535,-0.13158993,,,,
1563224_at,0.28075521,-0.06952182,,,,
202398_at,0.28077258,0.13153207,,,,
232692_at,0.28077896,0.18756588,,,,
214329_x_at,0.28081093,0.42719091,,,,
231446_at,0.28082575,-0.04770893,,,,
214325_at,0.28082652,-0.07494623,,,,
233618_at,0.28086894,-0.06952073,,,,
217789_at,0.28087785,-0.16827117,,,,
220551_at,0.28087816,0.15848795,,,,
240490_at,0.28088304,-0.10055989,,,,
209852_x_at,0.28088934,-0.19286294,,,,
221708_s_at,0.28089145,0.09920967,,,,
241706_at,0.2809037,0.25595825,,,,
203254_s_at,0.28091559,-0.18598901,,,,
1552391_at,0.28092829,0.08877394,,,,
219006_at,0.28094626,0.23069939,,,,
219578_s_at,0.28095722,-0.18629504,,,,
223969_s_at,0.28098929,-0.4131519,,,,
1552752_a_at,0.28106259,-0.08901773,,,,
204562_at,0.28109923,-0.3310016,,,,
228156_at,0.2811137,0.26350836,,,,
241322_at,0.28112252,-0.0962101,,,,
203089_s_at,0.28112675,0.12928991,,,,
239964_at,0.28112733,-0.07446702,,,,
1556129_at,0.28112975,-0.12185519,,,,
1555800_at,0.28115321,-0.42029989,,,,
229491_at,0.28118815,0.36716631,,,,
220066_at,0.28119157,-0.34707899,,,,
234803_at,0.28119614,0.06560488,,,,
200779_at,0.28120077,-0.14327919,,,,
229559_at,0.28121275,-0.1953737,,,,
209258_s_at,0.28121616,0.2597134,,,,
222117_s_at,0.28121854,-0.08432354,,,,
219407_s_at,0.28122707,-0.20087295,,,,
1562698_x_at,0.2812477,-0.11355343,,,,
233372_at,0.28125086,0.04114264,,,,
229073_at,0.28125663,-0.27472835,,,,
201668_x_at,0.2812917,-0.30004722,,,,
1565934_at,0.28132483,0.05970441,,,,
223459_s_at,0.28132953,0.24128289,,,,
1569418_at,0.28134357,-0.10063423,,,,
220572_at,0.28136776,0.18697151,,,,
1555639_a_at,0.28142545,-0.23765178,,,,
203258_at,0.28147746,-0.21871006,,,,
206649_s_at,0.28148085,-0.13270257,,,,
221713_s_at,0.28148454,0.1093208,,,,
1555856_s_at,0.2814973,0.1898638,,,,
1567254_at,0.28151283,0.07153738,,,,
228404_at,0.28152079,-0.05899572,,,,
237556_at,0.28154434,0.05101651,,,,
209661_at,0.28155317,-0.15075395,,,,
219676_at,0.28155583,0.2978804,,,,
1552521_a_at,0.28158058,0.21513486,,,,
239170_at,0.28159878,-0.1373812,,,,
1559813_at,0.28161073,-0.06481396,,,,
202423_at,0.28162054,0.13299467,,,,
230767_at,0.28163081,-0.11772148,,,,
236406_at,0.28165924,-0.07777372,,,,
235197_s_at,0.28165984,-0.25586585,,,,
1557558_s_at,0.28166551,0.12925593,,,,
219517_at,0.28168615,0.266668,,,,
213222_at,0.28168759,0.39411426,,,,
207700_s_at,0.2817043,0.19532097,,,,
203145_at,0.28171293,0.23877963,,,,
201567_s_at,0.28176687,0.11341668,,,,
1562259_at,0.28178571,-0.0593189,,,,
1570332_at,0.28181328,-0.04955192,,,,
210464_at,0.28184496,-0.04466135,,,,
214237_x_at,0.28185692,0.10874925,,,,
236444_x_at,0.28186729,0.31151839,,,,
234752_x_at,0.28188867,-0.04163439,,,,
1554382_at,0.28190763,-0.07346791,,,,
1558460_at,0.28192369,0.15588812,,,,
210626_at,0.28192613,-0.06832906,,,,
237065_s_at,0.28193101,0.17171657,,,,
207855_s_at,0.28196421,0.17102721,,,,
219508_at,0.28198924,-0.63122587,,,,
1564194_a_at,0.28198973,-0.08277894,,,,
216173_at,0.28199025,0.16674597,,,,
201217_x_at,0.2820407,-0.07577398,,,,
229108_at,0.28205474,-0.1207932,,,,
225303_at,0.28205563,0.34870968,,,,
202958_at,0.28209633,-0.10288966,,,,
211002_s_at,0.28212568,0.46716599,,,,
214077_x_at,0.28214748,0.31539153,,,,
233208_x_at,0.28215329,-0.17893906,,,,
1557502_at,0.2821539,-0.07328631,,,,
240454_at,0.2821545,-0.07740015,,,,
220651_s_at,0.28216017,0.396279,,,,
218699_at,0.28218256,0.19144068,,,,
224137_at,0.28219628,0.06649396,,,,
1556896_at,0.28221293,-0.06085984,,,,
1567706_at,0.28222766,0.1029245,,,,
217378_x_at,0.28223859,-0.49509842,,,,
219595_at,0.2822813,0.20819013,,,,
205948_at,0.28235313,-0.22208596,,,,
1569025_s_at,0.28235368,0.19698308,,,,
232577_at,0.28242515,-0.07131674,,,,
231300_at,0.28244535,-0.16154612,,,,
222228_s_at,0.28244885,0.11747401,,,,
234675_x_at,0.28246242,-0.14833668,,,,
209359_x_at,0.2825394,0.13247832,,,,
224371_at,0.28254153,-0.10328472,,,,
240857_at,0.28255419,0.12501343,,,,
201563_at,0.28256849,0.4258997,,,,
232183_at,0.28258745,0.15804422,,,,
235888_at,0.2825921,0.27774987,,,,
213145_at,0.28263317,0.22259799,,,,
239760_at,0.28263578,0.09690122,,,,
1568923_at,0.28267618,-0.09588416,,,,
227948_at,0.28269017,-0.25643176,,,,
226926_at,0.28269757,0.54704428,,,,
216509_x_at,0.28271458,-0.09348027,,,,
223329_x_at,0.28272865,-0.17336907,,,,
219788_at,0.282736,-0.24281867,,,,
240318_at,0.28275134,-0.11874735,,,,
214580_x_at,0.28276059,0.59677697,,,,
239269_at,0.28276533,-0.12323132,,,,
242062_at,0.2827689,0.14660734,,,,
213634_s_at,0.28276922,0.10899141,,,,
1556231_a_at,0.2827768,0.05782336,,,,
221673_s_at,0.28279102,0.22119711,,,,
214275_at,0.28282561,-0.06745178,,,,
206319_s_at,0.28284633,-0.08260363,,,,
215311_at,0.28285904,0.29194815,,,,
1561343_a_at,0.28293261,0.05503383,,,,
218051_s_at,0.28295882,-0.31036549,,,,
236168_at,0.28299318,0.13274304,,,,
36711_at,0.28300829,-0.31834812,,,,
236350_at,0.28302072,0.17664589,,,,
244401_at,0.28303176,0.24480702,,,,
214676_x_at,0.28304068,-0.14177148,,,,
204544_at,0.28304454,0.2451345,,,,
203223_at,0.28305324,0.22108982,,,,
212200_at,0.28305658,0.18709109,,,,
244254_at,0.28306037,0.0859558,,,,
222392_x_at,0.28306791,0.40610628,,,,
1554121_at,0.28309396,0.10283653,,,,
1553555_at,0.28309494,-0.07875099,,,,
206102_at,0.283095,0.35892014,,,,
205227_at,0.28310135,0.29953326,,,,
240445_at,0.28310537,-0.12924748,,,,
229805_at,0.28313538,-0.07217729,,,,
202121_s_at,0.28314264,-0.12578722,,,,
1570351_at,0.28314844,-0.05795359,,,,
222527_s_at,0.28317583,-0.17747125,,,,
233597_at,0.28320248,-0.07235886,,,,
213177_at,0.28320469,-0.09258053,,,,
217980_s_at,0.28322628,0.11658103,,,,
211668_s_at,0.28322717,-0.46863482,,,,
37201_at,0.28323432,0.3812187,,,,
219329_s_at,0.28324167,0.12329546,,,,
241684_at,0.28324742,0.11295584,,,,
227964_at,0.28327746,0.18732432,,,,
228690_s_at,0.28328087,0.11095555,,,,
210503_at,0.28328187,-0.45916813,,,,
238691_at,0.28329304,0.09069623,,,,
202765_s_at,0.28330239,0.4340457,,,,
1555723_at,0.28330511,-0.07772825,,,,
216529_at,0.28331308,-0.07555477,,,,
201380_at,0.28334021,-0.2476634,,,,
209696_at,0.28334305,-0.52856275,,,,
203194_s_at,0.28334771,-0.17867133,,,,
210584_s_at,0.28335905,0.04847673,,,,
217562_at,0.28341582,0.52172547,,,,
226049_at,0.2834259,0.16634428,,,,
226054_at,0.28342685,0.16903852,,,,
219216_at,0.28344004,0.1606994,,,,
1557326_at,0.28344146,-0.06947821,,,,
209060_x_at,0.28345562,0.18050296,,,,
227759_at,0.28345784,-0.33459791,,,,
206966_s_at,0.28346483,-0.10462234,,,,
239828_at,0.28346988,0.08613815,,,,
201216_at,0.28350001,-0.15474756,,,,
1566484_at,0.28352177,-0.08016536,,,,
38918_at,0.28354203,0.21717234,,,,
242104_at,0.28355748,0.05827409,,,,
226581_at,0.28359705,0.12382646,,,,
1561692_at,0.28361997,0.04662559,,,,
1555330_at,0.28362164,-0.08021881,,,,
235527_at,0.28362671,0.43000966,,,,
211716_x_at,0.28365904,-0.14109756,,,,
209769_s_at,0.28367353,0.15594645,,,,
210060_at,0.28369816,-0.09522774,,,,
215687_x_at,0.28370465,-0.13305391,,,,
243714_at,0.28371252,0.07086312,,,,
210032_s_at,0.28373144,-0.17529792,,,,
208163_s_at,0.28373586,-0.07183852,,,,
238907_at,0.28374985,0.17293445,,,,
209219_at,0.2837755,0.14967729,,,,
242407_at,0.28381437,-0.14383298,,,,
238596_at,0.28382463,0.10540008,,,,
219576_at,0.28385096,0.23168371,,,,
238798_at,0.28387103,-0.13747612,,,,
212632_at,0.28388391,-0.1684816,,,,
226344_at,0.28394329,0.3691788,,,,
207714_s_at,0.28395958,0.25938554,,,,
212183_at,0.28396523,0.33172789,,,,
220688_s_at,0.28396553,0.15472206,,,,
243104_at,0.2839673,0.09933339,,,,
233004_x_at,0.28397303,0.14157343,,,,
212086_x_at,0.28397504,0.18401169,,,,
210980_s_at,0.2839934,-0.20555718,,,,
222583_s_at,0.28402843,-0.23142278,,,,
221312_at,0.28409276,-0.06022617,,,,
1552877_s_at,0.28413693,-0.07408087,,,,
1566288_at,0.28414466,0.05649045,,,,
1555655_at,0.28415445,-0.06513731,,,,
244204_at,0.28417929,-0.09711212,,,,
243610_at,0.28419909,-0.21870456,,,,
1566514_at,0.28419928,-0.0791547,,,,
213664_at,0.28422073,-0.62466643,,,,
228682_at,0.2842287,-0.07481757,,,,
243372_at,0.28426399,0.21882381,,,,
208996_s_at,0.28430999,-0.11135713,,,,
216941_s_at,0.28431781,0.17242401,,,,
35666_at,0.28433965,0.25666498,,,,
218764_at,0.28436098,-0.2525077,,,,
51176_at,0.28438114,0.17026557,,,,
1562966_at,0.28439158,-0.25096677,,,,
228729_at,0.28439316,0.30545265,,,,
221589_s_at,0.28444074,0.38596972,,,,
241186_at,0.2844422,0.1023495,,,,
212337_at,0.28447236,-0.16292484,,,,
1555881_s_at,0.28449307,0.15231536,,,,
1559911_at,0.28451874,-0.06421573,,,,
224125_at,0.28453114,0.12856442,,,,
242503_at,0.28454963,0.09063676,,,,
224277_at,0.28456837,-0.05712125,,,,
209192_x_at,0.28457142,-0.12276648,,,,
234351_x_at,0.28457357,0.48006715,,,,
237258_at,0.28457548,-0.05021938,,,,
214218_s_at,0.28462336,-0.78759608,,,,
1554068_s_at,0.28463704,0.11906955,,,,
227176_at,0.28467036,-0.29033128,,,,
242796_x_at,0.28467316,0.04065066,,,,
238307_at,0.28468369,-0.05880816,,,,
1569703_a_at,0.28471613,-0.08046976,,,,
240379_at,0.28477871,0.10019723,,,,
241522_at,0.284791,-0.06730611,,,,
221707_s_at,0.28482346,-0.0919687,,,,
230496_at,0.28484476,0.21768581,,,,
216243_s_at,0.28489514,-0.35796941,,,,
1555124_at,0.2849018,0.07474871,,,,
1560116_a_at,0.28494233,0.14060972,,,,
243914_at,0.28495038,0.08287456,,,,
208510_s_at,0.28502867,-0.47806329,,,,
220318_at,0.28504705,0.28430277,,,,
232170_at,0.28509579,0.34500451,,,,
231316_at,0.28511437,-0.14659429,,,,
1562278_at,0.28515387,-0.05609711,,,,
1559526_at,0.28517563,-0.07042225,,,,
236549_x_at,0.28517783,-0.07569206,,,,
227930_at,0.28519196,-0.16654608,,,,
241430_at,0.28521117,-0.08263102,,,,
1556038_at,0.28523268,-0.06126247,,,,
53076_at,0.28523871,0.12626769,,,,
224008_s_at,0.28525859,0.18990719,,,,
205454_at,0.28528657,-0.12721928,,,,
1562764_at,0.28528702,-0.0758378,,,,
222631_at,0.28530866,0.17621384,,,,
1560012_at,0.28531016,0.05560585,,,,
216611_s_at,0.28531918,-0.11108586,,,,
225385_s_at,0.2853315,0.18724443,,,,
242766_at,0.28534666,0.26643177,,,,
223006_s_at,0.28534969,-0.14409693,,,,
1556750_at,0.28536351,-0.16144042,,,,
220897_at,0.28537225,0.04924697,,,,
216028_at,0.28537412,-0.21723252,,,,
206784_at,0.28539224,-0.29306919,,,,
211830_s_at,0.28540564,-0.07379163,,,,
1560474_at,0.28541346,-0.07842501,,,,
206648_at,0.28542277,0.20913588,,,,
202962_at,0.28544209,-0.24176702,,,,
226498_at,0.28545384,-0.22243331,,,,
243619_at,0.28546393,0.1817338,,,,
204504_s_at,0.28548572,-0.18074061,,,,
203842_s_at,0.2854905,-0.10705423,,,,
229119_s_at,0.28552,0.22137289,,,,
223177_at,0.28554184,-0.17965571,,,,
231558_at,0.28560124,-0.18131267,,,,
201493_s_at,0.28574066,-0.09873691,,,,
223612_s_at,0.28578326,0.15956957,,,,
237485_at,0.28578978,-0.07037455,,,,
201517_at,0.28579086,0.15132569,,,,
231855_at,0.28586302,0.25223006,,,,
208612_at,0.28587478,0.1242194,,,,
226083_at,0.28589009,-0.24794606,,,,
232135_at,0.28590556,-0.17197015,,,,
229575_at,0.2859065,0.19592711,,,,
215017_s_at,0.28592414,0.28253451,,,,
213532_at,0.28601174,0.18487651,,,,
219953_s_at,0.28602666,-0.17304107,,,,
227953_at,0.28606239,-0.20125805,,,,
207640_x_at,0.28608098,0.07888752,,,,
243494_at,0.28608483,-0.05682512,,,,
238243_at,0.28608683,0.1257663,,,,
1556513_at,0.28609126,-0.07188823,,,,
206346_at,0.28609346,0.45063274,,,,
227139_s_at,0.28613728,0.19578425,,,,
203372_s_at,0.28616808,0.34698117,,,,
205752_s_at,0.28618917,-0.15065428,,,,
214807_at,0.28622113,0.35553324,,,,
216245_at,0.28623376,-0.09398268,,,,
209139_s_at,0.28629678,0.12720209,,,,
1560220_a_at,0.28631865,-0.07828826,,,,
206336_at,0.2863202,0.71640728,,,,
242452_at,0.28634511,0.10404017,,,,
227736_at,0.28634594,-0.88963143,,,,
219399_at,0.28634988,0.16393118,,,,
232846_s_at,0.28635013,-0.17268766,,,,
241188_at,0.286396,-0.04863089,,,,
244246_at,0.28643822,0.33483684,,,,
236127_at,0.28644541,-0.10894341,,,,
231423_s_at,0.28644543,0.15387027,,,,
216114_at,0.28646139,-0.08382361,,,,
241477_at,0.28653064,-0.07942168,,,,
239005_at,0.28653258,0.20320896,,,,
219421_at,0.28656163,0.20210654,,,,
213229_at,0.2865851,-0.20441308,,,,
204430_s_at,0.2866012,-0.37451251,,,,
238119_at,0.28660144,0.18906976,,,,
237619_at,0.28661538,-0.04924189,,,,
238663_x_at,0.28662963,-0.04475489,,,,
237161_at,0.28664349,0.11996854,,,,
1559353_at,0.28665567,0.06378384,,,,
1556824_at,0.28666283,-0.06165633,,,,
213782_s_at,0.28666626,0.4394385,,,,
1553911_at,0.28666961,-0.07684201,,,,
232593_at,0.28668899,0.1969145,,,,
1560787_at,0.286703,-0.06836967,,,,
222159_at,0.28673536,-0.08716742,,,,
241164_at,0.28673859,-0.06114832,,,,
206802_at,0.28675144,-0.07337023,,,,
234950_s_at,0.28675262,0.14692907,,,,
228808_s_at,0.28676668,0.06836914,,,,
225657_at,0.28677077,0.17891727,,,,
203090_at,0.28677959,0.12419393,,,,
217709_at,0.2867815,0.04071019,,,,
1565937_a_at,0.28678199,-0.15451763,,,,
230946_at,0.28680821,-0.07869312,,,,
37145_at,0.28687292,-0.43453372,,,,
202683_s_at,0.28689851,0.149948,,,,
220634_at,0.28690684,0.07542296,,,,
205690_s_at,0.28690855,0.13404204,,,,
1553158_at,0.28690982,0.20379258,,,,
232304_at,0.28691608,0.29365564,,,,
1558612_a_at,0.2869166,-0.13640685,,,,
1563427_at,0.28691815,-0.06494875,,,,
231333_at,0.28693505,-0.08093722,,,,
1561215_at,0.28697242,-0.06197772,,,,
227616_at,0.28697623,0.18061292,,,,
229672_at,0.28698856,-0.2133073,,,,
238138_at,0.28699103,-0.08279852,,,,
1552583_s_at,0.28702535,-0.14317735,,,,
229027_at,0.28708427,0.17975029,,,,
228708_at,0.28709586,0.58926106,,,,
208458_at,0.28710274,-0.08805371,,,,
226844_at,0.28711584,-0.37253257,,,,
236267_at,0.28711707,0.13823449,,,,
234079_at,0.28711893,-0.0926985,,,,
1564334_at,0.28712414,-0.05249752,,,,
1555416_a_at,0.28714133,-0.35905395,,,,
1570102_at,0.28715083,0.05360662,,,,
237919_at,0.2871513,-0.09497019,,,,
218257_s_at,0.28717166,0.15603136,,,,
228650_at,0.28719868,0.12494649,,,,
243139_at,0.28721732,0.14059408,,,,
229275_at,0.28727192,0.14497451,,,,
221271_at,0.28727205,0.06570202,,,,
1555624_a_at,0.28727982,0.07110059,,,,
232411_at,0.28733968,-0.17013988,,,,
208329_at,0.28734854,0.05030536,,,,
238595_at,0.28738827,0.19925958,,,,
206576_s_at,0.28739043,-0.467091,,,,
244121_at,0.28741831,0.0995061,,,,
200707_at,0.28742058,-0.22121698,,,,
234522_at,0.28742102,-0.04835893,,,,
206295_at,0.28742247,-0.39937486,,,,
211031_s_at,0.28743332,-0.25010963,,,,
1569793_at,0.28743929,-0.0676764,,,,
241594_at,0.28744482,-0.05172154,,,,
214582_at,0.28744505,-0.36035774,,,,
1569136_at,0.28749088,0.16424961,,,,
225326_at,0.28751157,-0.12733925,,,,
222463_s_at,0.28752385,0.18550169,,,,
218354_at,0.28753415,-0.14389376,,,,
234952_s_at,0.28757111,-0.12814194,,,,
235055_x_at,0.2875921,0.09730744,,,,
242703_at,0.28761494,-0.11171659,,,,
230535_s_at,0.28771595,0.24437767,,,,
218491_s_at,0.28775626,-0.18728798,,,,
236411_at,0.28776342,0.21361852,,,,
1561589_a_at,0.28778785,-0.055104,,,,
220608_s_at,0.28782631,-0.24200932,,,,
228985_at,0.28782892,-0.16180344,,,,
1555320_a_at,0.28784346,-0.06689266,,,,
236918_s_at,0.28789176,0.3321638,,,,
231374_at,0.28791809,0.16511368,,,,
1561514_at,0.28794031,-0.06074075,,,,
242082_at,0.28795494,0.13359225,,,,
205824_at,0.28796018,0.31115255,,,,
236777_at,0.28797682,0.22341831,,,,
217121_at,0.28797723,-0.0759448,,,,
206492_at,0.28800453,-0.22172856,,,,
208386_x_at,0.28800708,0.07036655,,,,
33494_at,0.28801915,0.3098277,,,,
223060_at,0.28804292,0.13112197,,,,
1554429_a_at,0.28804812,-0.07386264,,,,
1566735_at,0.28805732,0.05814995,,,,
243686_at,0.28805963,-0.059184,,,,
1561367_a_at,0.28806611,-0.21502071,,,,
204357_s_at,0.28814616,0.15440401,,,,
212432_at,0.28814642,0.17820086,,,,
230470_at,0.28817891,-0.06709699,,,,
229704_at,0.28818457,0.18878807,,,,
201004_at,0.28818895,-0.17182593,,,,
241320_at,0.28819677,-0.04703976,,,,
211461_at,0.28820481,-0.07122099,,,,
229946_at,0.28821679,0.15616208,,,,
238050_at,0.28825446,-0.19630155,,,,
211974_x_at,0.28825902,-0.17066773,,,,
202842_s_at,0.2882668,0.17987163,,,,
1559924_at,0.28828948,-0.07422516,,,,
209293_x_at,0.28830224,0.27168364,,,,
242937_at,0.28833248,-0.09632673,,,,
203926_x_at,0.28835093,-0.12293822,,,,
235292_at,0.28835721,-0.35395222,,,,
201572_x_at,0.28841067,-0.14332712,,,,
1559375_s_at,0.28842194,-0.10076134,,,,
1561257_at,0.28844468,-0.0631331,,,,
206383_s_at,0.2884582,-0.16910378,,,,
202663_at,0.2884931,-0.30099129,,,,
209756_s_at,0.28851726,-0.0707076,,,,
216400_at,0.2885421,-0.07834481,,,,
223444_at,0.28858675,0.19263791,,,,
220949_s_at,0.28859007,0.17495003,,,,
203094_at,0.28860288,0.15121398,,,,
242587_at,0.28860735,-0.17328229,,,,
1570238_at,0.28862524,-0.08231448,,,,
200605_s_at,0.28863816,0.12667022,,,,
1569449_a_at,0.28863839,0.06527841,,,,
240704_at,0.28864722,-0.05676109,,,,
234300_s_at,0.28867919,-0.2147165,,,,
224043_s_at,0.28869346,0.62478308,,,,
1561297_at,0.28871041,-0.05282901,,,,
213006_at,0.2887187,0.37694501,,,,
201432_at,0.28872426,0.2519773,,,,
220870_at,0.28874617,-0.07257576,,,,
1570290_at,0.28875718,-0.05830985,,,,
205822_s_at,0.28875982,-0.36979145,,,,
200830_at,0.28876203,0.17070486,,,,
234992_x_at,0.28877171,-0.28061395,,,,
217829_s_at,0.28882194,0.12257474,,,,
202898_at,0.28882732,-0.21331408,,,,
216166_at,0.28884923,-0.0688137,,,,
244887_at,0.28885095,-0.07097785,,,,
225248_at,0.28885417,-0.11281972,,,,
204434_at,0.2888558,-0.16820627,,,,
1570422_at,0.28887086,0.0484423,,,,
231301_at,0.28889859,-0.03866533,,,,
237583_at,0.28891841,0.08225873,,,,
229315_at,0.28895818,-0.19462438,,,,
216323_x_at,0.28896393,-0.09699881,,,,
243711_at,0.28897303,-0.09502194,,,,
215405_at,0.28901923,-0.04664097,,,,
215126_at,0.28904881,0.25847373,,,,
232532_at,0.28907854,0.10207401,,,,
217011_at,0.28908483,-0.07978306,,,,
1558590_at,0.28910009,-0.0654546,,,,
234226_at,0.28912069,-0.05634065,,,,
203134_at,0.28913049,-0.12261568,,,,
1569938_at,0.28914005,0.06081349,,,,
1569583_at,0.28915695,-0.09826414,,,,
210642_at,0.28918417,-0.08979851,,,,
228607_at,0.28920376,0.34050237,,,,
208248_x_at,0.28921171,-0.16964123,,,,
235224_s_at,0.28927496,0.25298581,,,,
225257_at,0.28928262,0.14223417,,,,
217433_at,0.28928285,-0.19411565,,,,
1561679_at,0.28929214,-0.06132988,,,,
242384_at,0.28932908,-0.11213342,,,,
206549_at,0.2893982,-0.24618629,,,,
229231_at,0.28940239,0.15883606,,,,
221350_at,0.289408,-0.12612844,,,,
220978_at,0.28941366,-0.0625549,,,,
237766_at,0.28945892,-0.09320417,,,,
208918_s_at,0.28949242,-0.17738027,,,,
203293_s_at,0.28950246,0.23147256,,,,
213582_at,0.28951359,-0.28846141,,,,
1556473_at,0.28952491,0.1055321,,,,
219125_s_at,0.28953773,0.19970356,,,,
206580_s_at,0.289539,0.34464696,,,,
237335_at,0.289542,0.0822235,,,,
208274_at,0.28956848,-0.07255385,,,,
223043_at,0.28960002,-0.1210667,,,,
206785_s_at,0.28960066,-0.35200053,,,,
1566150_at,0.28962862,-0.08310174,,,,
233674_at,0.28969112,-0.08970785,,,,
216808_at,0.28971761,-0.07388388,,,,
215776_at,0.28972744,-0.07565961,,,,
239859_x_at,0.28976717,0.14757903,,,,
1563536_at,0.28977278,-0.05309915,,,,
226793_at,0.28979822,-0.13139665,,,,
228357_at,0.28979959,0.23231465,,,,
229916_at,0.28981761,0.33220339,,,,
234328_at,0.28984073,-0.07345748,,,,
238932_at,0.28985508,-0.1821968,,,,
230243_at,0.28985731,0.15611962,,,,
1554558_at,0.28987343,0.10228251,,,,
213690_s_at,0.28989883,-0.0920693,,,,
205302_at,0.28992544,1.00550496,,,,
207053_at,0.28993758,-0.09215165,,,,
209611_s_at,0.28999468,-0.15241092,,,,
205304_s_at,0.29000737,0.36652576,,,,
243955_at,0.29002952,-0.0543755,,,,
208394_x_at,0.2900881,-0.46083232,,,,
239440_at,0.29013298,-0.08357551,,,,
217956_s_at,0.29013803,0.11307674,,,,
1562823_at,0.29014629,0.11776458,,,,
209584_x_at,0.29019148,-0.18523741,,,,
226470_at,0.29020025,-0.19869283,,,,
222255_at,0.29022477,-0.05532443,,,,
213322_at,0.29027626,0.18542969,,,,
201387_s_at,0.29028167,0.46132225,,,,
205579_at,0.29028887,-0.34338776,,,,
216070_at,0.29028903,-0.05788208,,,,
217925_s_at,0.29030958,0.12562517,,,,
240883_at,0.2903122,-0.0563229,,,,
237596_at,0.290338,-0.05845039,,,,
1563802_at,0.2903777,-0.0754626,,,,
242768_at,0.29040392,-0.05050292,,,,
241933_at,0.29041508,-0.1466749,,,,
222775_s_at,0.29042103,0.1617777,,,,
1565858_at,0.29043276,-0.06790593,,,,
217878_s_at,0.29045095,0.16409897,,,,
218544_s_at,0.29047136,0.1822432,,,,
241714_at,0.29048842,-0.06031629,,,,
1560068_a_at,0.2904936,-0.0863503,,,,
238376_at,0.29049758,-0.07770171,,,,
37547_at,0.29055388,0.20689147,,,,
212510_at,0.29059156,-0.32124503,,,,
244037_at,0.2905943,-0.12746646,,,,
225292_at,0.2906018,0.17689985,,,,
211625_s_at,0.29060769,0.06437925,,,,
217855_x_at,0.29062257,-0.12214119,,,,
233050_at,0.29063678,-0.12124995,,,,
211941_s_at,0.29063853,0.24160867,,,,
236694_at,0.29065956,0.62737976,,,,
1559715_at,0.29071507,-0.07342235,,,,
231076_at,0.29074229,-0.0688005,,,,
235337_at,0.29074916,0.36959013,,,,
213976_at,0.29075241,-0.07824568,,,,
205620_at,0.29078077,0.46912826,,,,
1569721_at,0.29078771,-0.07885059,,,,
1560253_at,0.29079457,0.07080182,,,,
229294_at,0.29081754,0.19591055,,,,
211650_x_at,0.2908338,-0.40397274,,,,
220030_at,0.29084508,-0.50986852,,,,
1566003_x_at,0.29084543,0.09139318,,,,
239416_at,0.29084585,0.06436281,,,,
208325_s_at,0.29086286,-0.25153419,,,,
1562836_at,0.29086305,-0.22623096,,,,
239365_at,0.29089125,-0.05427659,,,,
226307_at,0.29091127,0.0950019,,,,
1552713_a_at,0.29093436,-0.06871408,,,,
211920_at,0.29093493,-0.11004583,,,,
1552680_a_at,0.29094706,0.19955036,,,,
209292_at,0.29097813,0.54975734,,,,
220303_at,0.29098662,-0.13917305,,,,
222067_x_at,0.29099296,0.3006578,,,,
242105_at,0.29103111,-0.08073547,,,,
219063_at,0.29103391,0.11273265,,,,
1561425_a_at,0.29105495,0.09907462,,,,
206800_at,0.29105993,-0.08628237,,,,
1557065_at,0.29112336,-0.19811066,,,,
218983_at,0.29112784,0.31154467,,,,
1559275_x_at,0.29114938,-0.04813237,,,,
240467_at,0.291155,0.29288559,,,,
219051_x_at,0.29118325,-0.29126584,,,,
239222_at,0.29119416,0.06685788,,,,
218157_x_at,0.29120556,0.17556769,,,,
217335_at,0.29121587,-0.05889716,,,,
223777_at,0.29122106,-0.10450332,,,,
224303_x_at,0.29124283,-0.14085206,,,,
217018_at,0.29126485,-0.09487702,,,,
206249_at,0.29130783,-0.27088673,,,,
239346_at,0.29134124,0.14953029,,,,
214480_at,0.2913522,0.09825749,,,,
240140_s_at,0.29136459,0.12769346,,,,
1562613_at,0.29139346,0.047414,,,,
226646_at,0.29141208,-0.085502,,,,
204062_s_at,0.29141906,0.28526738,,,,
209507_at,0.29143598,0.18394152,,,,
232771_at,0.29144107,0.09917166,,,,
205000_at,0.29144965,0.87268088,,,,
208412_s_at,0.29146924,0.07506382,,,,
1563475_s_at,0.29147203,0.11406422,,,,
237905_at,0.29148587,-0.05715683,,,,
238633_at,0.29149084,0.12145171,,,,
238428_at,0.29150915,-0.23421175,,,,
223561_at,0.29151048,-0.10182552,,,,
219322_s_at,0.29151418,-0.14023411,,,,
203669_s_at,0.29152345,-0.24080413,,,,
225061_at,0.29153049,-0.32206559,,,,
237581_at,0.29153519,-0.07601354,,,,
233543_s_at,0.29155106,0.24738035,,,,
215046_at,0.29155628,0.24708169,,,,
217041_at,0.29159592,-0.07389854,,,,
231967_at,0.29159688,0.27736779,,,,
212537_x_at,0.29161082,0.11401354,,,,
214499_s_at,0.29161536,0.19059337,,,,
1567357_at,0.29162709,-0.07116572,,,,
1562389_at,0.2916739,-0.04831131,,,,
230840_at,0.29168453,0.18859883,,,,
207653_at,0.29169088,-0.22600117,,,,
224706_at,0.29170591,-0.1374828,,,,
219984_s_at,0.29174688,0.43550584,,,,
209682_at,0.29177531,0.14821442,,,,
218921_at,0.29178274,-0.28550116,,,,
206462_s_at,0.29181164,0.23348991,,,,
221642_at,0.29181907,-0.07151183,,,,
236566_at,0.29182721,-0.08450917,,,,
229116_at,0.29184117,0.35222542,,,,
234247_at,0.29190651,-0.0834125,,,,
244787_at,0.29191635,-0.18394553,,,,
1556722_a_at,0.29201764,-0.07791959,,,,
230786_at,0.29204367,0.11402898,,,,
205807_s_at,0.29204758,0.32148863,,,,
231696_x_at,0.29204775,0.091687,,,,
216743_at,0.29210987,-0.05680025,,,,
1564039_at,0.29215135,0.09464521,,,,
223962_at,0.29216491,-0.10962036,,,,
211073_x_at,0.29218046,-0.07461407,,,,
1569693_at,0.29218615,0.07318206,,,,
209048_s_at,0.29223409,-0.19492273,,,,
223288_at,0.292251,0.13843764,,,,
204531_s_at,0.29225153,0.2142397,,,,
230331_at,0.29225469,-0.19560851,,,,
214834_at,0.29226111,0.11539605,,,,
242300_at,0.29228313,0.28192727,,,,
231104_at,0.29229045,0.33854013,,,,
231889_at,0.29229262,-0.05523979,,,,
223705_s_at,0.29230035,0.11752249,,,,
1553675_at,0.2923203,-0.07955082,,,,
234184_at,0.29235739,-0.06042914,,,,
209719_x_at,0.29238557,0.69712969,,,,
1566042_at,0.29238915,-0.05024336,,,,
234590_x_at,0.29240757,-0.07084201,,,,
209569_x_at,0.29240884,0.50336333,,,,
1557359_at,0.29240944,-0.14499759,,,,
1564072_at,0.29241012,0.08698963,,,,
206706_at,0.29241562,0.23868611,,,,
219867_at,0.29244394,0.39932739,,,,
1553174_at,0.29244465,-0.07554031,,,,
240172_at,0.29249082,0.18407971,,,,
237254_at,0.29249902,-0.08446951,,,,
233066_at,0.29251438,0.05343565,,,,
240526_at,0.29255035,0.06651719,,,,
234057_at,0.29258405,0.10179457,,,,
211967_at,0.2926162,0.17464112,,,,
207934_at,0.29261823,0.09586168,,,,
1568604_a_at,0.29263559,-0.48841797,,,,
221243_s_at,0.29265094,-0.05907676,,,,
224679_at,0.29266255,0.10913836,,,,
1557241_a_at,0.29268818,-0.11237045,,,,
219245_s_at,0.29271697,0.16009416,,,,
206276_at,0.29272993,0.78508237,,,,
226862_at,0.29273534,0.09490209,,,,
240644_at,0.29274187,-0.05700411,,,,
214795_at,0.2927424,-0.09558533,,,,
208557_at,0.29274437,-0.15941821,,,,
212768_s_at,0.29276269,1.11893767,,,,
201660_at,0.29279363,0.16726148,,,,
233828_at,0.29281068,0.06370535,,,,
202253_s_at,0.29283472,-0.18112879,,,,
1558522_at,0.29287721,0.21844043,,,,
1557704_a_at,0.29289552,0.05862032,,,,
217743_s_at,0.29290239,-0.13445818,,,,
206873_at,0.29290759,0.17972767,,,,
215655_at,0.2929644,-0.04003882,,,,
1563243_at,0.29296587,0.06762097,,,,
218024_at,0.29297025,0.24340606,,,,
229787_s_at,0.29298231,0.25857358,,,,
232963_at,0.29299369,0.0737924,,,,
231125_at,0.293011,0.08295799,,,,
1552538_a_at,0.29301417,0.10975405,,,,
222237_s_at,0.29301816,0.19710484,,,,
218674_at,0.29303073,0.19810007,,,,
210678_s_at,0.29305399,-0.23752907,,,,
234109_x_at,0.293106,0.10753729,,,,
232095_at,0.29311813,0.283483,,,,
218010_x_at,0.29312789,-0.21152506,,,,
221637_s_at,0.29317464,0.1483663,,,,
228385_at,0.29319761,0.14187163,,,,
227909_at,0.29323075,0.23601607,,,,
224221_s_at,0.29323871,-0.53765099,,,,
228327_x_at,0.29324655,-0.1059763,,,,
206456_at,0.29325712,0.12237992,,,,
564_at,0.29327646,-0.14957387,,,,
219982_s_at,0.29328757,0.14990901,,,,
232786_at,0.29329544,0.07005162,,,,
208649_s_at,0.29332082,-0.15934856,,,,
229403_at,0.29333133,-0.05924863,,,,
239791_at,0.29336932,-0.27117636,,,,
204119_s_at,0.29337367,0.19948877,,,,
213262_at,0.29340728,0.35508995,,,,
207589_at,0.29341073,-0.19326064,,,,
207652_s_at,0.29342858,-0.18842629,,,,
57540_at,0.29344691,0.31977751,,,,
221405_at,0.29346334,-0.06107478,,,,
240988_x_at,0.2934785,-0.09051536,,,,
239047_at,0.29348913,-0.08312673,,,,
228792_at,0.29353092,0.11493226,,,,
209969_s_at,0.29355334,0.30058481,,,,
202064_s_at,0.29355558,0.17134923,,,,
227629_at,0.29356826,0.56674181,,,,
205225_at,0.2935868,0.72704544,,,,
1553093_a_at,0.29360842,-0.05133805,,,,
231660_at,0.2936327,-0.06326039,,,,
219813_at,0.29364181,-0.04875513,,,,
1557534_at,0.29365435,-0.06812997,,,,
213048_s_at,0.29370505,-0.15831185,,,,
244328_x_at,0.29370965,-0.05713511,,,,
232311_at,0.29371324,-0.21832393,,,,
229329_s_at,0.29371714,-0.16425532,,,,
212270_x_at,0.29372119,0.1122302,,,,
241047_at,0.2937247,0.04996816,,,,
1562926_at,0.29374734,0.0788264,,,,
231924_at,0.29374961,-0.13172907,,,,
232117_at,0.29383155,0.14494985,,,,
238575_at,0.29385891,0.2205288,,,,
221328_at,0.29388248,-0.0753186,,,,
230660_at,0.29394191,0.4997908,,,,
237648_x_at,0.29395047,0.05511556,,,,
208614_s_at,0.29398858,-0.19524157,,,,
213079_at,0.29399105,-0.13925733,,,,
244417_at,0.29399107,-0.13726316,,,,
235665_at,0.2939989,-0.06374576,,,,
1556266_a_at,0.29401459,0.0878205,,,,
1565389_s_at,0.29402946,-0.0962304,,,,
239213_at,0.2940345,0.11230017,,,,
1553746_a_at,0.29405342,-0.12065557,,,,
1559224_at,0.29408009,-0.12005631,,,,
222483_at,0.29408739,-0.22297999,,,,
208955_at,0.2941119,0.21174596,,,,
207433_at,0.29411822,-0.2066078,,,,
208637_x_at,0.29413135,-0.21224784,,,,
205544_s_at,0.29416066,-0.24031618,,,,
242136_x_at,0.29419599,0.20190063,,,,
235973_at,0.29420973,-0.06542294,,,,
235172_at,0.29423952,0.2136128,,,,
207120_at,0.29425764,0.25674609,,,,
220452_x_at,0.29426969,0.13741381,,,,
213971_s_at,0.29429685,0.19444502,,,,
207157_s_at,0.29429735,-0.12798583,,,,
235523_at,0.29430074,-0.13856322,,,,
1567273_at,0.29430383,-0.07099955,,,,
215996_at,0.29430759,-0.0557402,,,,
1555801_s_at,0.29436189,-0.47359534,,,,
206504_at,0.29438381,-0.31979733,,,,
201300_s_at,0.29440035,0.26129425,,,,
1562683_a_at,0.29443993,-0.05825436,,,,
1565859_at,0.29446252,-0.07458646,,,,
1553955_at,0.29446666,0.14984319,,,,
213876_x_at,0.29447441,-0.12725112,,,,
227659_at,0.29453447,-0.09321329,,,,
212876_at,0.29456959,0.15311534,,,,
223331_s_at,0.29459149,0.13327241,,,,
223276_at,0.29465732,-0.27057444,,,,
1561963_at,0.29466007,0.06180704,,,,
1559732_at,0.29467181,0.09472576,,,,
1564921_at,0.29469936,-0.07478889,,,,
240890_at,0.29471153,0.32061995,,,,
239283_at,0.29472244,0.12178918,,,,
222613_at,0.29474429,0.18192473,,,,
241869_at,0.29475047,0.27087975,,,,
208296_x_at,0.29477398,-0.27604721,,,,
1558903_at,0.29481541,-0.0582537,,,,
1559692_at,0.29484176,-0.0604868,,,,
229879_at,0.29486194,-0.13338446,,,,
230886_at,0.29489655,0.15703873,,,,
1569108_a_at,0.29490583,-0.07133831,,,,
209135_at,0.29491665,-0.22585482,,,,
234030_at,0.29492817,-0.05976123,,,,
1563742_at,0.29492993,0.12644773,,,,
231357_at,0.29496076,0.1207721,,,,
212324_s_at,0.29499945,-0.15910103,,,,
205909_at,0.29503418,0.26309379,,,,
239773_at,0.29505059,0.13792857,,,,
204600_at,0.29506196,0.31519224,,,,
210288_at,0.29506341,-0.11828296,,,,
230929_s_at,0.29509311,0.09415769,,,,
208466_at,0.29509873,-0.14747912,,,,
234136_at,0.29510091,0.04921203,,,,
231247_s_at,0.29510636,-0.17517628,,,,
223111_x_at,0.29512254,-0.15336581,,,,
234997_x_at,0.2951362,0.24276794,,,,
227223_at,0.2951517,0.28684354,,,,
1562759_at,0.29515565,-0.05648102,,,,
1564466_at,0.29515963,0.04840861,,,,
209690_s_at,0.29522928,-0.18204596,,,,
227772_at,0.29526095,0.15228141,,,,
1553181_at,0.2952612,-0.0598448,,,,
206852_at,0.29526806,0.25136444,,,,
243725_at,0.29526867,-0.04289261,,,,
226466_s_at,0.29528468,0.14639394,,,,
1570308_at,0.29534308,0.05017203,,,,
236367_at,0.29534618,-0.13349972,,,,
211821_x_at,0.29535441,-0.06059834,,,,
1556779_s_at,0.29537073,0.07077442,,,,
1554989_at,0.29542773,-0.07464494,,,,
238994_at,0.29542814,0.13194829,,,,
215159_s_at,0.29545676,-0.18090759,,,,
231194_at,0.29546243,-0.0774595,,,,
207136_at,0.29546888,-0.07117431,,,,
212327_at,0.29558488,0.41665661,,,,
207550_at,0.29562243,0.11254863,,,,
222784_at,0.29563969,0.28135356,,,,
1569002_x_at,0.29566516,-0.07247703,,,,
205532_s_at,0.295672,0.39750422,,,,
220559_at,0.29567203,0.42504573,,,,
1566465_at,0.29568832,-0.08270949,,,,
1559976_at,0.29568839,-0.14342355,,,,
223511_at,0.29568899,0.17866114,,,,
228400_at,0.29569552,-0.43641389,,,,
1558832_at,0.29572843,-0.06262706,,,,
216569_at,0.29573177,0.06807763,,,,
241762_at,0.2957454,0.30634673,,,,
1568667_s_at,0.29575645,-0.09555123,,,,
203425_s_at,0.29576208,0.2794883,,,,
228110_x_at,0.29576284,0.17466591,,,,
214210_at,0.29576322,0.11915331,,,,
208867_s_at,0.29577302,-0.18965815,,,,
233062_at,0.29577515,0.08919253,,,,
1554744_at,0.29578827,-0.05354016,,,,
212847_at,0.29579218,0.25059092,,,,
238339_x_at,0.29581931,-0.11691101,,,,
219124_at,0.29581948,0.13099565,,,,
208507_at,0.29584022,-0.06791837,,,,
228636_at,0.29584823,-0.38103635,,,,
228196_s_at,0.29585025,0.16341228,,,,
232000_at,0.29585987,-0.28180335,,,,
206123_at,0.29586158,-0.1371724,,,,
213648_at,0.29587381,0.09732942,,,,
239338_x_at,0.29587893,-0.07161867,,,,
229531_at,0.29594517,-0.19269713,,,,
222952_s_at,0.29598796,-0.14122552,,,,
220362_at,0.29602175,-0.12081468,,,,
224887_at,0.2960473,-0.12477832,,,,
211198_s_at,0.29605,-0.08251636,,,,
215006_at,0.29605063,-0.16037748,,,,
243652_at,0.29605802,0.0588596,,,,
1563473_at,0.29608176,-0.09924013,,,,
211271_x_at,0.29612046,-0.11022769,,,,
223863_at,0.29612082,-0.04211892,,,,
1559635_at,0.29613731,-0.05812575,,,,
232770_at,0.29624122,0.16136095,,,,
200982_s_at,0.29624445,-0.27010139,,,,
221807_s_at,0.29625869,-0.14620334,,,,
230100_x_at,0.29634073,-0.2731112,,,,
205883_at,0.29634895,-0.45558513,,,,
207416_s_at,0.29635813,0.1049063,,,,
1553713_a_at,0.29636193,-0.11145268,,,,
234466_at,0.2963658,0.11502662,,,,
1566086_at,0.29637474,-0.05223963,,,,
228441_s_at,0.29638379,0.34334964,,,,
227988_s_at,0.29638576,0.2227217,,,,
202323_s_at,0.2964013,-0.20838124,,,,
233982_x_at,0.29640474,-0.17392494,,,,
226976_at,0.29641862,0.13404218,,,,
232506_s_at,0.29642288,-0.0996282,,,,
204370_at,0.29646164,0.10103525,,,,
222076_at,0.29646221,-0.06674995,,,,
224948_at,0.29649212,0.11717526,,,,
244195_at,0.29649803,0.05094201,,,,
1561252_at,0.29650324,-0.06874181,,,,
219420_s_at,0.29651562,0.12978753,,,,
232223_at,0.29654684,-0.07960787,,,,
204898_at,0.29655261,0.07023341,,,,
244800_x_at,0.29656412,0.06885887,,,,
1560490_at,0.29657329,0.0621898,,,,
239151_at,0.29657963,0.17945701,,,,
221618_s_at,0.29659289,-0.24834855,,,,
201162_at,0.29659473,0.20211023,,,,
239189_at,0.2966283,0.06167177,,,,
237114_at,0.29663502,-0.06067669,,,,
230398_at,0.29664926,-0.30566115,,,,
204336_s_at,0.29666816,-0.16888752,,,,
1562314_at,0.29666986,-0.04713105,,,,
240163_at,0.29667929,-0.05251223,,,,
231568_at,0.29669929,0.06219124,,,,
207936_x_at,0.29675647,0.09494653,,,,
205526_s_at,0.2967617,0.16282495,,,,
1553542_at,0.29676668,0.20388416,,,,
215685_s_at,0.29680176,-0.06804666,,,,
216288_at,0.29682308,-0.04902388,,,,
208389_s_at,0.29683399,0.2893982,,,,
239690_at,0.29683567,-0.07414715,,,,
223926_at,0.2968957,-0.07301681,,,,
224044_at,0.29689769,0.077579,,,,
215585_at,0.29691297,-0.06583237,,,,
1562083_at,0.29692644,-0.05584225,,,,
207754_at,0.29694511,0.1562966,,,,
233613_x_at,0.29699433,0.09544244,,,,
213574_s_at,0.29701484,0.18591846,,,,
1554376_s_at,0.297073,0.18448519,,,,
1561170_at,0.29709991,-0.04721377,,,,
1560830_a_at,0.29710211,-0.1046289,,,,
215203_at,0.29711148,0.12239885,,,,
229482_at,0.29711209,0.08140652,,,,
237389_at,0.29712622,-0.06091157,,,,
218303_x_at,0.2971314,0.19176764,,,,
230542_at,0.29713881,-0.17492874,,,,
240143_at,0.29714154,-0.1482615,,,,
1561106_at,0.2971636,0.06981189,,,,
205460_at,0.29717001,-0.21181004,,,,
228459_at,0.29719282,-0.25517268,,,,
1553505_at,0.29719631,-0.22492763,,,,
237102_at,0.29719833,0.06616515,,,,
1565527_x_at,0.29719901,-0.09952038,,,,
1561314_at,0.29723215,-0.06348227,,,,
216164_at,0.29723566,-0.08292684,,,,
224054_at,0.29727035,-0.07878941,,,,
1562425_at,0.29728241,0.0799709,,,,
231005_at,0.29731864,-0.13480279,,,,
231114_at,0.29731996,0.13017854,,,,
231735_s_at,0.29732745,-0.28999587,,,,
205500_at,0.29732913,0.7764295,,,,
203316_s_at,0.29733276,0.13608089,,,,
1556059_s_at,0.29737525,-0.1372244,,,,
204307_at,0.29740591,-0.10817551,,,,
244694_at,0.29743368,-0.06740716,,,,
205782_at,0.29743431,0.57342654,,,,
1557609_s_at,0.29744272,-0.11336737,,,,
229046_s_at,0.29744831,-0.07450688,,,,
220797_at,0.29747237,-0.22202358,,,,
234078_at,0.29747498,-0.04339705,,,,
214244_s_at,0.29747706,-0.24122736,,,,
228737_at,0.29749968,-0.33015981,,,,
219635_at,0.2975012,0.19245856,,,,
216758_at,0.29750421,0.04314685,,,,
234485_at,0.29750649,-0.10253947,,,,
217239_x_at,0.29751349,-0.15090165,,,,
214448_x_at,0.2975148,-0.08047023,,,,
232131_at,0.29751768,0.14515846,,,,
1563450_at,0.29751878,0.05236708,,,,
207961_x_at,0.29752144,0.35621359,,,,
232471_at,0.29755121,-0.15837609,,,,
1568665_at,0.29756521,-0.10104212,,,,
229636_at,0.29756951,-0.12099229,,,,
232210_at,0.29758929,0.29252428,,,,
232544_at,0.29761119,0.21032619,,,,
235819_at,0.29764112,0.13300157,,,,
238098_at,0.29766158,-0.15414076,,,,
1555502_at,0.29766679,-0.04368588,,,,
1553248_at,0.2976798,-0.09377298,,,,
228342_s_at,0.29768736,0.18861651,,,,
211546_x_at,0.29769304,0.17359771,,,,
1558381_a_at,0.29769463,-0.07259336,,,,
242838_at,0.29774527,0.18179164,,,,
240966_at,0.29778138,-0.0914968,,,,
212104_s_at,0.29779724,0.1855257,,,,
1558430_at,0.29780592,0.09188057,,,,
229488_at,0.29781522,0.12701155,,,,
236227_at,0.29783811,-0.14613087,,,,
203056_s_at,0.29785182,-0.19867938,,,,
1568617_a_at,0.29788384,-0.28171026,,,,
223748_at,0.29789622,0.33046074,,,,
1558201_s_at,0.29794789,0.11168822,,,,
231550_at,0.2979619,0.10243156,,,,
239960_x_at,0.29796553,-0.19313273,,,,
239589_at,0.29801305,0.04948275,,,,
1553053_at,0.29802543,-0.06273236,,,,
242061_at,0.29803103,-0.05529216,,,,
203946_s_at,0.29803468,-0.40563284,,,,
225366_at,0.29804667,0.21377729,,,,
215516_at,0.29809623,0.13165863,,,,
203625_x_at,0.29810719,0.2912554,,,,
1568955_at,0.29811004,0.23157778,,,,
239372_at,0.2981459,0.07826304,,,,
1562491_at,0.2981734,0.04325421,,,,
1560917_at,0.29818188,-0.06620297,,,,
232130_at,0.29818488,-0.14963097,,,,
234830_at,0.29821379,-0.04665568,,,,
230125_at,0.29821642,-0.11268304,,,,
229321_s_at,0.29825921,-0.1248726,,,,
228960_at,0.29827712,0.18938603,,,,
222851_at,0.29827762,0.17367443,,,,
238391_at,0.29828279,0.04209115,,,,
239578_at,0.29832075,0.13718075,,,,
202280_at,0.29835715,-0.05444361,,,,
215199_at,0.29835895,0.15735734,,,,
1565816_at,0.29836471,-0.05852999,,,,
211798_x_at,0.29840743,-0.47719247,,,,
1564204_at,0.29841402,-0.06110495,,,,
241357_at,0.29843012,-0.09362841,,,,
204556_s_at,0.29844867,0.26338969,,,,
1559953_at,0.29846268,-0.0528438,,,,
241965_at,0.29846427,0.15610886,,,,
227928_at,0.29846997,0.25240081,,,,
229995_at,0.29849917,-0.06321324,,,,
229604_at,0.29852835,0.20965645,,,,
214358_at,0.29853347,0.20127512,,,,
240894_at,0.29857009,-0.05898137,,,,
220210_at,0.29859324,-0.06979571,,,,
240779_at,0.29863105,-0.07071933,,,,
222705_s_at,0.2986529,0.30568934,,,,
1570020_at,0.29868932,0.04813576,,,,
232940_s_at,0.29870346,-0.16128292,,,,
237416_at,0.29871022,-0.05516348,,,,
213953_at,0.29872,-0.98344907,,,,
233439_at,0.29872246,0.0753252,,,,
233228_at,0.29874758,0.14736221,,,,
1555748_x_at,0.29875117,-0.07801103,,,,
1569706_at,0.2987516,0.05479457,,,,
1558253_x_at,0.29878961,-0.20138426,,,,
232009_at,0.29882963,-0.07356095,,,,
206524_at,0.29884555,0.07769465,,,,
212679_at,0.29884786,-0.09101985,,,,
228953_at,0.29885046,-0.14234029,,,,
215215_s_at,0.29886189,-0.18380785,,,,
1555043_at,0.29886311,-0.09850887,,,,
222807_at,0.29887145,0.17305243,,,,
228235_at,0.29887345,0.24188583,,,,
220537_at,0.29890866,-0.07143552,,,,
219710_at,0.29891297,-0.22451011,,,,
226556_at,0.29892771,0.22978384,,,,
217120_s_at,0.29893357,-0.09038722,,,,
237018_at,0.29896807,-0.13852595,,,,
217942_at,0.29900991,0.18012718,,,,
213465_s_at,0.29901352,-0.16677502,,,,
232373_at,0.29904299,0.10382486,,,,
232054_at,0.29909168,-0.521337,,,,
214690_at,0.29911373,0.1616743,,,,
243217_at,0.2991519,0.11251124,,,,
219667_s_at,0.2991586,-0.4352067,,,,
243911_at,0.29916257,-0.07504519,,,,
235676_at,0.29919183,0.24275984,,,,
202268_s_at,0.29919554,0.13291731,,,,
1562305_x_at,0.29920857,0.0849693,,,,
205350_at,0.29925399,0.41901524,,,,
238916_at,0.29926589,-0.12031157,,,,
204443_at,0.29928149,-0.18299638,,,,
208377_s_at,0.29928699,-0.09601398,,,,
201561_s_at,0.29931068,-0.2165005,,,,
229833_at,0.29931659,0.15472651,,,,
216864_at,0.2993265,-0.06968164,,,,
237071_at,0.2993493,0.07964244,,,,
1569723_a_at,0.29937314,-0.20895299,,,,
239476_at,0.299406,0.13166975,,,,
231252_at,0.29942659,0.19237608,,,,
214576_at,0.29943837,0.0798603,,,,
201489_at,0.29946379,0.21588998,,,,
224617_at,0.29946513,-0.18731734,,,,
220089_at,0.29947354,0.15992556,,,,
219383_at,0.29947413,-0.34366008,,,,
1561014_at,0.29948386,-0.0682131,,,,
219807_x_at,0.29948676,-0.10991,,,,
230204_at,0.29949158,0.39311946,,,,
233625_x_at,0.29950829,-0.11579549,,,,
31807_at,0.29952713,0.11386779,,,,
228662_at,0.2995531,0.1699743,,,,
213043_s_at,0.2995644,-0.15724849,,,,
229201_at,0.29956659,-0.27471113,,,,
214951_at,0.29959213,-0.1609403,,,,
242119_at,0.2996028,0.14072062,,,,
1566084_at,0.29962035,0.13795165,,,,
235881_at,0.29962137,-0.06290692,,,,
236758_at,0.29962791,-0.06630515,,,,
205969_at,0.29964118,0.8277302,,,,
212175_s_at,0.29966411,-0.17875797,,,,
215626_at,0.29966512,0.08998021,,,,
219156_at,0.29969603,0.15354221,,,,
236306_at,0.29971336,-0.08548262,,,,
244851_at,0.29971468,-0.05195646,,,,
229333_at,0.2997261,0.19652213,,,,
221797_at,0.29975839,0.1551032,,,,
1559210_at,0.29978406,-0.05796443,,,,
219641_at,0.29979376,0.19648011,,,,
227740_at,0.29980481,-0.22036186,,,,
210066_s_at,0.29981825,-0.17298044,,,,
201428_at,0.29982488,-0.53727248,,,,
236516_at,0.29982961,-0.0726151,,,,
218846_at,0.29986323,0.14486146,,,,
208434_at,0.2998929,-0.14657641,,,,
231812_x_at,0.29989874,0.10701849,,,,
219604_s_at,0.29990786,0.07226639,,,,
238038_at,0.29991286,0.11776632,,,,
212552_at,0.29993796,-0.17435887,,,,
1552281_at,0.29994059,-0.39683282,,,,
233148_at,0.2999434,-0.06509415,,,,
207018_s_at,0.29994384,0.34819301,,,,
235721_at,0.29995465,0.23108063,,,,
201419_at,0.29997161,-0.11200511,,,,
229326_at,0.29998607,-0.09493378,,,,
221119_at,0.29999986,-0.09754483,,,,
209722_s_at,0.30000346,-0.13089566,,,,
1556113_at,0.30001504,-0.07963109,,,,
1561585_at,0.3000285,-0.06754475,,,,
1566873_at,0.3000362,-0.0685366,,,,
213069_at,0.30004284,0.29549613,,,,
217641_at,0.30005484,0.06954923,,,,
217579_x_at,0.30006068,0.09031169,,,,
219370_at,0.30006415,0.25073086,,,,
228738_at,0.30007508,0.13034957,,,,
32062_at,0.30011991,-0.09914158,,,,
218896_s_at,0.3001379,0.17301861,,,,
238716_at,0.30017389,0.30083022,,,,
238276_at,0.30017597,0.12811406,,,,
211947_s_at,0.30019187,0.20179168,,,,
211969_at,0.30022014,0.1212399,,,,
233279_at,0.30025942,0.06673191,,,,
241931_at,0.30028079,-0.09190706,,,,
210178_x_at,0.30030423,-0.16316577,,,,
218103_at,0.300316,0.14667911,,,,
1554272_at,0.30033166,-0.05170422,,,,
1556453_at,0.30034412,-0.07732619,,,,
231593_at,0.30035793,-0.05061174,,,,
242820_at,0.30037011,-0.05018603,,,,
223698_at,0.30037277,0.14334778,,,,
1558742_at,0.30041391,-0.10443127,,,,
214028_x_at,0.30042788,-0.16417286,,,,
227414_at,0.30043611,-0.11125869,,,,
1553787_at,0.30046686,0.16632173,,,,
208075_s_at,0.30051901,-0.23201745,,,,
221679_s_at,0.30055248,-0.35732402,,,,
1564763_at,0.30055921,-0.07441878,,,,
210609_s_at,0.30055933,0.27486327,,,,
208315_x_at,0.30056387,-0.13293225,,,,
207971_s_at,0.30056792,0.14664046,,,,
1569737_a_at,0.30056885,-0.07695888,,,,
1557146_a_at,0.30057777,-0.15687015,,,,
1562720_at,0.30059763,-0.06337561,,,,
1564237_at,0.30060142,-0.05547963,,,,
241202_at,0.30064133,0.08049097,,,,
1556279_at,0.30065548,-0.07528683,,,,
221512_at,0.30065638,-0.13639057,,,,
215738_at,0.30075133,-0.08358837,,,,
242024_at,0.30075641,0.15096669,,,,
217380_s_at,0.30076138,-0.23146056,,,,
1561686_at,0.30077565,-0.08443107,,,,
226028_at,0.30079993,0.24120276,,,,
236298_at,0.30081319,-0.11974753,,,,
225388_at,0.30082869,-0.28816297,,,,
207968_s_at,0.30084293,-0.2036855,,,,
219587_at,0.30090142,0.17939174,,,,
201200_at,0.30091004,0.16252803,,,,
1566869_at,0.30093672,-0.04192446,,,,
216319_at,0.30094951,0.04270606,,,,
208771_s_at,0.3009705,-0.146777,,,,
1557672_s_at,0.3009767,-0.05889882,,,,
202286_s_at,0.30097792,0.76310323,,,,
237927_at,0.3010066,-0.04521682,,,,
242870_at,0.30100769,-0.06693464,,,,
220433_at,0.30101269,0.15293742,,,,
220698_at,0.30101732,-0.07905583,,,,
238207_at,0.30103606,-0.06927821,,,,
242285_at,0.30104495,-0.0510463,,,,
220014_at,0.30104747,-0.34100297,,,,
1566440_at,0.30105173,-0.0596057,,,,
207660_at,0.30105826,0.10026884,,,,
207623_at,0.30108768,-0.16567219,,,,
238300_s_at,0.30109076,-0.06699007,,,,
211147_s_at,0.3011195,-0.07632762,,,,
213540_at,0.30116201,0.21432548,,,,
234694_at,0.30116572,0.08835148,,,,
209884_s_at,0.30120371,-0.2079502,,,,
239426_at,0.30121277,-0.1502888,,,,
201969_at,0.30121395,0.2304086,,,,
1555888_at,0.30128826,-0.22477024,,,,
1559116_s_at,0.30129771,0.11771332,,,,
213975_s_at,0.30129885,-0.33314624,,,,
203702_s_at,0.30130637,0.18543258,,,,
213868_s_at,0.30135337,-0.29012574,,,,
221720_s_at,0.30137956,-0.05684805,,,,
230298_at,0.30138899,0.1807913,,,,
222205_x_at,0.30140425,0.10740504,,,,
1556055_at,0.30140902,-0.23196477,,,,
211388_s_at,0.30141233,0.06249792,,,,
228927_at,0.30143299,0.1846822,,,,
219467_at,0.30144051,0.15043246,,,,
1555367_at,0.30146331,-0.0462058,,,,
1555364_at,0.30147912,0.03741898,,,,
226825_s_at,0.30152164,-0.22725366,,,,
1563165_at,0.30153922,-0.05559748,,,,
220395_at,0.30156313,-0.07883695,,,,
206264_at,0.30160662,0.32245701,,,,
1556850_at,0.30162433,-0.13411522,,,,
214615_at,0.30163284,-0.14158224,,,,
206263_at,0.30164354,0.29041061,,,,
213252_at,0.30164384,-0.27143402,,,,
210398_x_at,0.30164483,-0.35565452,,,,
226044_at,0.30167338,0.13380108,,,,
234428_at,0.30169834,-0.0517292,,,,
207688_s_at,0.30169947,0.16455068,,,,
208715_at,0.30171072,0.20163686,,,,
236870_at,0.30171927,0.04247713,,,,
1554549_a_at,0.30173357,0.14512911,,,,
209453_at,0.30175185,-0.1301518,,,,
204390_at,0.301757,0.11146319,,,,
218604_at,0.30179566,0.14439499,,,,
1566609_at,0.30182414,-0.05878135,,,,
1552459_a_at,0.30183747,-0.07357702,,,,
1552312_a_at,0.30187615,0.14897804,,,,
226776_at,0.30189282,0.21788606,,,,
226168_at,0.30189977,0.12255381,,,,
217333_at,0.30191951,-0.07810233,,,,
207827_x_at,0.30193079,0.21558428,,,,
230745_s_at,0.30194786,-0.07744874,,,,
224565_at,0.30196015,-0.35520825,,,,
206116_s_at,0.301969,-0.22304212,,,,
225974_at,0.30198503,0.23957149,,,,
231814_at,0.30202618,-0.19602079,,,,
222470_s_at,0.30209297,-0.21077948,,,,
212556_at,0.30210404,0.18587959,,,,
241807_x_at,0.30213404,-0.04631582,,,,
242711_x_at,0.30213477,0.16450763,,,,
1563894_at,0.30215004,-0.09382462,,,,
226645_at,0.30215928,0.09564111,,,,
1560480_at,0.30218923,-0.08711842,,,,
1554499_s_at,0.30220191,-0.13248946,,,,
229962_at,0.30220661,0.1984056,,,,
243337_at,0.30221959,0.0530611,,,,
1570302_at,0.30222361,0.04156014,,,,
230135_at,0.30222548,-0.47963752,,,,
230942_at,0.30223612,0.17437107,,,,
206087_x_at,0.3022515,0.2004656,,,,
233072_at,0.3022637,-0.11019642,,,,
239848_at,0.30228267,0.28042616,,,,
212699_at,0.30229963,-0.15356218,,,,
1554494_at,0.3023117,0.04688032,,,,
209720_s_at,0.30235633,0.57334499,,,,
225214_at,0.30236328,-0.1714419,,,,
221349_at,0.30241351,-0.05398708,,,,
238547_at,0.30241499,0.18154763,,,,
227763_at,0.30242397,-0.23968559,,,,
206749_at,0.30242572,-0.22472079,,,,
1553756_at,0.30242729,-0.07688116,,,,
218458_at,0.30243035,0.13340306,,,,
209950_s_at,0.30243247,-0.3597325,,,,
222321_at,0.30245085,-0.20969608,,,,
1555192_at,0.30245736,-0.07219444,,,,
1558943_x_at,0.30246504,0.15358276,,,,
1555866_a_at,0.30249962,-0.11623711,,,,
216430_x_at,0.30250405,-0.27560842,,,,
228062_at,0.30251535,0.34283082,,,,
215070_x_at,0.30252355,0.06978156,,,,
1561857_at,0.3025505,-0.04078935,,,,
202108_at,0.30258668,0.19437167,,,,
205244_s_at,0.30260471,0.2099704,,,,
1557771_at,0.30260666,-0.05124405,,,,
205097_at,0.30263262,-0.42816059,,,,
209259_s_at,0.30263957,0.14032373,,,,
232462_s_at,0.30266255,0.09379866,,,,
208735_s_at,0.30266835,-0.11371713,,,,
200747_s_at,0.30267719,-0.15084855,,,,
201059_at,0.30270619,-0.1602379,,,,
233058_at,0.30273536,-0.25485433,,,,
226571_s_at,0.30276323,0.32811818,,,,
237707_at,0.30279888,-0.07329966,,,,
210454_s_at,0.30279981,-0.16133409,,,,
235638_at,0.30280807,-0.46510601,,,,
215196_at,0.30282398,-0.05938358,,,,
225517_at,0.30289643,0.10556811,,,,
1558530_at,0.30289798,0.1124907,,,,
1566892_at,0.30290964,0.0483203,,,,
220387_s_at,0.30291016,-0.2596863,,,,
211784_s_at,0.30293132,0.09489808,,,,
215802_at,0.30294271,0.08059563,,,,
241467_at,0.30298482,-0.08016738,,,,
233451_at,0.30299942,-0.08966546,,,,
209814_at,0.30301724,-0.12110699,,,,
216728_at,0.30302254,-0.0513118,,,,
238049_at,0.30302442,0.20118265,,,,
234065_at,0.30308202,-0.05615863,,,,
202125_s_at,0.30310891,-0.19623257,,,,
218654_s_at,0.30311585,0.17868624,,,,
212428_at,0.30311835,-0.14768265,,,,
213665_at,0.30313013,0.20194903,,,,
211248_s_at,0.30313124,0.1732867,,,,
210096_at,0.30314117,0.55565178,,,,
242278_at,0.30315813,-0.05278576,,,,
220129_at,0.3031715,0.29777188,,,,
237840_at,0.30321849,-0.07408962,,,,
220552_at,0.30336772,-0.05025571,,,,
213501_at,0.30339348,0.21812959,,,,
244040_at,0.30341206,0.14576996,,,,
216982_x_at,0.30349578,0.085112,,,,
201907_x_at,0.30350347,0.10618784,,,,
243998_at,0.30350625,0.1400729,,,,
244480_at,0.30351203,0.09784022,,,,
1556704_s_at,0.30353181,-0.04699463,,,,
213115_at,0.30353277,0.15464321,,,,
241574_s_at,0.30355431,-0.11128186,,,,
243789_at,0.30355722,-0.05958502,,,,
1554887_at,0.30356742,0.20629568,,,,
230123_at,0.30357613,-0.14481763,,,,
236608_at,0.30360874,-0.04541379,,,,
205482_x_at,0.30366079,-0.08571839,,,,
233465_at,0.30373519,0.10638964,,,,
1565890_at,0.30374281,-0.05349658,,,,
235740_at,0.30374787,0.37918718,,,,
211645_x_at,0.30376388,-0.63681008,,,,
1554390_s_at,0.30377685,-0.24598006,,,,
214909_s_at,0.30379017,0.20059978,,,,
1561856_at,0.30379418,0.03891691,,,,
217538_at,0.30381601,0.10866904,,,,
213134_x_at,0.30382611,0.27167852,,,,
235733_at,0.30384401,0.43802243,,,,
223343_at,0.30385297,-0.31991374,,,,
201677_at,0.30386407,0.16430766,,,,
243123_at,0.30390847,-0.05888575,,,,
228207_at,0.30392159,0.15642228,,,,
204745_x_at,0.30394847,0.40229992,,,,
217763_s_at,0.30395312,-0.35330246,,,,
37424_at,0.30395728,-0.1283892,,,,
209749_s_at,0.3039631,-0.07482291,,,,
202766_s_at,0.30397016,0.43120458,,,,
1569905_at,0.30398198,-0.07572654,,,,
211159_s_at,0.30398367,-0.13562341,,,,
214836_x_at,0.30399647,-0.47732068,,,,
203536_s_at,0.30402722,0.10625393,,,,
1556645_s_at,0.30402839,-0.08908736,,,,
1556986_at,0.30403745,-0.08191766,,,,
231612_at,0.30406004,-0.04653516,,,,
204848_x_at,0.30408566,-0.35131153,,,,
202886_s_at,0.30412877,0.25120509,,,,
201209_at,0.30423607,-0.19128749,,,,
1554076_s_at,0.30425052,0.17602695,,,,
231130_at,0.30427308,0.30434622,,,,
240381_at,0.30427514,-0.07323677,,,,
233090_at,0.3042953,0.19459289,,,,
237350_at,0.30430556,0.52094994,,,,
1562022_s_at,0.30431881,-0.10259551,,,,
204387_x_at,0.30433624,0.1098945,,,,
223125_s_at,0.30434409,0.37269826,,,,
201251_at,0.3043532,-0.31777714,,,,
227857_at,0.30436446,-0.15900657,,,,
226047_at,0.30437272,-0.26511708,,,,
222028_at,0.3043763,0.15577855,,,,
1555529_at,0.30442039,-0.08445379,,,,
242700_at,0.30443023,0.10811063,,,,
206403_at,0.30444582,-0.14673878,,,,
236024_at,0.30445251,-0.15253646,,,,
223036_at,0.30447118,-0.05696822,,,,
1554628_at,0.30447163,-0.23055344,,,,
232028_at,0.30448287,0.28035194,,,,
214177_s_at,0.30452306,0.16631522,,,,
218636_s_at,0.30453853,0.11122297,,,,
235596_at,0.3045531,-0.08251825,,,,
216958_s_at,0.3045682,0.2606627,,,,
225812_at,0.30458152,0.28429051,,,,
1567023_at,0.30458802,-0.0653182,,,,
236402_at,0.30465019,0.16905337,,,,
211459_at,0.30467829,-0.04399853,,,,
211633_x_at,0.3046886,-0.30155441,,,,
227663_at,0.30470699,0.3128708,,,,
206231_at,0.30471452,-0.0687512,,,,
241030_at,0.30471912,-0.04696179,,,,
209238_at,0.30472095,-0.2535867,,,,
1561485_at,0.304737,0.0529778,,,,
227514_at,0.30474127,-0.22721494,,,,
1564125_at,0.30482477,-0.0566313,,,,
239022_at,0.30483523,0.20629878,,,,
222092_at,0.30483887,-0.07705492,,,,
1562648_at,0.30484478,-0.08882856,,,,
206929_s_at,0.30484904,0.1473881,,,,
221496_s_at,0.30485462,-0.1370793,,,,
202924_s_at,0.30486936,-0.20843867,,,,
1569552_at,0.30489516,-0.10615405,,,,
1561691_at,0.30490551,-0.0557435,,,,
206627_s_at,0.30493785,0.23883894,,,,
1561959_x_at,0.30494154,-0.03680971,,,,
205578_at,0.30496604,0.38185869,,,,
236403_at,0.30503047,-0.0724597,,,,
232224_at,0.3050432,0.47883615,,,,
207987_s_at,0.30508636,0.12816156,,,,
206754_s_at,0.30509981,-0.73298165,,,,
205266_at,0.3051177,-0.25039751,,,,
224033_at,0.30514039,-0.06049803,,,,
210449_x_at,0.30515431,-0.19735862,,,,
209451_at,0.30517102,0.16184065,,,,
213339_at,0.30518477,0.09822493,,,,
236829_at,0.30519053,0.1632358,,,,
235903_at,0.30522873,-0.15005952,,,,
233973_at,0.30524154,-0.0460443,,,,
234631_at,0.30525856,-0.06200862,,,,
229220_x_at,0.30528627,0.1389385,,,,
218865_at,0.30530384,-0.25780992,,,,
238679_at,0.30533524,0.09586995,,,,
201876_at,0.30536674,0.24366253,,,,
236693_at,0.30540055,0.06059609,,,,
213140_s_at,0.30541386,0.19125801,,,,
221951_at,0.3054637,-0.1774966,,,,
203399_x_at,0.30549077,0.06469832,,,,
234809_at,0.30549547,-0.09755146,,,,
224576_at,0.30550151,-0.20348074,,,,
244139_s_at,0.30552115,-0.19036692,,,,
240417_at,0.30555232,0.08953808,,,,
208817_at,0.30557828,-0.22652041,,,,
239880_at,0.30558299,-0.07000351,,,,
234986_at,0.30559137,0.25142267,,,,
241742_at,0.30560283,-0.13477638,,,,
227354_at,0.30561227,-0.31173607,,,,
234679_at,0.30561407,-0.05932696,,,,
236794_at,0.30561887,0.11200934,,,,
223644_s_at,0.30563197,0.14156815,,,,
209829_at,0.30564427,-0.40576513,,,,
1559278_at,0.30565889,-0.0618322,,,,
205439_at,0.30566261,0.31633175,,,,
232059_at,0.30568157,-0.09376384,,,,
202118_s_at,0.30574365,-0.25487118,,,,
218817_at,0.30577959,0.17756617,,,,
241300_at,0.30579715,0.13488173,,,,
213037_x_at,0.30581306,0.11518601,,,,
216526_x_at,0.30582141,-0.18390383,,,,
220037_s_at,0.30582331,0.48424347,,,,
217037_at,0.30583989,-0.04710215,,,,
1569058_at,0.30584074,0.05258881,,,,
237083_at,0.30584802,0.22329792,,,,
235615_at,0.30587416,0.1585216,,,,
228304_at,0.30592804,0.21953055,,,,
1553886_at,0.30593502,-0.04766294,,,,
240118_at,0.30596091,-0.15336057,,,,
213051_at,0.30596702,-0.15769948,,,,
225695_at,0.3059685,0.1576024,,,,
1560565_at,0.30597086,-0.06007293,,,,
1554101_a_at,0.30602726,-0.28940176,,,,
232342_at,0.306053,-0.07874604,,,,
237888_at,0.30605465,0.06917152,,,,
1562338_at,0.30614928,0.05030457,,,,
222429_at,0.30622723,-0.10588458,,,,
1553129_at,0.30624594,-0.06220133,,,,
232036_at,0.30625896,-0.14395628,,,,
207252_at,0.30627611,-0.05910603,,,,
205685_at,0.30630485,-0.18449301,,,,
219573_at,0.30630751,0.19593502,,,,
226190_at,0.30630809,0.24929347,,,,
1568685_at,0.30631936,-0.05339637,,,,
244217_at,0.30633965,-0.092716,,,,
1555246_a_at,0.30636488,-0.05212262,,,,
224135_at,0.30638709,-0.08021375,,,,
218506_x_at,0.30642123,-0.10920542,,,,
231078_at,0.30647119,-0.14913949,,,,
1559171_at,0.30648362,-0.05563847,,,,
204433_s_at,0.30653254,-0.18198735,,,,
1569061_at,0.306541,-0.10486353,,,,
61734_at,0.30657592,-0.21131317,,,,
244638_at,0.30658389,-0.05012107,,,,
229635_at,0.3066021,-0.31737964,,,,
202148_s_at,0.30660965,-0.17073799,,,,
205992_s_at,0.30662266,-0.36383913,,,,
221888_at,0.30662445,-0.1165382,,,,
220062_s_at,0.30662994,-0.06670937,,,,
213248_at,0.30666156,0.2700763,,,,
235009_at,0.30666977,0.26769051,,,,
213783_at,0.3066957,-0.0717356,,,,
208924_at,0.30671554,0.1408357,,,,
241428_x_at,0.3067259,0.16139523,,,,
228321_s_at,0.30673466,-0.11857858,,,,
208832_at,0.30673767,0.1307843,,,,
1564520_s_at,0.30675227,0.15187043,,,,
1569834_at,0.30675636,-0.08105663,,,,
201398_s_at,0.30676007,0.11813917,,,,
1562801_at,0.30676108,-0.08103173,,,,
1553443_at,0.30676168,-0.06390152,,,,
202555_s_at,0.30676383,0.33050499,,,,
230236_at,0.30677224,-0.08704202,,,,
239384_at,0.30677814,-0.09263778,,,,
1559517_a_at,0.30678136,-0.23862275,,,,
238366_at,0.30679243,0.07798001,,,,
1558922_at,0.3067964,0.17151471,,,,
238254_at,0.30680604,0.07478416,,,,
210575_at,0.30681047,-0.06345248,,,,
226879_at,0.30687067,-0.15814315,,,,
235201_at,0.30689467,0.40578047,,,,
209030_s_at,0.30689507,0.37057776,,,,
214088_s_at,0.30691132,-0.45165197,,,,
210114_at,0.30695848,0.14118103,,,,
1559627_at,0.30701402,-0.04474171,,,,
238762_at,0.30711385,0.23575552,,,,
225262_at,0.30713161,-0.25754854,,,,
210511_s_at,0.30715929,-0.38059162,,,,
211568_at,0.30718859,-0.1303497,,,,
1557900_at,0.30720288,-0.07839968,,,,
243457_s_at,0.3072051,0.08331793,,,,
220148_at,0.30720753,0.9006045,,,,
223401_at,0.30721145,0.13151596,,,,
243017_at,0.30723513,0.09954492,,,,
212528_at,0.30727968,-0.11925249,,,,
225451_at,0.30734149,-0.08222839,,,,
223895_s_at,0.30737425,0.34920108,,,,
228423_at,0.30738395,0.46408101,,,,
1564965_at,0.30742856,-0.039967,,,,
242036_x_at,0.30743391,-0.05238587,,,,
211570_s_at,0.3074392,0.09882691,,,,
214631_at,0.30744823,-0.08314747,,,,
224142_s_at,0.30745122,-0.07168128,,,,
1569864_at,0.30749767,0.09384579,,,,
228243_at,0.30749906,-0.17890764,,,,
210761_s_at,0.30751558,-0.23853523,,,,
225480_at,0.30752253,0.15614571,,,,
212807_s_at,0.30752429,-0.28064725,,,,
1570001_at,0.30752845,0.05307661,,,,
229104_s_at,0.30753041,-0.19182621,,,,
228713_s_at,0.30753224,-0.18863036,,,,
1553427_at,0.30754563,-0.07860561,,,,
238016_s_at,0.30754881,0.07408806,,,,
238325_s_at,0.30754886,0.0983766,,,,
219733_s_at,0.30755526,0.49364453,,,,
236891_at,0.30757529,-0.05980729,,,,
236697_at,0.30757557,-0.21646858,,,,
232785_at,0.30758187,0.12186531,,,,
231680_at,0.30758566,-0.04292065,,,,
238995_at,0.30759504,0.08882502,,,,
1559680_at,0.30760679,-0.06036546,,,,
234959_at,0.30763956,-0.05485633,,,,
239884_at,0.30765056,-0.32883285,,,,
209984_at,0.30767565,-0.15232342,,,,
1569842_at,0.30767769,-0.04629985,,,,
241187_at,0.30770263,-0.0789328,,,,
239205_s_at,0.3077058,-0.24584458,,,,
1554662_at,0.30772068,-0.09093583,,,,
204540_at,0.3077812,-0.35411497,,,,
233940_at,0.3077903,-0.09071294,,,,
237291_at,0.3077962,0.13560298,,,,
1556154_a_at,0.30780485,-0.07637309,,,,
228714_at,0.30780764,-0.23030308,,,,
213012_at,0.30781366,0.24463359,,,,
201785_at,0.3078236,-0.35419041,,,,
1553586_at,0.3078394,-0.05949913,,,,
240762_at,0.30785058,-0.09267303,,,,
217845_x_at,0.30785173,0.14494164,,,,
219949_at,0.30788212,0.44246545,,,,
220185_at,0.30788293,-0.08312847,,,,
238842_at,0.30789054,-0.11395521,,,,
218466_at,0.30794533,-0.11037978,,,,
207423_s_at,0.30798341,-0.06368537,,,,
1562650_at,0.30799687,-0.04826669,,,,
229276_at,0.30799917,0.2945371,,,,
217352_at,0.30800327,0.10541648,,,,
202224_at,0.30804026,0.11389505,,,,
202654_x_at,0.30805555,0.14823887,,,,
1558828_s_at,0.30805592,0.17693429,,,,
238725_at,0.30806202,-0.22889061,,,,
230395_at,0.30819786,-0.14964532,,,,
1561688_at,0.3082071,-0.06312173,,,,
237568_at,0.3082138,0.08638242,,,,
236947_at,0.30825451,0.24345792,,,,
1563975_at,0.30825828,-0.07672895,,,,
203629_s_at,0.30826755,0.13907916,,,,
1553362_at,0.30829619,0.03910303,,,,
233044_at,0.30831507,0.17041029,,,,
211936_at,0.30832663,0.13206758,,,,
214552_s_at,0.30834264,0.20130065,,,,
208552_at,0.30835216,0.08286219,,,,
234192_s_at,0.30837507,0.32742138,,,,
1569054_at,0.30837537,-0.06335604,,,,
227201_at,0.30840388,-0.09825142,,,,
217934_x_at,0.30840415,-0.11665691,,,,
243645_at,0.30840493,-0.09581401,,,,
212566_at,0.30841016,-0.15928415,,,,
213718_at,0.30848048,0.17023321,,,,
221176_x_at,0.30851814,0.08527731,,,,
223453_s_at,0.30852859,0.23075955,,,,
211470_s_at,0.30853381,-0.566729,,,,
230310_at,0.30855944,0.09466328,,,,
234995_at,0.30864369,0.20283285,,,,
227292_at,0.30869852,0.11743889,,,,
209391_at,0.30870709,-0.14952809,,,,
243343_at,0.30870769,-0.07829368,,,,
230971_x_at,0.30872751,0.29552829,,,,
212357_at,0.30872863,0.1476676,,,,
223370_at,0.30873397,0.11149386,,,,
232892_at,0.30874063,-0.10640339,,,,
232244_at,0.30877028,0.28699245,,,,
215512_at,0.30878481,-0.1052186,,,,
201239_s_at,0.30884431,-0.13922912,,,,
240992_at,0.30886202,-0.12808825,,,,
1560399_a_at,0.30886415,0.05859636,,,,
1561534_at,0.3088924,-0.0697936,,,,
220784_s_at,0.30893643,-0.13385177,,,,
1563014_at,0.30893887,-0.0851917,,,,
231173_at,0.30894903,-0.08835177,,,,
224850_at,0.30899643,0.13765104,,,,
232014_at,0.30900507,0.20852395,,,,
232358_at,0.30909284,0.09585151,,,,
1570405_at,0.30913813,-0.06988377,,,,
1552409_a_at,0.30914955,-0.07070251,,,,
201184_s_at,0.30915126,0.09984856,,,,
228558_at,0.30915869,0.10581124,,,,
1566967_at,0.30919711,-0.06401099,,,,
229178_at,0.30920335,-0.25822307,,,,
227650_at,0.30921415,0.18433565,,,,
228944_at,0.30926055,0.13410999,,,,
236439_at,0.3093123,0.20249976,,,,
240808_at,0.30934719,-0.07254307,,,,
227758_at,0.30935687,0.52047647,,,,
202686_s_at,0.30940999,0.29581859,,,,
239168_at,0.30941015,-0.06070135,,,,
1567686_at,0.30942178,-0.06287148,,,,
221441_at,0.30942216,-0.04638039,,,,
224846_at,0.3094231,-0.17706878,,,,
1563845_at,0.30945281,0.08377161,,,,
236434_at,0.30947067,0.09633743,,,,
236120_at,0.30950835,0.21801585,,,,
235048_at,0.30951657,0.37958483,,,,
232691_at,0.30955134,0.04583853,,,,
1562492_at,0.30955551,-0.06674877,,,,
240086_at,0.30956944,-0.06038802,,,,
1560844_at,0.30958308,0.06606931,,,,
1556185_a_at,0.30959568,0.387858,,,,
216576_x_at,0.30966049,-0.62306191,,,,
237730_at,0.30967859,-0.05017816,,,,
222864_s_at,0.30968678,-0.08481132,,,,
239885_at,0.30971762,-0.16452096,,,,
1569719_at,0.30974613,0.03900726,,,,
234206_at,0.30975329,-0.07308417,,,,
244622_at,0.30975331,0.10529586,,,,
214945_at,0.30975524,0.31385306,,,,
1566677_at,0.30976652,-0.05545887,,,,
241897_at,0.30978932,0.27966391,,,,
200003_s_at,0.3097954,-0.07033964,,,,
224484_s_at,0.30982816,0.20254651,,,,
225481_at,0.30983301,0.40400441,,,,
237599_at,0.30985831,-0.08446829,,,,
243668_at,0.30989188,-0.07633566,,,,
217999_s_at,0.30991843,0.28266343,,,,
238571_at,0.30992292,-0.38495566,,,,
209307_at,0.3099719,-0.22377557,,,,
231077_at,0.30998487,-0.22326864,,,,
208805_at,0.30999397,0.10931111,,,,
225490_at,0.31002494,0.16203319,,,,
1562062_at,0.31003417,0.1620782,,,,
201109_s_at,0.31004865,0.30845962,,,,
240285_at,0.31007145,0.05575754,,,,
206465_at,0.31009344,-0.08507819,,,,
225617_at,0.31011201,0.16008525,,,,
211424_x_at,0.31013725,0.08228148,,,,
229244_at,0.31015198,-0.13578405,,,,
1554634_at,0.31016216,-0.04813244,,,,
222274_at,0.31018157,-0.23052372,,,,
222356_at,0.31019577,0.25135015,,,,
242083_at,0.31021777,-0.06194043,,,,
1553328_a_at,0.31022286,-0.12314369,,,,
209603_at,0.31022816,0.58532686,,,,
207770_x_at,0.3102423,-0.06766784,,,,
1562922_at,0.31024462,-0.05582885,,,,
1559601_at,0.3102456,0.06603746,,,,
217747_s_at,0.3102462,-0.11084459,,,,
237803_x_at,0.310271,0.16171462,,,,
51146_at,0.31030643,0.17755665,,,,
239084_at,0.31032332,0.15383745,,,,
225629_s_at,0.31036916,0.16673125,,,,
235808_at,0.31037473,-0.07811537,,,,
241679_at,0.31039323,-0.11347357,,,,
240680_at,0.31042048,-0.06593134,,,,
237890_at,0.3104403,-0.08170133,,,,
1559559_at,0.31047325,-0.0714204,,,,
1553702_at,0.31050466,0.06065025,,,,
1553094_at,0.3105313,0.09486966,,,,
1562010_x_at,0.31054876,-0.05341638,,,,
215093_at,0.31057648,0.16029604,,,,
234841_x_at,0.31062574,-0.07647339,,,,
226384_at,0.31066248,0.26581107,,,,
200727_s_at,0.31068496,-0.2153585,,,,
1560303_at,0.31071308,0.10505715,,,,
220937_s_at,0.31075357,-0.23594521,,,,
244833_at,0.31077577,-0.07355416,,,,
210735_s_at,0.31079141,-0.50333392,,,,
241801_at,0.31079703,0.34578295,,,,
1568663_a_at,0.31079848,-0.06751237,,,,
211028_s_at,0.31081036,0.4253929,,,,
228999_at,0.31082591,0.32628039,,,,
200771_at,0.31083912,0.26860453,,,,
204840_s_at,0.31084516,0.24119918,,,,
204753_s_at,0.31084801,0.56762133,,,,
229215_at,0.31085125,-0.55109637,,,,
1560138_at,0.31085203,0.05077322,,,,
237850_at,0.31086225,0.03658057,,,,
208576_s_at,0.31087159,0.14337014,,,,
241608_at,0.31087385,-0.05510074,,,,
206394_at,0.31090539,0.52476204,,,,
1553978_at,0.31094037,0.14433281,,,,
1553493_a_at,0.31094459,-0.06699966,,,,
232068_s_at,0.31096545,-0.35994313,,,,
1570173_at,0.31099602,-0.06381729,,,,
229739_s_at,0.31101481,-0.15051863,,,,
213124_at,0.3110193,0.19451252,,,,
226065_at,0.31106677,0.35042458,,,,
235066_at,0.31109051,-0.12642802,,,,
1553228_at,0.31110789,0.12721039,,,,
215392_at,0.3111119,0.07364895,,,,
215545_at,0.31111253,-0.10895065,,,,
229680_at,0.31111527,-0.09232943,,,,
211331_x_at,0.3111602,-0.09561459,,,,
1560305_x_at,0.31116368,0.10511517,,,,
238847_at,0.31120225,-0.27175171,,,,
242144_at,0.31121495,0.09898519,,,,
1562532_at,0.31123633,-0.05261092,,,,
239549_at,0.31124089,-0.11386523,,,,
230490_x_at,0.3112663,0.19266083,,,,
239697_x_at,0.31130763,-0.27534382,,,,
207950_s_at,0.31132975,-0.31233435,,,,
213412_at,0.31133248,-0.35243056,,,,
242034_at,0.31133408,-0.21956513,,,,
210336_x_at,0.31133775,-0.09497069,,,,
1561531_at,0.31134723,-0.07043351,,,,
239176_at,0.3113475,0.19080221,,,,
220573_at,0.31135063,-0.07284009,,,,
214798_at,0.31135121,-0.23997682,,,,
217647_at,0.31135865,0.30586729,,,,
202250_s_at,0.31138249,0.1520798,,,,
1565818_s_at,0.31138586,0.07239783,,,,
1553081_at,0.31138949,-0.17804363,,,,
242042_s_at,0.31139396,-0.22959922,,,,
81737_at,0.31139416,-0.05514872,,,,
222308_x_at,0.31142495,0.08629019,,,,
233266_at,0.3114539,-0.05602874,,,,
238840_at,0.31149613,-0.09608618,,,,
217382_at,0.31151838,-0.07380576,,,,
1557661_at,0.31154959,-0.09106654,,,,
228336_at,0.311554,-0.15788259,,,,
208073_x_at,0.31159015,0.13824213,,,,
231074_at,0.3115918,-0.05889447,,,,
236636_at,0.31160959,0.0864386,,,,
225766_s_at,0.31161967,0.14824299,,,,
1557350_at,0.31164973,-0.08944028,,,,
242986_at,0.31166437,-0.13555295,,,,
232459_at,0.31166513,0.23899123,,,,
224357_s_at,0.31173641,-0.24444406,,,,
1553211_at,0.31174592,-0.12128747,,,,
240238_at,0.31174735,0.10296673,,,,
222204_s_at,0.3117725,0.13135286,,,,
234919_s_at,0.31178192,-0.07977395,,,,
203645_s_at,0.31178721,-0.34369895,,,,
222895_s_at,0.31181511,-0.43379222,,,,
208656_s_at,0.31182623,-0.12848469,,,,
219136_s_at,0.31184615,0.19389628,,,,
236606_at,0.31186138,0.16258835,,,,
207913_at,0.31189099,-0.06183664,,,,
211452_x_at,0.31189911,-0.11861012,,,,
244358_at,0.31190731,-0.14563996,,,,
202549_at,0.31192018,0.20574901,,,,
207543_s_at,0.31192035,0.18268576,,,,
207124_s_at,0.31193792,0.18984631,,,,
217256_x_at,0.31194515,-0.12630914,,,,
242257_at,0.31195297,-0.05298602,,,,
238153_at,0.31198991,0.0914307,,,,
214983_at,0.31199336,0.35465337,,,,
229144_at,0.31199903,0.28117035,,,,
209761_s_at,0.31199984,-0.26717045,,,,
239836_at,0.31200698,-0.07056775,,,,
1561112_at,0.3120723,0.0498832,,,,
235225_at,0.31211421,0.20357912,,,,
242222_at,0.31217632,-0.21315781,,,,
233222_at,0.31217727,-0.07170311,,,,
228643_at,0.31218976,0.16327301,,,,
1554575_a_at,0.31220065,-0.19350579,,,,
232063_x_at,0.31222329,0.22250823,,,,
1552660_a_at,0.31226443,-0.26656683,,,,
235132_at,0.31226974,0.16638383,,,,
242322_at,0.31232246,-0.05815912,,,,
243717_at,0.31235227,-0.06774376,,,,
201644_at,0.31237992,0.20143648,,,,
236499_at,0.31240436,-0.07892599,,,,
1554032_at,0.31240478,0.04638463,,,,
1565677_at,0.31240966,-0.08728164,,,,
208890_s_at,0.3124365,-0.1321092,,,,
215275_at,0.31247448,-0.0882582,,,,
206673_at,0.31248783,-0.159329,,,,
213320_at,0.31249903,0.16152645,,,,
203630_s_at,0.31251297,0.14718425,,,,
225794_s_at,0.31251846,-0.12221521,,,,
238603_at,0.31252167,-0.12359735,,,,
228508_at,0.31254382,-0.08139536,,,,
244649_at,0.31255974,-0.06796325,,,,
243733_at,0.31256669,0.05186839,,,,
1554591_at,0.3125779,-0.13524769,,,,
209659_s_at,0.31258494,-0.16153721,,,,
1554362_at,0.31267801,-0.04793054,,,,
218079_s_at,0.31268131,0.10541122,,,,
243742_at,0.3126828,-0.04330159,,,,
230999_at,0.31271538,0.19722511,,,,
1558987_at,0.3127354,-0.06518588,,,,
49329_at,0.31276404,0.15369795,,,,
216560_x_at,0.3127761,-0.48457784,,,,
233426_at,0.31278283,-0.07025451,,,,
205561_at,0.31280435,-0.09062323,,,,
204258_at,0.31284654,0.18075216,,,,
235416_at,0.31286847,-0.10534024,,,,
226359_at,0.31288472,-0.11624968,,,,
216873_s_at,0.31292843,0.19092818,,,,
234045_x_at,0.31296259,-0.0751201,,,,
229029_at,0.31297722,-0.22352574,,,,
202389_s_at,0.31299179,-0.10495928,,,,
221259_s_at,0.31299322,-0.17252338,,,,
1563222_at,0.31299854,-0.09380125,,,,
214612_x_at,0.31301661,0.60207891,,,,
218144_s_at,0.31304112,-0.12105471,,,,
230108_at,0.31307036,0.14467211,,,,
243647_at,0.31307766,0.03913624,,,,
216031_x_at,0.31309229,-0.17906153,,,,
214080_x_at,0.31313745,-0.09808879,,,,
216425_at,0.31319834,-0.06885588,,,,
218576_s_at,0.313239,0.15608444,,,,
216594_x_at,0.31324082,0.41589696,,,,
235745_at,0.31324263,0.17125259,,,,
203104_at,0.31325136,-0.21640907,,,,
1552721_a_at,0.31325929,-0.33216944,,,,
205157_s_at,0.31326337,0.82672278,,,,
201245_s_at,0.31331799,-0.16138663,,,,
227048_at,0.31335335,0.34320878,,,,
208400_at,0.3133571,0.06937607,,,,
222781_s_at,0.31338091,-0.22121437,,,,
236876_at,0.31338243,-0.07760902,,,,
1565912_at,0.31344343,-0.04954332,,,,
232546_at,0.3134724,-0.18243864,,,,
1570622_at,0.31348058,0.04240768,,,,
238521_at,0.31348319,0.26870717,,,,
238841_at,0.31348577,-0.16235693,,,,
210424_s_at,0.31353291,-0.15114027,,,,
1557438_at,0.31354932,-0.06990034,,,,
205112_at,0.31358366,-0.36494187,,,,
243350_at,0.31358468,-0.09046366,,,,
241555_at,0.31361486,-0.07788244,,,,
209878_s_at,0.31363648,-0.15462976,,,,
201039_s_at,0.31366793,-0.20353638,,,,
204499_at,0.31373632,-0.14890036,,,,
232212_at,0.31373733,0.10162002,,,,
244268_x_at,0.3137489,0.08962627,,,,
235128_at,0.31376601,-0.10387808,,,,
201196_s_at,0.31376907,-0.23709037,,,,
219373_at,0.31377671,0.1952785,,,,
214250_at,0.31379148,-0.14024412,,,,
1562017_at,0.31382399,-0.07298022,,,,
200912_s_at,0.31383813,0.10456669,,,,
217165_x_at,0.31385133,0.37116868,,,,
1568930_at,0.31385377,-0.05995976,,,,
237635_at,0.31386034,0.07069356,,,,
236578_at,0.31386618,-0.10363312,,,,
230541_at,0.31387612,0.08825869,,,,
228553_at,0.31387807,0.07263309,,,,
1561021_at,0.31392666,-0.07705854,,,,
201582_at,0.3139322,0.20486378,,,,
1557292_a_at,0.31393463,-0.08452346,,,,
212217_at,0.31394088,0.11907608,,,,
226193_x_at,0.31394383,0.14005364,,,,
217446_x_at,0.31395074,0.11439128,,,,
224732_at,0.31397981,-0.07989756,,,,
1562550_at,0.31404711,-0.06946941,,,,
219269_at,0.31408084,0.1827354,,,,
1567390_at,0.31410275,0.05859512,,,,
1553434_at,0.31414313,0.32178263,,,,
1555210_at,0.31416725,-0.05178204,,,,
240550_at,0.31417408,0.0796318,,,,
221716_s_at,0.31422109,-0.07003925,,,,
228035_at,0.31423242,0.16394991,,,,
233534_at,0.31424658,-0.05309873,,,,
39248_at,0.31430472,0.52067207,,,,
207847_s_at,0.31432361,-0.69120681,,,,
233649_at,0.31435393,0.04984755,,,,
217410_at,0.31435785,-0.06980433,,,,
239614_x_at,0.31437967,0.11295419,,,,
211774_s_at,0.31438079,0.18980343,,,,
234524_at,0.31445136,0.07774322,,,,
239368_at,0.31446426,-0.09114861,,,,
1560224_at,0.31448911,0.12510521,,,,
221465_at,0.31449013,-0.07225753,,,,
AFFX-M27830_M_at,0.31449478,0.13541724,,,,
221041_s_at,0.31449905,-0.20816496,,,,
218343_s_at,0.31450995,0.17356025,,,,
227229_at,0.31451646,-0.1225373,,,,
231886_at,0.31453011,0.1211333,,,,
221121_at,0.31456879,0.07243648,,,,
1561525_at,0.31461195,-0.03679414,,,,
209533_s_at,0.31461601,-0.22373609,,,,
219059_s_at,0.31461665,0.43917428,,,,
1554842_at,0.31466875,0.09031033,,,,
212064_x_at,0.31467642,-0.15399956,,,,
241237_at,0.31468007,-0.09136372,,,,
207805_s_at,0.3146824,0.11124965,,,,
243680_at,0.31468308,-0.14140958,,,,
208136_s_at,0.31469822,-0.08744511,,,,
232726_at,0.31470925,-0.22349983,,,,
206609_at,0.31471655,-0.07495348,,,,
230206_at,0.31471932,0.25387036,,,,
217105_at,0.31473014,0.06652961,,,,
215673_at,0.31473186,-0.03934518,,,,
230119_at,0.31475209,-0.113537,,,,
216267_s_at,0.31478907,-0.10361351,,,,
223728_at,0.3147971,0.13108332,,,,
212462_at,0.31479848,0.17424652,,,,
1565254_s_at,0.31480122,-0.15138508,,,,
1565722_at,0.31481649,0.05187246,,,,
205073_at,0.31483859,0.49908007,,,,
201064_s_at,0.31484674,-0.14089502,,,,
244547_at,0.31486008,0.0790252,,,,
1554828_at,0.31486802,-0.06315832,,,,
242638_at,0.31486863,-0.06487074,,,,
219971_at,0.31490625,-0.12265982,,,,
224584_at,0.31496872,0.09536988,,,,
226739_at,0.31498374,0.11960183,,,,
215243_s_at,0.31503058,-0.35496273,,,,
243449_at,0.31503719,0.09972193,,,,
1553817_at,0.31509122,-0.08089481,,,,
223757_at,0.31509256,-0.20307065,,,,
228492_at,0.31514836,0.56371773,,,,
240226_at,0.31517474,0.0508545,,,,
1556818_at,0.31520233,0.19830525,,,,
237007_at,0.31520717,-0.25530631,,,,
1569140_at,0.31522902,0.0419296,,,,
219358_s_at,0.31523128,-0.21181593,,,,
213515_x_at,0.31524005,-0.35497879,,,,
1568647_at,0.31527407,0.15631389,,,,
212395_s_at,0.31527869,0.13427448,,,,
238486_at,0.31529556,0.17599873,,,,
228119_at,0.31531649,0.15781195,,,,
1554385_a_at,0.31534178,-0.16799886,,,,
227861_at,0.31536228,-0.16642404,,,,
233645_s_at,0.3154036,0.20603887,,,,
207279_s_at,0.31541508,-0.26021095,,,,
1564007_at,0.31546114,-0.10497968,,,,
210961_s_at,0.31546732,-0.05864801,,,,
215376_at,0.31546764,-0.08272088,,,,
219707_at,0.31548349,-0.120165,,,,
231157_at,0.31548548,0.15269297,,,,
236808_at,0.31550639,0.21382571,,,,
209773_s_at,0.31551532,-0.30825939,,,,
1568554_x_at,0.31551606,0.0526499,,,,
204723_at,0.3155188,0.2530981,,,,
1570111_at,0.31553087,-0.04664141,,,,
1560199_x_at,0.31553861,0.15652606,,,,
200071_at,0.31557867,0.11182759,,,,
214779_s_at,0.31558646,-0.13548098,,,,
1560707_at,0.31560373,-0.05856814,,,,
209526_s_at,0.31561541,0.31772442,,,,
235898_at,0.31561555,0.34168342,,,,
217994_x_at,0.31561711,-0.12370848,,,,
209457_at,0.3156366,-0.24286659,,,,
241716_at,0.31568098,0.09243385,,,,
1562524_at,0.31568127,-0.0583184,,,,
225391_at,0.31568626,0.16483808,,,,
221843_s_at,0.31572557,0.20409433,,,,
1553570_x_at,0.31574749,-0.04547096,,,,
212889_x_at,0.31575229,-0.06017643,,,,
214496_x_at,0.31578454,0.12675214,,,,
1555028_at,0.31579031,-0.06262273,,,,
236602_at,0.31581417,0.08531077,,,,
204700_x_at,0.31581581,0.17821937,,,,
204677_at,0.31582498,0.27188296,,,,
229052_at,0.31582779,0.3328887,,,,
220231_at,0.31584817,-0.3871906,,,,
228996_at,0.31584984,0.17563917,,,,
219288_at,0.31585658,0.42100109,,,,
212933_x_at,0.3158605,-0.0712571,,,,
223758_s_at,0.31586833,0.18571683,,,,
207927_at,0.31588761,0.07689441,,,,
202723_s_at,0.31588809,0.22597741,,,,
208827_at,0.31589948,0.1185731,,,,
229068_at,0.31592272,0.24089766,,,,
1556864_at,0.31594275,-0.07837104,,,,
214813_at,0.31594325,-0.12363688,,,,
211439_at,0.31596056,-0.06446259,,,,
202939_at,0.31596135,0.12192147,,,,
235702_at,0.31600991,0.16793286,,,,
234634_at,0.31602561,-0.05929729,,,,
1554472_a_at,0.31603837,0.23759902,,,,
241562_x_at,0.31603986,-0.05086093,,,,
229182_at,0.31604387,-0.1217937,,,,
200702_s_at,0.3160985,0.16565161,,,,
216879_at,0.31610836,-0.07925534,,,,
242688_at,0.31614304,0.21858919,,,,
233425_at,0.31614357,0.0714735,,,,
212765_at,0.31614995,0.2342128,,,,
228121_at,0.31617064,0.40748452,,,,
242815_x_at,0.3161723,-0.05521087,,,,
219994_at,0.31619131,-0.08503363,,,,
213570_at,0.31623498,0.18046661,,,,
237834_at,0.31623822,-0.06058335,,,,
206512_at,0.31624332,0.16565512,,,,
215692_s_at,0.31624691,-0.25229692,,,,
1558483_at,0.31624928,-0.13398959,,,,
218366_x_at,0.3162879,-0.10610299,,,,
209697_at,0.31629104,-0.07639265,,,,
225070_at,0.31633157,-0.129745,,,,
208116_s_at,0.31634546,-0.33960574,,,,
202018_s_at,0.31638627,0.56588794,,,,
203457_at,0.31639623,-0.12812753,,,,
244336_at,0.3163987,-0.07469321,,,,
239177_at,0.31644086,0.1339998,,,,
208868_s_at,0.31645165,-0.1558631,,,,
1560989_at,0.31646424,0.04321912,,,,
241328_at,0.31651525,0.05427635,,,,
214262_at,0.31653861,0.08052157,,,,
240963_x_at,0.31655791,-0.06622761,,,,
1553268_at,0.31656059,-0.11773484,,,,
225917_at,0.31658443,0.13413072,,,,
228137_s_at,0.31659375,0.07336519,,,,
226750_at,0.31659661,0.21473508,,,,
200633_at,0.31660588,0.14954845,,,,
237873_s_at,0.31660957,-0.05282285,,,,
242943_at,0.31662692,-0.30954121,,,,
240192_at,0.31668531,0.26493229,,,,
1561373_at,0.316705,-0.06131593,,,,
219347_at,0.31672112,-0.19861986,,,,
223818_s_at,0.31672153,0.14151352,,,,
200686_s_at,0.31673439,0.15659287,,,,
1568888_at,0.31673715,-0.057233,,,,
206757_at,0.31673931,0.21235603,,,,
227042_at,0.31674318,-0.13016592,,,,
1562400_at,0.31674737,0.04236936,,,,
235730_at,0.31675669,-0.16778635,,,,
215667_x_at,0.31676816,0.1293631,,,,
232698_at,0.31679278,-0.10888534,,,,
225156_at,0.31682984,-0.09300449,,,,
238219_at,0.31684209,-0.04955814,,,,
223366_at,0.31684723,0.30687599,,,,
204100_at,0.3168719,-0.10766277,,,,
222452_s_at,0.31689439,-0.12143692,,,,
237625_s_at,0.31690566,-0.25344097,,,,
1554983_at,0.31691337,-0.05616346,,,,
241813_at,0.31692805,-0.22234319,,,,
229419_at,0.31693562,0.1781619,,,,
202927_at,0.31693729,-0.12293226,,,,
233082_at,0.31694283,0.24299237,,,,
215830_at,0.31696718,-0.05668977,,,,
230720_at,0.31696851,0.48654844,,,,
208465_at,0.31700912,-0.07130989,,,,
203668_at,0.31701688,-0.13941738,,,,
227366_at,0.31702969,-0.11956937,,,,
204967_at,0.31703731,0.27389588,,,,
212299_at,0.31704159,-0.10971924,,,,
220562_at,0.31705629,0.16118814,,,,
1556229_at,0.31707107,-0.06728109,,,,
233177_s_at,0.31711402,-0.32255089,,,,
217232_x_at,0.31716253,0.46362531,,,,
233791_at,0.31717985,0.04345773,,,,
225464_at,0.31719293,0.40006757,,,,
220631_at,0.31720108,0.14718995,,,,
207671_s_at,0.31720298,-0.13189563,,,,
235724_at,0.31722485,-0.07446723,,,,
240561_at,0.31722686,0.13456401,,,,
211762_s_at,0.31725384,0.20974688,,,,
212360_at,0.31728206,0.1393851,,,,
211611_s_at,0.31728456,-0.18730158,,,,
1565714_at,0.31728603,-0.06640071,,,,
207675_x_at,0.31730316,-0.1681486,,,,
211249_at,0.31734205,-0.09857648,,,,
1567100_at,0.31734994,-0.05277644,,,,
233747_at,0.31736374,-0.06061291,,,,
229510_at,0.3173745,-0.22225563,,,,
244295_at,0.3174279,0.03461515,,,,
1554776_at,0.31743782,0.15392921,,,,
215643_at,0.31744769,-0.0539049,,,,
244216_at,0.31746057,-0.12872791,,,,
36830_at,0.31747444,0.18810293,,,,
215977_x_at,0.31749772,-0.25555457,,,,
63825_at,0.31749896,-0.26161971,,,,
1564872_at,0.31753038,-0.05284558,,,,
242142_at,0.31755444,0.10933703,,,,
1566441_at,0.31756199,0.05807755,,,,
1560142_at,0.31756835,-0.05185793,,,,
218869_at,0.31762104,0.19903685,,,,
224638_at,0.31762428,0.15164241,,,,
201483_s_at,0.31764657,0.11314405,,,,
235828_at,0.31767525,-0.19118183,,,,
221272_s_at,0.31767538,0.25862153,,,,
240865_at,0.31767849,0.16353849,,,,
1570644_at,0.31768649,-0.04896065,,,,
1558546_at,0.31768714,-0.0666002,,,,
1559804_at,0.31772703,-0.05062729,,,,
242777_at,0.31776263,-0.05394542,,,,
1558773_s_at,0.31776577,-0.06444143,,,,
206998_x_at,0.3177705,-0.08107052,,,,
205908_s_at,0.31777114,0.51090833,,,,
214461_at,0.31779487,0.84586971,,,,
1566986_at,0.31779924,0.06233862,,,,
243402_at,0.31783642,-0.09405102,,,,
243020_at,0.31784204,-0.14402305,,,,
216418_at,0.31785897,-0.05007779,,,,
1557560_at,0.31786236,-0.04773431,,,,
206710_s_at,0.31786431,-0.36098334,,,,
243120_at,0.31788506,-0.07935301,,,,
235382_at,0.31792167,0.22341292,,,,
240203_at,0.31794183,0.06243533,,,,
1566472_s_at,0.31800146,-0.26539245,,,,
237816_at,0.31802589,-0.05228601,,,,
219048_at,0.31802862,0.18842674,,,,
1559835_at,0.31804919,-0.07077238,,,,
226050_at,0.31807109,-0.1754186,,,,
217384_x_at,0.31807425,-0.15560987,,,,
223738_s_at,0.31812416,0.16437285,,,,
218486_at,0.31816015,0.16856509,,,,
201790_s_at,0.31819393,0.31205168,,,,
214029_at,0.31819929,-0.05818674,,,,
1566974_at,0.31821217,-0.05432041,,,,
231230_at,0.31821457,-0.10595976,,,,
1559646_a_at,0.3182194,-0.06044315,,,,
217269_s_at,0.31823558,-0.08441711,,,,
1557119_a_at,0.31824791,0.11916007,,,,
238568_s_at,0.3182549,0.1498142,,,,
228044_at,0.31825661,0.23853098,,,,
211567_at,0.31829836,-0.04478139,,,,
1555789_s_at,0.31829898,-0.18483347,,,,
1570014_at,0.31831959,-0.05592221,,,,
243726_at,0.31835187,-0.0567032,,,,
215870_s_at,0.31837197,0.30246355,,,,
202919_at,0.31840414,0.14955434,,,,
217741_s_at,0.31842157,-0.13605534,,,,
1557637_at,0.31843542,-0.15898957,,,,
1558338_at,0.31846487,-0.06673432,,,,
239820_at,0.31848358,-0.06494927,,,,
238179_at,0.31849313,-0.08881224,,,,
221091_at,0.31854029,-0.25321264,,,,
201206_s_at,0.31854452,0.18868971,,,,
230978_at,0.31857089,-0.05483468,,,,
204005_s_at,0.31860481,0.29713944,,,,
237564_at,0.31861574,0.06033154,,,,
239755_at,0.3186203,0.11526851,,,,
210545_at,0.31863089,-0.0834284,,,,
235591_at,0.31871459,-0.49296269,,,,
1552490_at,0.31872144,0.09864367,,,,
215336_at,0.31872206,-0.08663552,,,,
1552586_at,0.31881568,-0.0736918,,,,
1557491_at,0.31883605,-0.06275286,,,,
217667_at,0.31884395,0.13525736,,,,
238692_at,0.31884876,0.31696544,,,,
224901_at,0.31888955,0.45060536,,,,
202023_at,0.31889527,0.32323555,,,,
1556874_a_at,0.31891141,-0.07971436,,,,
243803_at,0.31892177,0.08102956,,,,
230702_at,0.31893311,-0.0856529,,,,
210687_at,0.31893468,0.13059287,,,,
240426_at,0.31894966,-0.05505421,,,,
239669_at,0.31895019,0.29050825,,,,
222166_at,0.31897317,-0.05578114,,,,
216685_s_at,0.31903021,-0.24940726,,,,
205289_at,0.319059,-0.42514366,,,,
212854_x_at,0.31906909,0.1309273,,,,
242737_at,0.31907619,0.1550122,,,,
1556163_a_at,0.31911959,0.06517305,,,,
209305_s_at,0.31912584,-0.25430803,,,,
224148_at,0.31918902,-0.24041073,,,,
1556970_at,0.31923258,-0.05950372,,,,
222540_s_at,0.31927233,0.16882592,,,,
1554745_at,0.31929296,-0.05622103,,,,
211473_s_at,0.31934684,-0.13318693,,,,
225477_s_at,0.31936943,0.1095073,,,,
203889_at,0.31937108,0.32336956,,,,
207325_x_at,0.31937848,0.46988808,,,,
218371_s_at,0.3194029,0.12845649,,,,
222395_s_at,0.31941249,0.14785979,,,,
211726_s_at,0.3194228,-0.24733481,,,,
233582_at,0.31943407,-0.08233326,,,,
207140_at,0.31944189,-0.08647957,,,,
205641_s_at,0.3194454,-0.12742007,,,,
1566156_at,0.31948625,-0.06948374,,,,
236062_at,0.31949068,-0.12165932,,,,
1569391_at,0.31949492,-0.04747763,,,,
1570229_at,0.31950867,-0.05949569,,,,
1554886_a_at,0.31951639,-0.07232999,,,,
244682_at,0.3195221,0.12010086,,,,
216776_at,0.31952907,-0.06597582,,,,
219519_s_at,0.31953989,-0.33834136,,,,
225699_at,0.31957048,-0.19553961,,,,
244617_at,0.31958584,-0.07857837,,,,
231962_at,0.31961736,0.11137303,,,,
212634_at,0.3196633,0.14020424,,,,
237238_at,0.31967412,0.10886005,,,,
1556665_at,0.31970489,-0.09918573,,,,
232651_at,0.31970503,-0.08482988,,,,
1553515_at,0.31971914,0.05259151,,,,
218981_at,0.31973001,0.2462164,,,,
229412_at,0.31973773,-0.16767063,,,,
229699_at,0.31975157,0.2277981,,,,
223980_s_at,0.31975242,-0.16851202,,,,
1559882_at,0.31975259,-0.1231897,,,,
238370_x_at,0.31977416,0.05153252,,,,
1559452_a_at,0.31978659,-0.07087952,,,,
231982_at,0.31980306,-0.40833473,,,,
214121_x_at,0.31981591,0.15612465,,,,
1568957_x_at,0.3198339,0.21338465,,,,
213588_x_at,0.31985211,-0.09752602,,,,
1569617_at,0.31985282,-0.09005443,,,,
228615_at,0.31988046,0.16538389,,,,
216099_at,0.31990025,-0.05897884,,,,
242023_at,0.31990618,-0.11492225,,,,
221563_at,0.31998503,0.26271066,,,,
32723_at,0.32000846,0.11685124,,,,
214626_s_at,0.32001016,0.10152417,,,,
215876_at,0.32004207,-0.06339275,,,,
211341_at,0.32006106,-0.14035343,,,,
241978_at,0.32011477,-0.07375674,,,,
213990_s_at,0.32013179,0.08126555,,,,
223974_at,0.32013379,-0.21560174,,,,
1552779_a_at,0.3201358,-0.1252243,,,,
201882_x_at,0.3201484,0.09843508,,,,
216844_at,0.32018531,0.06202058,,,,
233463_at,0.32020828,-0.22354787,,,,
1555173_at,0.32021834,-0.37699588,,,,
233760_at,0.3202397,-0.04763782,,,,
1556049_at,0.32024349,-0.20270457,,,,
201130_s_at,0.32028753,-0.45358598,,,,
210481_s_at,0.32029771,0.32584599,,,,
238760_at,0.32030807,-0.10722907,,,,
1566215_at,0.32031735,-0.04909663,,,,
203516_at,0.32034678,0.1306957,,,,
1561507_at,0.32037619,0.06387231,,,,
1570261_at,0.32038291,0.07560486,,,,
243252_at,0.3204047,0.30026749,,,,
1561916_at,0.32042742,0.10114875,,,,
204589_at,0.32044112,0.26857153,,,,
1570585_at,0.32044359,-0.07867883,,,,
208014_x_at,0.32046343,-0.06853284,,,,
236048_at,0.32049629,0.13337818,,,,
1561867_at,0.32052098,0.04781321,,,,
1561565_at,0.32054794,-0.05649888,,,,
205784_x_at,0.32056866,-0.0826102,,,,
202178_at,0.32058342,-0.2331354,,,,
228474_s_at,0.32059709,-0.06492115,,,,
1566266_at,0.32062898,0.03930424,,,,
1566473_a_at,0.32065999,-0.06453053,,,,
201186_at,0.32068208,0.18273287,,,,
238818_at,0.32069347,0.20715707,,,,
219905_at,0.32073921,0.17118125,,,,
242320_at,0.32075199,-0.14729314,,,,
211786_at,0.32076175,-0.07902857,,,,
230877_at,0.32076689,-0.08229894,,,,
1560007_at,0.32077698,-0.13806183,,,,
237718_at,0.32079515,-0.07104884,,,,
238926_at,0.32079917,-0.07243489,,,,
223708_at,0.3208063,0.20086744,,,,
231046_at,0.32083991,0.14034691,,,,
235587_at,0.32084558,0.22970365,,,,
229447_x_at,0.32084572,0.1221886,,,,
206731_at,0.32084581,-0.06092825,,,,
227649_s_at,0.32084717,-0.15019828,,,,
228372_at,0.32086565,-0.26718369,,,,
1557189_at,0.32086921,-0.10547445,,,,
1553718_at,0.32090557,-0.14605824,,,,
211689_s_at,0.32092184,-0.54213419,,,,
1558604_a_at,0.32092234,0.16508028,,,,
238913_at,0.32099419,0.23014053,,,,
212921_at,0.32101529,0.2632499,,,,
228818_at,0.32108028,-0.14807107,,,,
209989_at,0.32110553,0.16860556,,,,
209715_at,0.32117105,0.16774137,,,,
239406_at,0.3211934,0.13019478,,,,
204513_s_at,0.32123665,0.26141949,,,,
216434_at,0.32124494,-0.06897525,,,,
224615_x_at,0.32125482,-0.1395635,,,,
218488_at,0.32127226,0.11281328,,,,
226488_at,0.32129217,0.14254901,,,,
205530_at,0.32129613,0.28557782,,,,
1553306_at,0.32134192,-0.06601248,,,,
229803_s_at,0.32137691,-0.15515683,,,,
214597_at,0.32140953,-0.17524473,,,,
206854_s_at,0.32143362,0.15427706,,,,
203311_s_at,0.32143962,-0.19913741,,,,
206001_at,0.32143989,-0.18301818,,,,
1553191_at,0.32146636,0.17327285,,,,
218319_at,0.32147125,0.26060492,,,,
1569078_at,0.32151071,0.04379655,,,,
216234_s_at,0.32151732,0.17847341,,,,
209376_x_at,0.32156474,0.14128137,,,,
207115_x_at,0.32162612,0.09126597,,,,
223165_s_at,0.32168002,-0.20180752,,,,
216174_at,0.32168114,-0.07865196,,,,
223116_at,0.32168114,0.10734923,,,,
217292_at,0.32169876,-0.04933282,,,,
236935_at,0.3217014,0.13486414,,,,
241261_x_at,0.32171689,0.07071373,,,,
223626_x_at,0.32171691,0.18022185,,,,
215498_s_at,0.32172946,0.12843088,,,,
236094_at,0.32175172,0.09593796,,,,
1562568_at,0.32176657,0.05252562,,,,
1563511_at,0.32178458,-0.07479015,,,,
227339_at,0.32178486,-0.24630379,,,,
1559650_at,0.32179222,-0.04309764,,,,
219766_at,0.32182287,-0.13995575,,,,
206204_at,0.32183079,0.52171886,,,,
1552458_at,0.32183213,-0.07057299,,,,
1557451_at,0.32187818,-0.06016462,,,,
241344_at,0.32195507,-0.12670627,,,,
210775_x_at,0.32195518,-0.11199087,,,,
219284_at,0.32195799,0.1834769,,,,
225926_at,0.32198201,-0.12541916,,,,
209942_x_at,0.32200059,0.5764629,,,,
235219_at,0.32206452,0.20979152,,,,
218261_at,0.32208732,-0.32721568,,,,
1554436_a_at,0.3220953,-0.63674792,,,,
241136_at,0.32211072,-0.04920404,,,,
225879_at,0.32212163,-0.12914497,,,,
242091_at,0.32213983,-0.0715566,,,,
232702_at,0.32217453,0.08423014,,,,
226123_at,0.32222845,-0.24352677,,,,
206689_x_at,0.32223946,-0.1190588,,,,
238945_at,0.32224206,-0.10490956,,,,
216401_x_at,0.32225773,-0.54238316,,,,
239590_x_at,0.32226645,-0.08135607,,,,
243468_at,0.32227934,0.06933407,,,,
227901_at,0.32228209,-0.15483469,,,,
238211_at,0.32234838,-0.17087635,,,,
201966_at,0.32236187,0.15865527,,,,
213671_s_at,0.32239418,0.14081545,,,,
239159_at,0.32239418,0.09853288,,,,
243278_at,0.32243616,0.42231861,,,,
200815_s_at,0.32244409,0.17299029,,,,
241363_at,0.32246413,-0.11832167,,,,
241569_at,0.32246414,-0.15081005,,,,
226813_at,0.32248568,0.16571223,,,,
210927_x_at,0.32250261,0.08860869,,,,
226574_at,0.322524,0.17351943,,,,
237320_at,0.32252922,-0.06452791,,,,
240175_at,0.32254349,-0.13573764,,,,
208453_s_at,0.32257457,-0.169544,,,,
1562157_at,0.32258882,-0.06928073,,,,
225598_at,0.32258883,0.20856498,,,,
214570_x_at,0.32260116,-0.06505724,,,,
207921_x_at,0.32260526,-0.13984653,,,,
215023_s_at,0.3226408,0.16361941,,,,
239387_at,0.32265918,-0.1202864,,,,
226158_at,0.32269858,0.14624978,,,,
212565_at,0.32271324,0.23335195,,,,
211578_s_at,0.3227333,0.14338705,,,,
217029_at,0.3227389,-0.07407701,,,,
243536_x_at,0.32275171,-0.05985596,,,,
1560676_at,0.32275354,0.05489923,,,,
240421_x_at,0.32283236,0.14078083,,,,
1554019_s_at,0.32285307,0.16232848,,,,
209174_s_at,0.32289152,-0.09450807,,,,
213744_at,0.32290507,0.17269514,,,,
215522_at,0.32291477,0.23882481,,,,
225545_at,0.32291927,-0.1089241,,,,
1555272_at,0.32292032,-0.22854869,,,,
243251_at,0.32295356,-0.08269568,,,,
216209_at,0.32296439,-0.07187144,,,,
224348_s_at,0.32298279,0.36678193,,,,
1568606_at,0.32301351,-0.05533953,,,,
227990_at,0.32301462,-0.1195042,,,,
204854_at,0.32306204,0.17507084,,,,
1558010_s_at,0.32307817,0.12778331,,,,
206578_at,0.32308521,0.09988814,,,,
213446_s_at,0.32309339,-0.29410033,,,,
215549_x_at,0.32310421,-0.16149274,,,,
214963_at,0.32311821,0.13858514,,,,
223392_s_at,0.32312146,-0.23543253,,,,
221856_s_at,0.32317287,0.17574063,,,,
233084_s_at,0.32319073,0.09031769,,,,
1558308_at,0.32319381,0.09157764,,,,
221936_x_at,0.3232095,-0.10068023,,,,
1556606_at,0.32321556,-0.11782018,,,,
222877_at,0.32322017,-0.35928775,,,,
217365_at,0.32326922,-0.07301813,,,,
207203_s_at,0.32327348,-0.1900391,,,,
221793_at,0.32327414,-0.06953652,,,,
231998_at,0.32328114,0.08440697,,,,
201229_s_at,0.32328116,-0.10659454,,,,
242629_at,0.32328769,-0.12799967,,,,
226102_at,0.32328912,0.15472005,,,,
236569_at,0.32336771,-0.07578157,,,,
232985_s_at,0.32338697,-0.05755624,,,,
201410_at,0.32338762,-0.15674534,,,,
229547_s_at,0.32345625,0.19407102,,,,
221864_at,0.32346885,0.17886091,,,,
1569604_at,0.32347564,-0.05022316,,,,
236982_at,0.32349297,0.14093578,,,,
207121_s_at,0.32351702,0.16425472,,,,
228079_at,0.32355503,0.11103491,,,,
1560887_a_at,0.32355745,0.05311603,,,,
225836_s_at,0.32356394,0.22276272,,,,
230427_s_at,0.3235781,0.16237844,,,,
210374_x_at,0.32362758,-0.16587404,,,,
242728_at,0.32364322,-0.08102954,,,,
237141_x_at,0.32365796,0.05800167,,,,
205675_at,0.32366452,0.78606888,,,,
236473_at,0.32367184,-0.19829556,,,,
201523_x_at,0.3236902,0.1440686,,,,
239778_x_at,0.32370308,0.14928131,,,,
233786_at,0.3237129,0.0591745,,,,
230196_x_at,0.32374043,-0.06450098,,,,
1568805_at,0.32375819,-0.04825903,,,,
1559384_at,0.32381111,-0.07314742,,,,
240154_at,0.32381265,-0.08503377,,,,
211736_at,0.32386572,0.04796497,,,,
219927_at,0.3238999,-0.23798995,,,,
217021_at,0.32390644,0.22843729,,,,
233831_at,0.32390844,0.06578047,,,,
235253_at,0.32393134,0.19810776,,,,
224935_at,0.32393802,-0.14554935,,,,
221926_s_at,0.32399055,-0.24710358,,,,
203611_at,0.32400454,-0.13777106,,,,
201959_s_at,0.32401749,-0.16254492,,,,
205670_at,0.32402923,-0.21366905,,,,
237752_at,0.32406795,-0.06162298,,,,
232634_at,0.3240905,-0.07177844,,,,
1552738_a_at,0.32409787,-0.13537724,,,,
237753_at,0.32410537,-0.2225873,,,,
238491_at,0.32411435,0.22522881,,,,
219675_s_at,0.32413068,-0.14426878,,,,
1566693_at,0.32414577,-0.05267638,,,,
240103_at,0.32418542,0.08927746,,,,
226921_at,0.32422295,0.14843347,,,,
222856_at,0.32423462,-0.14263199,,,,
243310_at,0.324287,-0.08291213,,,,
229649_at,0.3242983,-0.36716099,,,,
1570579_at,0.32436585,-0.03905601,,,,
216853_x_at,0.32436978,-0.42766249,,,,
1555056_at,0.3244224,-0.07550225,,,,
222337_at,0.32442698,-0.06184388,,,,
224853_at,0.32447281,-0.19801044,,,,
243281_at,0.32447977,-0.04855669,,,,
211345_x_at,0.32449207,-0.06784723,,,,
228176_at,0.32449297,0.27655314,,,,
235646_at,0.32450503,0.16799753,,,,
218555_at,0.32451151,-0.1119786,,,,
216224_s_at,0.32451848,-0.08451689,,,,
242279_at,0.32453238,0.11189187,,,,
1556067_a_at,0.32453419,-0.16634201,,,,
1554711_at,0.32453545,0.09534558,,,,
214763_at,0.32454216,-0.19014212,,,,
1556663_s_at,0.32456276,-0.05214703,,,,
216897_s_at,0.3245752,-0.09979521,,,,
223467_at,0.32458869,0.30431851,,,,
208379_x_at,0.32461479,-0.07387043,,,,
1569321_at,0.32464027,-0.06902368,,,,
212043_at,0.32465097,-0.12597006,,,,
234786_at,0.32471465,-0.05454512,,,,
218504_at,0.32472548,0.21394671,,,,
240835_at,0.32472573,-0.05854962,,,,
208429_x_at,0.32473338,-0.20620991,,,,
1568730_at,0.32474106,-0.07162601,,,,
215491_at,0.32474584,-0.15693055,,,,
224848_at,0.32475025,0.30721994,,,,
229459_at,0.32475123,0.3605674,,,,
1565746_at,0.32475444,-0.05469042,,,,
206409_at,0.3247551,0.15307982,,,,
240548_at,0.32476701,-0.06167854,,,,
217559_at,0.32476808,-0.11570041,,,,
228864_at,0.32476888,-0.11846311,,,,
237089_at,0.3248055,-0.04984497,,,,
207029_at,0.32488436,0.1254939,,,,
244158_at,0.32488686,-0.07666723,,,,
1561452_at,0.3248893,-0.05440856,,,,
237530_at,0.32489565,0.5661848,,,,
204624_at,0.32490856,-0.37039512,,,,
203592_s_at,0.32493104,-0.24100107,,,,
230837_at,0.32495876,-0.08502028,,,,
223937_at,0.32497205,0.08038061,,,,
216822_x_at,0.32498509,0.07420814,,,,
1561333_at,0.32499549,-0.05304917,,,,
227892_at,0.32502053,0.4292731,,,,
214793_at,0.32503243,-0.18644007,,,,
222091_at,0.32504476,0.05978881,,,,
223625_at,0.32505059,-0.22637254,,,,
204598_at,0.32505095,-0.07787234,,,,
1554014_at,0.325057,0.19165377,,,,
242627_at,0.32507685,0.12187843,,,,
1553071_a_at,0.32508497,-0.07064758,,,,
204680_s_at,0.32508524,-0.16435068,,,,
242175_at,0.32510734,0.08048963,,,,
201336_at,0.32511567,-0.14066168,,,,
223956_at,0.32514507,-0.07117079,,,,
221476_s_at,0.32515965,-0.11808461,,,,
1570529_at,0.3251611,-0.05602451,,,,
1559617_at,0.325181,-0.07707247,,,,
234967_at,0.32518833,-0.06929508,,,,
240715_at,0.32523549,-0.35865158,,,,
208093_s_at,0.32529185,0.12900796,,,,
211748_x_at,0.32529749,-0.4494195,,,,
219916_s_at,0.32530626,-0.18691314,,,,
222524_s_at,0.3253172,-0.13427187,,,,
235038_at,0.32532322,0.09995166,,,,
234815_at,0.3253342,0.04869326,,,,
240933_at,0.3253403,0.04812483,,,,
231914_at,0.32534159,-0.18814511,,,,
224731_at,0.32534787,0.1141971,,,,
203622_s_at,0.32537252,0.14990058,,,,
219567_s_at,0.32537518,0.09999441,,,,
228483_s_at,0.3253959,-0.30279395,,,,
238294_at,0.32541149,0.04757781,,,,
239798_at,0.32541899,-0.10448161,,,,
222276_at,0.32543063,0.15441649,,,,
244721_at,0.32543651,-0.12430534,,,,
206449_s_at,0.32543658,0.28968476,,,,
236396_at,0.32546643,0.30599926,,,,
242468_at,0.3254907,0.21132307,,,,
216374_at,0.32549239,-0.05236808,,,,
212997_s_at,0.32549976,0.13816904,,,,
240472_at,0.32550122,0.11212537,,,,
228616_at,0.32550268,-0.07162227,,,,
227974_at,0.32553656,-0.23584153,,,,
216199_s_at,0.32553893,0.15420163,,,,
217185_s_at,0.32555251,-0.14036312,,,,
228219_s_at,0.32556045,0.32351604,,,,
240562_at,0.32561906,-0.08096952,,,,
231544_s_at,0.32562809,-0.09090333,,,,
238505_at,0.32563169,-0.1512896,,,,
1553326_at,0.32566411,0.21708046,,,,
240546_at,0.32567353,-0.07643489,,,,
206473_at,0.32569903,-0.10226593,,,,
213249_at,0.32570674,0.35671885,,,,
207424_at,0.32571444,-0.0638427,,,,
39729_at,0.32571619,0.22759971,,,,
226016_at,0.32572684,0.2430761,,,,
232587_at,0.32573507,-0.08156983,,,,
1567076_at,0.32574013,-0.065907,,,,
243260_x_at,0.32575207,-0.14617333,,,,
233790_at,0.32575331,-0.0626815,,,,
232826_at,0.32575421,0.10419201,,,,
219585_at,0.32575888,-0.06631018,,,,
225927_at,0.32576522,0.20025543,,,,
209116_x_at,0.32577562,0.49555102,,,,
229012_at,0.32580428,-0.17634217,,,,
235419_at,0.32582365,0.31027762,,,,
244539_at,0.32585511,-0.04224321,,,,
214904_at,0.32593533,-0.05845378,,,,
235754_at,0.32594183,0.19634941,,,,
1557555_at,0.32601226,-0.08336842,,,,
229594_at,0.32602288,0.11434087,,,,
1552515_at,0.32606296,-0.06454248,,,,
210606_x_at,0.32609158,-0.18771319,,,,
212215_at,0.32609796,0.14577268,,,,
1557770_at,0.3261021,-0.05335483,,,,
205539_at,0.32617569,-0.22227329,,,,
209427_at,0.32618778,-0.15869816,,,,
211597_s_at,0.32619518,-0.44018906,,,,
1555491_a_at,0.3262052,-0.17952139,,,,
217918_at,0.32621529,-0.12669761,,,,
217133_x_at,0.32627073,-0.15741477,,,,
206163_at,0.32629135,-0.25886068,,,,
228803_at,0.32630029,-0.07686722,,,,
213107_at,0.32631095,0.34752289,,,,
221156_x_at,0.32631747,0.18814345,,,,
214416_at,0.32632264,0.04840341,,,,
201562_s_at,0.32636171,0.35735957,,,,
230730_at,0.32637054,0.39369649,,,,
1570207_at,0.32643071,0.0443154,,,,
231961_at,0.32643173,0.10322142,,,,
243872_at,0.32646196,-0.04768697,,,,
239499_at,0.32648185,-0.11948795,,,,
203291_at,0.32648908,0.08353695,,,,
1553568_a_at,0.32651147,-0.07183297,,,,
1569685_at,0.32654767,0.07404115,,,,
235861_at,0.32655358,0.11679733,,,,
207241_at,0.32655473,0.07327688,,,,
203368_at,0.3265739,0.14817497,,,,
225889_at,0.32657804,0.15851776,,,,
211540_s_at,0.32657896,-0.10629451,,,,
1565495_at,0.32667435,-0.06754987,,,,
227921_at,0.32667694,0.35338569,,,,
226139_at,0.32668082,0.15185142,,,,
1565894_at,0.32668796,-0.07318119,,,,
220754_at,0.32669766,0.05971893,,,,
244705_at,0.32671336,-0.10409941,,,,
226230_at,0.32674659,0.11553757,,,,
1554233_at,0.32674697,0.07535949,,,,
236023_at,0.32677981,0.13803954,,,,
244516_at,0.32679322,-0.06985565,,,,
239521_at,0.32679442,0.10899732,,,,
230368_at,0.32679936,0.10274625,,,,
226885_at,0.32679963,0.28340135,,,,
223693_s_at,0.32682241,-0.13773771,,,,
231511_at,0.32683955,0.10581602,,,,
218321_x_at,0.32685029,-0.16677794,,,,
1569796_s_at,0.32687471,0.13147772,,,,
235662_at,0.32688185,0.09153681,,,,
242106_at,0.32692644,-0.1030061,,,,
244041_at,0.32694322,0.12058549,,,,
203798_s_at,0.32695941,0.55471458,,,,
229659_s_at,0.32697007,-0.46811166,,,,
222713_s_at,0.32697414,-0.1563628,,,,
215410_at,0.32701983,0.0663378,,,,
229542_at,0.327079,-0.08757946,,,,
239846_at,0.32710742,-0.1963278,,,,
1560788_at,0.32711017,-0.05785296,,,,
1569320_at,0.32714401,0.15045964,,,,
214827_at,0.32715216,-0.3205369,,,,
1567590_at,0.32715501,-0.05955538,,,,
230557_at,0.32717746,0.08558235,,,,
215391_at,0.32722086,-0.05942,,,,
206636_at,0.32724358,0.16501763,,,,
204125_at,0.32725468,0.15752887,,,,
228966_at,0.32725598,-0.22351151,,,,
237174_at,0.3272593,0.06250892,,,,
227134_at,0.32725959,-0.35296777,,,,
238962_at,0.32727697,0.23347436,,,,
231072_at,0.3272952,-0.09799953,,,,
231915_at,0.32731075,-0.05390941,,,,
215258_at,0.3273217,0.14125797,,,,
218943_s_at,0.32738305,0.23851787,,,,
214711_at,0.32742581,0.20886426,,,,
1556763_at,0.32745824,0.10808549,,,,
1556160_a_at,0.32747234,-0.12921073,,,,
1566268_at,0.32748135,-0.07470516,,,,
228481_at,0.32751467,0.24115766,,,,
1773_at,0.32753058,-0.15504333,,,,
212210_at,0.32754424,0.09350084,,,,
1567105_at,0.32757702,-0.20570064,,,,
240707_at,0.32758187,-0.03836166,,,,
207278_s_at,0.3276192,-0.07213717,,,,
230330_at,0.32763672,-0.12543938,,,,
208436_s_at,0.32764284,-0.25195594,,,,
205256_at,0.32764348,0.10238078,,,,
206441_s_at,0.32765118,-0.11944088,,,,
208638_at,0.32765234,0.09737938,,,,
1556593_s_at,0.32765875,-0.06527269,,,,
214165_s_at,0.32765915,0.0767783,,,,
1559756_at,0.32768341,-0.07176049,,,,
1559109_a_at,0.32769865,-0.10791862,,,,
233169_at,0.32770562,-0.05664543,,,,
1569168_at,0.32771135,-0.03786631,,,,
244345_at,0.32772262,-0.10060315,,,,
229040_at,0.32776419,-0.10811708,,,,
229117_s_at,0.32777993,0.08299209,,,,
243687_at,0.327793,-0.06137618,,,,
237961_at,0.3277956,-0.05801168,,,,
239844_x_at,0.32781078,0.08107116,,,,
1554732_at,0.32786204,-0.06716013,,,,
1569878_at,0.32787717,0.17048392,,,,
208745_at,0.32789328,0.16342114,,,,
1557585_at,0.32792307,-0.05924194,,,,
210936_at,0.32792727,0.0845566,,,,
229186_s_at,0.32793404,0.06283052,,,,
226916_x_at,0.32795089,-0.12041737,,,,
227007_at,0.32795094,-0.11959575,,,,
205373_at,0.3279773,-0.28683665,,,,
210745_at,0.32798869,0.20176166,,,,
241749_at,0.32800276,0.35402464,,,,
219696_at,0.32800404,0.20425097,,,,
231271_x_at,0.32800549,0.12651805,,,,
204177_s_at,0.32800934,0.11167103,,,,
1568894_at,0.32804258,-0.06848575,,,,
226710_at,0.32806714,0.22548133,,,,
232129_s_at,0.32807903,0.14890582,,,,
211046_at,0.32808528,-0.0560725,,,,
239526_x_at,0.32813653,-0.059444,,,,
1554932_at,0.32815782,-0.05312743,,,,
228104_at,0.32818166,0.14385982,,,,
232238_at,0.3281883,0.33734311,,,,
217875_s_at,0.32821507,-0.33765791,,,,
243887_at,0.3282432,0.13927324,,,,
237923_at,0.32825251,-0.1355438,,,,
200079_s_at,0.32827827,-0.12569137,,,,
233950_at,0.32828048,-0.21696053,,,,
224341_x_at,0.32830193,-0.30744044,,,,
221424_s_at,0.32830351,-0.07114657,,,,
238255_at,0.32832769,-0.07715868,,,,
224055_x_at,0.32833204,0.15112074,,,,
219666_at,0.3283678,-0.28622508,,,,
236119_s_at,0.32837936,0.27048293,,,,
216100_s_at,0.32839039,-0.15755688,,,,
241694_at,0.32839122,0.31687839,,,,
224188_s_at,0.32841895,-0.08861134,,,,
211430_s_at,0.32842108,-0.68502307,,,,
227046_at,0.32842572,-0.24578923,,,,
243594_x_at,0.32845926,-0.25415289,,,,
204120_s_at,0.32846656,0.23685777,,,,
1568954_s_at,0.32847245,-0.19206136,,,,
223696_at,0.32847881,-0.27968211,,,,
209770_at,0.3285209,-0.18819569,,,,
1555357_at,0.32854839,-0.03801554,,,,
207884_at,0.32861973,-0.09273547,,,,
202152_x_at,0.32862729,-0.08546865,,,,
230400_s_at,0.32863001,-0.21139347,,,,
232560_at,0.3286682,0.0812616,,,,
1555834_at,0.32867891,-0.09214772,,,,
218134_s_at,0.32868519,-0.10782224,,,,
1562750_at,0.3287223,-0.04473117,,,,
213950_s_at,0.32872458,-0.07313313,,,,
244166_at,0.32872611,-0.13804184,,,,
1553175_s_at,0.32873207,0.12343802,,,,
215295_at,0.3287368,-0.05929278,,,,
219068_x_at,0.32875401,-0.10866239,,,,
1553418_a_at,0.32877664,-0.06533921,,,,
237745_at,0.32878636,-0.15320883,,,,
244625_at,0.32879461,0.17081061,,,,
227854_at,0.32881061,0.16470335,,,,
208830_s_at,0.32881677,-0.11995248,,,,
202525_at,0.32884539,-0.48032596,,,,
234444_at,0.32886609,-0.05173183,,,,
1559563_at,0.32887167,-0.06100403,,,,
64899_at,0.32887179,-0.12677151,,,,
237618_at,0.3289036,-0.06218101,,,,
1558173_a_at,0.32895276,0.23707801,,,,
1558783_at,0.32895409,0.1495179,,,,
227158_at,0.32896572,0.14571977,,,,
229529_at,0.32896955,-0.29212715,,,,
202896_s_at,0.32898146,-0.20807126,,,,
207603_at,0.32899046,-0.08659051,,,,
205527_s_at,0.32902107,0.14457624,,,,
206900_x_at,0.32905213,0.13532267,,,,
220173_at,0.32911675,0.27712803,,,,
213385_at,0.32913133,-0.41943145,,,,
213023_at,0.32914935,-0.13231949,,,,
219851_at,0.32915051,0.12182577,,,,
244119_at,0.32917064,-0.085443,,,,
226148_at,0.32919061,0.17193018,,,,
217599_s_at,0.32921645,0.33255805,,,,
1554716_s_at,0.32923752,-0.05347485,,,,
204800_s_at,0.32930942,-0.18914212,,,,
233639_at,0.329312,-0.04634985,,,,
209983_s_at,0.32932516,0.16546562,,,,
239295_at,0.32934616,0.18368413,,,,
1556988_s_at,0.32936146,0.17942659,,,,
223052_x_at,0.32938214,-0.19164267,,,,
231367_s_at,0.32939731,-0.1183767,,,,
239750_x_at,0.32939871,0.08512382,,,,
1559975_at,0.32942538,0.20043578,,,,
243087_at,0.32944043,-0.10181984,,,,
231015_at,0.3294594,0.37548575,,,,
216326_s_at,0.32946641,-0.08824632,,,,
234352_x_at,0.32947824,-0.05919199,,,,
238506_at,0.32948171,0.18764304,,,,
225897_at,0.32949107,0.21545452,,,,
212298_at,0.32949385,-0.24130373,,,,
222234_s_at,0.32951129,0.23133415,,,,
241445_at,0.32952056,-0.07881192,,,,
225895_at,0.329535,0.40106687,,,,
207809_s_at,0.32955521,-0.16596339,,,,
237401_at,0.32955526,-0.06779023,,,,
1553673_at,0.32955568,0.08162675,,,,
223945_x_at,0.32961116,0.11413636,,,,
214513_s_at,0.32961997,-0.16706279,,,,
214959_s_at,0.32964183,-0.22076606,,,,
1559020_a_at,0.32964708,0.13994129,,,,
1569246_a_at,0.32965016,-0.07647311,,,,
242667_at,0.32967141,-0.13258074,,,,
214819_at,0.32967828,0.0826891,,,,
1558493_at,0.3296823,-0.04693929,,,,
227332_at,0.32968337,0.17942473,,,,
1563325_at,0.32968966,-0.05044627,,,,
231371_at,0.32969075,-0.0842056,,,,
219952_s_at,0.32969615,-0.19511983,,,,
243399_at,0.32970538,0.13966119,,,,
201458_s_at,0.32972441,0.15899027,,,,
219426_at,0.32972735,0.14136713,,,,
235559_at,0.32973101,0.12250052,,,,
242365_at,0.32973456,-0.07675085,,,,
1555816_at,0.3297528,0.06157988,,,,
222939_s_at,0.3297853,0.30059285,,,,
224012_at,0.32980076,0.05212972,,,,
1555189_a_at,0.32980445,0.14558182,,,,
229158_at,0.32980542,-0.31251263,,,,
234853_s_at,0.32982286,0.04581688,,,,
202249_s_at,0.3298426,0.12209968,,,,
210942_s_at,0.3298514,0.38897916,,,,
229609_at,0.32987513,-0.08545754,,,,
213592_at,0.32990203,0.25599638,,,,
222793_at,0.3299107,0.18749559,,,,
220476_s_at,0.32996095,0.09179528,,,,
214611_at,0.32996797,0.23309102,,,,
239020_at,0.32997175,-0.07232037,,,,
242844_at,0.33000595,0.16281803,,,,
212794_s_at,0.33004236,0.1749207,,,,
208879_x_at,0.33006044,-0.21588715,,,,
233065_at,0.33007177,-0.13528038,,,,
222288_at,0.33009368,0.52724991,,,,
60474_at,0.33012325,-0.58735107,,,,
211358_s_at,0.33012992,-0.16563503,,,,
1553084_at,0.33013734,-0.04606196,,,,
242541_at,0.33013924,0.26811757,,,,
232646_at,0.3301466,-0.07482092,,,,
1555961_a_at,0.33016803,0.09085084,,,,
223660_at,0.33017168,-0.34233909,,,,
1554217_a_at,0.33018691,0.15974345,,,,
217189_s_at,0.33023239,-0.10732118,,,,
215347_at,0.33025682,0.06295309,,,,
1569114_at,0.3302599,0.13604114,,,,
1553691_at,0.33028572,0.17834753,,,,
1554559_at,0.33032148,-0.06596581,,,,
230237_at,0.33032159,-0.19948646,,,,
207447_s_at,0.3303416,-0.09692303,,,,
207049_at,0.33036632,-0.07884324,,,,
1557031_at,0.33036854,0.06992514,,,,
1552804_a_at,0.33038945,-0.12174865,,,,
227421_at,0.33042565,0.1742669,,,,
233974_s_at,0.33046024,-0.139439,,,,
207028_at,0.33046706,0.06402489,,,,
217572_at,0.33046929,-0.089009,,,,
223209_s_at,0.33049177,0.14648417,,,,
1562261_at,0.33050134,-0.06940598,,,,
242529_x_at,0.33052008,0.09177588,,,,
234935_at,0.33052287,-0.07815954,,,,
1562033_at,0.33053194,-0.0665136,,,,
213317_at,0.330575,-0.60361309,,,,
237025_at,0.33059375,0.11686736,,,,
240984_at,0.33060709,-0.07138648,,,,
1564331_at,0.33061658,-0.06069964,,,,
1561973_at,0.33064406,-0.07871303,,,,
203570_at,0.33066853,0.39622447,,,,
212109_at,0.33067445,-0.1761675,,,,
1558393_at,0.33067717,-0.10948295,,,,
229767_at,0.33071078,0.06562271,,,,
1562055_at,0.33071747,-0.06680933,,,,
239833_at,0.33073485,0.1195414,,,,
228180_at,0.33074007,-0.18735859,,,,
216061_x_at,0.3307859,-0.1333086,,,,
1565656_x_at,0.3308018,-0.04838524,,,,
224863_at,0.33081598,0.17786506,,,,
204520_x_at,0.33083892,-0.10780656,,,,
222070_at,0.3308489,-0.08274921,,,,
220532_s_at,0.33085201,-0.43540502,,,,
1560855_at,0.33085379,-0.05781153,,,,
203961_at,0.33086207,-0.50606123,,,,
210837_s_at,0.33087536,0.12172267,,,,
208127_s_at,0.33089577,0.17236227,,,,
230345_at,0.33096642,-0.13644674,,,,
205927_s_at,0.33097354,-0.62801714,,,,
205518_s_at,0.33100099,0.3546372,,,,
1563783_a_at,0.33100666,-0.07959074,,,,
1557331_at,0.33101764,0.12418042,,,,
220779_at,0.3310482,0.2521529,,,,
1553510_s_at,0.33105822,0.14876068,,,,
206508_at,0.33107202,-0.23158629,,,,
208684_at,0.3310809,0.12946137,,,,
235434_at,0.3311158,0.16280519,,,,
240009_at,0.33117805,-0.06111051,,,,
207502_at,0.33122897,-0.1817694,,,,
205907_s_at,0.3312357,0.52668189,,,,
1561135_at,0.33124121,-0.10582471,,,,
238052_at,0.33126056,-0.05904399,,,,
223803_s_at,0.33126089,-0.13428832,,,,
218950_at,0.33126783,-0.16005043,,,,
220845_at,0.33127168,-0.04457206,,,,
1570124_at,0.33129194,-0.10845067,,,,
207728_at,0.33131399,0.06503326,,,,
214881_s_at,0.33138313,-0.17744835,,,,
218694_at,0.3313923,0.38356724,,,,
1557751_at,0.33139359,0.08648367,,,,
220549_at,0.33139544,0.22212565,,,,
213708_s_at,0.33140935,-0.11053951,,,,
210909_x_at,0.33143353,0.21649287,,,,
229121_at,0.33147388,-0.22524702,,,,
243063_at,0.33155039,0.12296598,,,,
240555_at,0.33155756,-0.086899,,,,
217607_x_at,0.33155765,-0.08330408,,,,
221437_s_at,0.3315597,0.11207136,,,,
224020_at,0.33156504,-0.12411173,,,,
222297_x_at,0.33159825,-0.08585773,,,,
213153_at,0.33161966,0.08973347,,,,
222428_s_at,0.33162027,-0.12775547,,,,
207503_at,0.3316513,-0.04874961,,,,
202943_s_at,0.33165335,-0.15103229,,,,
230882_at,0.3316967,0.19205489,,,,
224218_s_at,0.33169709,0.60099325,,,,
222372_at,0.33169975,0.10321199,,,,
1556021_at,0.33173559,0.16433763,,,,
205290_s_at,0.33174315,-0.42254751,,,,
1562637_at,0.33174623,-0.06326787,,,,
1558199_at,0.33175518,0.15179217,,,,
222090_at,0.3317655,0.10120039,,,,
208860_s_at,0.33176937,-0.1434264,,,,
1569499_at,0.33177132,-0.05229941,,,,
1561436_at,0.33177328,-0.06158402,,,,
223948_s_at,0.33181753,-0.31465252,,,,
231760_at,0.33184333,-0.05923666,,,,
206442_at,0.33184554,0.21061555,,,,
211973_at,0.3318774,-0.23750996,,,,
236525_at,0.33188433,0.16068764,,,,
1560276_at,0.3319,-0.07628578,,,,
204510_at,0.33190103,0.30520174,,,,
222290_at,0.33190313,-0.17002773,,,,
225690_at,0.3319164,0.10158806,,,,
225194_at,0.33194551,0.14166009,,,,
241046_at,0.33195637,-0.06741596,,,,
219119_at,0.33197196,0.17652914,,,,
238852_at,0.3319752,0.5606889,,,,
205419_at,0.33198933,-0.31736235,,,,
224903_at,0.33199391,0.1549835,,,,
209270_at,0.33201435,-0.49993841,,,,
219263_at,0.33203087,-0.706204,,,,
211719_x_at,0.33205091,0.20670715,,,,
206012_at,0.3320512,0.1841901,,,,
211484_s_at,0.33206615,-0.06736012,,,,
226057_at,0.33208446,-0.12651501,,,,
1553260_s_at,0.33209357,0.05687622,,,,
1558323_at,0.33209589,-0.05501293,,,,
208271_at,0.33209877,-0.04482215,,,,
228126_x_at,0.33211459,0.08111263,,,,
215309_at,0.33212571,0.03560773,,,,
237955_at,0.33214276,-0.05091098,,,,
221986_s_at,0.33215138,0.20740453,,,,
205739_x_at,0.33221743,0.26753219,,,,
1552740_at,0.33221955,0.1845459,,,,
209201_x_at,0.33222856,-0.32888819,,,,
231991_at,0.3322537,0.19590861,,,,
213213_at,0.3322596,-0.15481621,,,,
225161_at,0.33226911,0.1524616,,,,
1554864_a_at,0.33229387,-0.09772747,,,,
225894_at,0.33230797,0.35807871,,,,
218147_s_at,0.33230841,0.14640066,,,,
232043_at,0.33232591,-0.06186529,,,,
206208_at,0.33232659,-0.2468814,,,,
244473_at,0.33234883,0.06603883,,,,
228687_at,0.33234966,0.05922747,,,,
215720_s_at,0.33235149,0.13257489,,,,
228950_s_at,0.33238247,-0.29172355,,,,
217936_at,0.33241884,0.16167005,,,,
1560774_at,0.33242825,0.08959146,,,,
206481_s_at,0.33246592,0.2986818,,,,
229120_s_at,0.33247389,0.16039148,,,,
226397_s_at,0.33247658,-0.32269547,,,,
240275_at,0.3325194,-0.07729173,,,,
238866_at,0.33256734,0.09527497,,,,
1557295_a_at,0.33258361,-0.06708852,,,,
226268_at,0.33259241,0.1619342,,,,
227498_at,0.33260688,0.44799159,,,,
217739_s_at,0.33261169,0.24181614,,,,
206167_s_at,0.33261286,-0.47666281,,,,
216566_at,0.33261368,-0.07649307,,,,
233289_at,0.33261711,-0.11764194,,,,
243453_at,0.33262517,-0.09277811,,,,
229319_at,0.33263673,-0.17233095,,,,
230773_at,0.33267081,0.13988354,,,,
221147_x_at,0.3327857,-0.1089378,,,,
218426_s_at,0.33282945,0.11164978,,,,
234172_at,0.33285205,-0.04470023,,,,
231085_s_at,0.33285842,-0.10779326,,,,
242506_at,0.33291887,0.10830757,,,,
242584_at,0.33294066,0.25120307,,,,
205045_at,0.33295078,-0.11999366,,,,
228241_at,0.3329587,-0.97235427,,,,
1568770_at,0.33297352,-0.07715487,,,,
231951_at,0.33300477,-0.15761944,,,,
1565836_at,0.33305144,-0.08481778,,,,
1567862_at,0.33306241,0.06385234,,,,
1565758_at,0.33307294,-0.07564219,,,,
240057_at,0.33308567,-0.05875637,,,,
229033_s_at,0.33311592,-0.14770852,,,,
234017_at,0.33312489,-0.05406986,,,,
243335_at,0.33313141,0.04468438,,,,
216838_at,0.33314878,-0.07168606,,,,
205970_at,0.33317152,-0.12527611,,,,
1565701_at,0.33318609,-0.09317393,,,,
237756_at,0.33319465,0.08102628,,,,
230315_at,0.33319483,-0.06965813,,,,
241311_at,0.33320831,-0.05631731,,,,
226994_at,0.33321596,-0.13185069,,,,
1561596_at,0.33322563,-0.09272578,,,,
244093_at,0.33325479,-0.06800235,,,,
213715_s_at,0.33325527,0.19934586,,,,
234245_at,0.33328903,-0.10025597,,,,
227690_at,0.33330104,0.4258106,,,,
208819_at,0.33332043,-0.12773576,,,,
1559582_at,0.33332152,-0.0793055,,,,
237209_s_at,0.33333716,-0.12187964,,,,
203124_s_at,0.33336323,-0.21164916,,,,
1564307_a_at,0.33337955,0.41870999,,,,
1555988_a_at,0.3333956,0.05226798,,,,
229885_at,0.33340372,0.15965576,,,,
230110_at,0.33342191,-0.23264451,,,,
1553148_a_at,0.33346016,-0.18555046,,,,
221206_at,0.33346314,0.14592527,,,,
244703_x_at,0.33347713,0.09271915,,,,
210035_s_at,0.33351282,0.09872051,,,,
1568899_at,0.33351966,-0.05391647,,,,
203071_at,0.3335358,-0.26853855,,,,
1569941_at,0.33354852,0.09691227,,,,
241082_at,0.33355007,-0.04499157,,,,
216552_x_at,0.33356414,-0.07923076,,,,
1557739_at,0.33360432,-0.04713519,,,,
234873_x_at,0.33361209,-0.08800288,,,,
1560554_a_at,0.33361282,0.13320913,,,,
206848_at,0.3336166,0.23716047,,,,
203746_s_at,0.33362406,-0.15196779,,,,
218345_at,0.3336447,-0.41285873,,,,
244533_at,0.33364989,0.26311669,,,,
204851_s_at,0.33367427,0.41549313,,,,
1557738_at,0.33367725,0.15358059,,,,
1553623_at,0.33370709,-0.06390827,,,,
228695_at,0.33372473,0.14457317,,,,
209638_x_at,0.333786,0.04942772,,,,
1565660_at,0.33380563,-0.07695356,,,,
224045_x_at,0.33380909,0.14903894,,,,
239705_at,0.33380932,0.06778546,,,,
236019_at,0.33384783,0.14867946,,,,
1570064_at,0.33385971,-0.06236926,,,,
1569365_a_at,0.33386114,-0.04985242,,,,
202948_at,0.33388409,0.2530301,,,,
205950_s_at,0.3339195,-0.33277665,,,,
222608_s_at,0.33392668,0.29070022,,,,
207434_s_at,0.33394482,0.42487492,,,,
239266_at,0.33395125,0.10863976,,,,
232104_at,0.33397523,0.09863018,,,,
1570448_at,0.33398129,-0.04256624,,,,
1555920_at,0.33399885,0.28550628,,,,
1558295_a_at,0.33401892,0.16415488,,,,
211627_x_at,0.33401964,0.1332274,,,,
220150_s_at,0.33404336,-0.25456099,,,,
1561211_at,0.33405342,-0.05700815,,,,
205326_at,0.33406882,0.21494105,,,,
202198_s_at,0.33412246,-0.13576588,,,,
221470_s_at,0.3341341,-0.37928949,,,,
210430_x_at,0.33414864,-0.11643066,,,,
244262_x_at,0.3341503,0.06339323,,,,
237490_at,0.3341562,-0.04754671,,,,
223580_at,0.33416695,0.14830716,,,,
202267_at,0.33417438,-0.59805925,,,,
1556097_at,0.33417868,0.33761071,,,,
219997_s_at,0.33418438,0.11420383,,,,
225962_at,0.33419468,0.18961403,,,,
214279_s_at,0.33419992,0.39166252,,,,
214143_x_at,0.33421499,0.06437454,,,,
206717_at,0.33423019,0.38976237,,,,
243720_at,0.3342371,0.11003355,,,,
1558825_s_at,0.33424255,-0.0565094,,,,
207753_at,0.3342463,0.27323367,,,,
220618_s_at,0.33425034,0.10105981,,,,
224133_at,0.33425614,0.1000183,,,,
228639_at,0.33427372,-0.12569884,,,,
1562861_at,0.3343203,-0.07140269,,,,
229254_at,0.3343213,-0.54302317,,,,
1569297_at,0.33435331,-0.04142159,,,,
217629_at,0.33437879,-0.08043806,,,,
205661_s_at,0.33438116,0.19148299,,,,
223901_at,0.33438977,-0.08316688,,,,
227363_s_at,0.33446556,0.12736158,,,,
240566_at,0.33446763,-0.05365284,,,,
243129_at,0.33447729,-0.08811671,,,,
209179_s_at,0.33451169,-0.15525862,,,,
211897_s_at,0.33451826,0.12218796,,,,
231763_at,0.33452149,0.13511148,,,,
210028_s_at,0.33452732,0.14571061,,,,
208371_s_at,0.33455792,0.09297546,,,,
217583_at,0.33459231,0.50068404,,,,
207144_s_at,0.33460068,-0.39657995,,,,
1559007_s_at,0.33462129,0.14215827,,,,
238573_at,0.33463611,0.17462952,,,,
1566129_at,0.33464338,-0.07969239,,,,
227646_at,0.33464459,0.50566031,,,,
223791_at,0.33468532,-0.14141325,,,,
1557432_at,0.33468542,0.25436234,,,,
208312_s_at,0.3346958,-0.07811339,,,,
1552587_at,0.33469688,-0.04996204,,,,
226401_at,0.33470386,-0.10007602,,,,
203345_s_at,0.33470456,0.14420299,,,,
1556253_s_at,0.33470688,0.13297132,,,,
224806_at,0.33475178,0.14682632,,,,
1556809_a_at,0.33475591,-0.10325457,,,,
242876_at,0.33476882,-0.13625093,,,,
238849_at,0.33477907,-0.07544868,,,,
233689_at,0.33479268,0.09896319,,,,
234411_x_at,0.33479826,0.13111804,,,,
222836_at,0.33480522,-0.0746275,,,,
205347_s_at,0.33480607,0.57271216,,,,
1570486_at,0.33483325,0.07724422,,,,
202116_at,0.33484366,0.13657935,,,,
243236_at,0.33488886,0.10263604,,,,
232077_s_at,0.33490566,-0.09679528,,,,
225132_at,0.3349498,0.14218961,,,,
217960_s_at,0.33496963,-0.16810164,,,,
208397_x_at,0.33498442,-0.07295375,,,,
232331_at,0.33499699,-0.31115826,,,,
218789_s_at,0.33501815,0.19766255,,,,
213075_at,0.33503853,0.36149788,,,,
1568832_a_at,0.33507028,0.05920123,,,,
202258_s_at,0.33508475,0.16039379,,,,
210166_at,0.33508636,0.28559696,,,,
48825_at,0.33513343,0.12906186,,,,
227282_at,0.33515444,0.26867881,,,,
207281_x_at,0.33517115,0.21117183,,,,
1569560_at,0.33517877,0.03672358,,,,
204361_s_at,0.33518231,-0.29097143,,,,
226636_at,0.33522885,0.29417302,,,,
1555498_at,0.33523049,0.04277491,,,,
1554232_a_at,0.33526572,-0.05242891,,,,
219437_s_at,0.33526748,0.17445743,,,,
240950_s_at,0.33529225,-0.06167233,,,,
244213_at,0.33530098,-0.04375989,,,,
204382_at,0.33532781,0.12544872,,,,
233405_at,0.33533181,0.14975031,,,,
236320_at,0.33533215,-0.06446688,,,,
1562732_at,0.3353358,-0.06636975,,,,
227524_at,0.33533754,0.306206,,,,
207957_s_at,0.33536023,-0.32886848,,,,
222970_at,0.3353838,-0.04224335,,,,
1563941_at,0.33541542,0.0787002,,,,
215052_at,0.33546958,0.09420169,,,,
205540_s_at,0.33547114,0.20305075,,,,
1564936_at,0.33556114,-0.05181054,,,,
226701_at,0.33556282,0.30530852,,,,
227002_at,0.33557998,-0.16274756,,,,
209867_s_at,0.33559958,-0.18638928,,,,
210570_x_at,0.33563322,-0.13876457,,,,
216202_s_at,0.33564827,-0.2127102,,,,
1554339_a_at,0.33566548,-0.22063027,,,,
233894_x_at,0.33569915,0.08270181,,,,
1566043_at,0.33570662,-0.04865829,,,,
243219_x_at,0.33570925,-0.16146964,,,,
212149_at,0.33572144,0.14304082,,,,
204874_x_at,0.33573516,-0.08390472,,,,
211560_s_at,0.33573658,-0.16418446,,,,
227331_at,0.33574429,-0.10403623,,,,
1570335_at,0.33574636,-0.06864685,,,,
239842_x_at,0.33576704,0.15138946,,,,
243609_at,0.33580992,-0.04830014,,,,
228987_at,0.33581412,-0.21925803,,,,
222398_s_at,0.335831,0.09708915,,,,
1558410_s_at,0.33584175,0.15742841,,,,
239431_at,0.3358499,-0.17430346,,,,
236091_at,0.33585368,-0.06271742,,,,
226538_at,0.33585952,0.22003703,,,,
209574_s_at,0.33586905,0.24501372,,,,
240904_at,0.33588081,0.32840684,,,,
1560542_at,0.33588952,-0.04383743,,,,
210527_x_at,0.33590276,0.07716927,,,,
201973_s_at,0.33593358,0.10792483,,,,
238861_at,0.33593824,0.22620266,,,,
210963_s_at,0.33594591,-0.19758353,,,,
225605_at,0.33594849,0.09984594,,,,
236907_at,0.33595186,0.26788368,,,,
219835_at,0.33595322,0.07590202,,,,
236600_at,0.33596434,0.32466034,,,,
229597_s_at,0.33596766,-0.15615534,,,,
209244_s_at,0.33596855,0.10086653,,,,
208561_at,0.33596995,0.22972957,,,,
207522_s_at,0.33600855,-0.36699763,,,,
226591_at,0.33601448,0.44162486,,,,
202530_at,0.33601948,0.09288836,,,,
229724_at,0.33609022,0.43090245,,,,
244298_at,0.33609256,0.1528055,,,,
1557421_at,0.33609545,-0.06930288,,,,
223816_at,0.33611586,-0.23770894,,,,
216564_at,0.33611629,-0.10923252,,,,
205019_s_at,0.3361304,-0.19639338,,,,
231984_at,0.33616408,-0.23699061,,,,
208947_s_at,0.33619561,0.12274217,,,,
201915_at,0.33625802,0.13477809,,,,
236630_at,0.3362983,0.06995199,,,,
243692_at,0.33630187,-0.05939672,,,,
228644_s_at,0.33631836,-0.0831089,,,,
1566642_at,0.33632332,-0.04776654,,,,
202862_at,0.33632889,0.36024216,,,,
213586_at,0.33633957,-0.06728954,,,,
239392_s_at,0.33634848,-0.18456446,,,,
218638_s_at,0.33638019,0.30155667,,,,
215867_x_at,0.3363842,-0.51583616,,,,
233948_at,0.33638645,-0.04371107,,,,
202522_at,0.33640099,-0.10770791,,,,
1559712_at,0.33641524,-0.05309253,,,,
76897_s_at,0.33644411,-0.23953371,,,,
215162_at,0.33644847,-0.05449615,,,,
210257_x_at,0.33649014,-0.16216483,,,,
211919_s_at,0.33649963,-0.32620222,,,,
227538_at,0.33652074,0.10957337,,,,
216634_at,0.3365249,-0.07429107,,,,
230596_at,0.33655364,0.2210345,,,,
1558077_s_at,0.33657998,0.21746894,,,,
230124_at,0.33658673,-0.07690132,,,,
218727_at,0.33661211,-0.1393561,,,,
1561087_at,0.33666402,-0.04393931,,,,
1552506_at,0.33673758,-0.077621,,,,
242961_x_at,0.3367381,0.23429535,,,,
203493_s_at,0.33677318,0.15542402,,,,
235820_at,0.33688842,-0.06743214,,,,
230096_at,0.33689385,-0.13799933,,,,
1556444_a_at,0.3368975,-0.2804449,,,,
231934_at,0.33689871,-0.11152192,,,,
215065_at,0.33690855,-0.07358837,,,,
210605_s_at,0.33695693,0.24746872,,,,
228159_at,0.33696053,0.15449712,,,,
205395_s_at,0.33701628,0.16094136,,,,
211086_x_at,0.33702334,0.1769335,,,,
244778_x_at,0.33702599,0.15136754,,,,
1557876_at,0.33702599,0.03843034,,,,
233437_at,0.33703484,0.10503309,,,,
233282_at,0.33704749,-0.04445751,,,,
227226_at,0.33705834,-0.36047622,,,,
228448_at,0.33706772,-0.17541012,,,,
226820_at,0.33707903,0.16748012,,,,
225577_at,0.33708471,-0.12690678,,,,
200697_at,0.33708512,0.16707519,,,,
211927_x_at,0.33708735,-0.06132391,,,,
204925_at,0.33708873,0.11793212,,,,
237010_at,0.33712356,-0.06838495,,,,
239101_at,0.33715092,0.14645759,,,,
238175_at,0.3371738,-0.10783804,,,,
202444_s_at,0.33717944,-0.28473846,,,,
233939_at,0.33719121,0.08802868,,,,
216039_at,0.33723934,-0.32420581,,,,
221965_at,0.33726431,0.20566425,,,,
226476_s_at,0.33731142,-0.11354357,,,,
1565192_at,0.33732143,-0.05305286,,,,
242988_at,0.33734728,0.07126098,,,,
1553672_at,0.3373511,0.2518256,,,,
1557532_at,0.33736244,-0.10240985,,,,
224892_at,0.33737052,0.11791236,,,,
217298_at,0.33739021,-0.06322623,,,,
215565_at,0.33740272,-0.1389904,,,,
217991_x_at,0.33741522,-0.15640607,,,,
244686_at,0.33746097,-0.06521756,,,,
216998_s_at,0.33746678,-0.04413353,,,,
215074_at,0.33747078,0.07903178,,,,
216815_at,0.33747655,-0.07474921,,,,
1552816_at,0.33747818,-0.0926301,,,,
35974_at,0.3374874,-0.2902598,,,,
208540_x_at,0.33751162,-0.20498197,,,,
224558_s_at,0.33751576,-0.27830741,,,,
221468_at,0.33753361,-0.05976199,,,,
222655_s_at,0.33753499,-0.08909407,,,,
233999_s_at,0.33753834,-0.15023371,,,,
208085_s_at,0.33754043,-0.06306718,,,,
1559369_at,0.33758794,-0.04795611,,,,
210569_s_at,0.33770101,-0.13205068,,,,
242071_x_at,0.33774583,0.11240732,,,,
242115_at,0.33777411,0.04165652,,,,
222846_at,0.3377787,-0.22360231,,,,
221730_at,0.33777916,0.31792868,,,,
203853_s_at,0.33778656,-0.18550163,,,,
1556755_s_at,0.33780623,-0.08869414,,,,
208579_x_at,0.33785846,0.30283884,,,,
229780_at,0.33786255,-0.06478888,,,,
215372_x_at,0.33788465,0.09187171,,,,
238465_at,0.3379015,0.26159337,,,,
237183_at,0.3379096,-0.19678728,,,,
216495_x_at,0.33791359,-0.0634068,,,,
240182_at,0.3379186,0.18483718,,,,
226811_at,0.33791944,0.38820594,,,,
219436_s_at,0.33794159,0.35704799,,,,
1565633_at,0.33794354,0.03965088,,,,
210163_at,0.33794747,0.45051189,,,,
217858_s_at,0.33795592,0.15182486,,,,
234338_s_at,0.33796295,0.0761858,,,,
201405_s_at,0.337967,0.10744667,,,,
240608_at,0.33796812,-0.07528443,,,,
218067_s_at,0.33799741,-0.17980949,,,,
220111_s_at,0.33803297,0.07185245,,,,
204011_at,0.33805458,-0.31100525,,,,
211447_s_at,0.33805806,-0.12051779,,,,
1568732_at,0.33805999,0.07192859,,,,
212829_at,0.33808664,-0.21284653,,,,
229047_at,0.33811149,-0.08390908,,,,
225966_at,0.33811745,-0.06834203,,,,
233270_x_at,0.33814094,0.17015565,,,,
202320_at,0.3381505,-0.14845227,,,,
213083_at,0.33818162,-0.21855689,,,,
242696_at,0.33818717,0.10483154,,,,
1555467_a_at,0.33820445,-0.20221033,,,,
204238_s_at,0.33820518,0.20313973,,,,
222576_s_at,0.3382139,0.15261032,,,,
214455_at,0.33821558,0.40005138,,,,
233335_at,0.33823368,-0.10349972,,,,
201081_s_at,0.33824857,0.10130877,,,,
217203_at,0.33826251,-0.06596492,,,,
205338_s_at,0.33832602,0.3704112,,,,
227328_at,0.33833565,0.15160455,,,,
223743_s_at,0.33834751,-0.2229322,,,,
219829_at,0.33835791,-0.09461892,,,,
226175_at,0.33836563,0.09616541,,,,
200782_at,0.33839609,-0.19094261,,,,
243334_at,0.33840061,-0.12059954,,,,
1564684_at,0.33841398,-0.06770593,,,,
1560771_at,0.33841747,-0.05609995,,,,
227407_at,0.33844066,0.17261266,,,,
204231_s_at,0.3384657,-0.23399956,,,,
239758_at,0.33847139,0.10803984,,,,
201363_s_at,0.33847264,-0.20096164,,,,
215094_at,0.33849093,0.05455811,,,,
202856_s_at,0.33850334,-0.34628526,,,,
230890_at,0.33855108,-0.05871374,,,,
1556003_a_at,0.33855292,-0.05358514,,,,
240764_at,0.33856139,-0.07787939,,,,
200792_at,0.33859492,-0.09489286,,,,
1553300_a_at,0.33864262,-0.16056632,,,,
214042_s_at,0.33867523,-0.15097026,,,,
213647_at,0.33873021,0.24317973,,,,
233745_at,0.33873294,-0.04973079,,,,
1558990_at,0.3387443,-0.04358439,,,,
1565563_at,0.33875884,0.05220832,,,,
239147_at,0.33878296,0.17521442,,,,
206393_at,0.33880688,0.38431445,,,,
237684_at,0.33881663,-0.06538226,,,,
1563316_at,0.33883212,-0.06025651,,,,
1559355_at,0.33884094,-0.05630229,,,,
205015_s_at,0.33885467,-0.16903285,,,,
235312_s_at,0.3388557,-0.08172754,,,,
237629_at,0.33892724,0.06891903,,,,
234344_at,0.3389273,0.18737373,,,,
210843_s_at,0.33896035,0.09935375,,,,
214062_x_at,0.33902421,-0.07887286,,,,
203086_at,0.33903308,0.14337034,,,,
232981_s_at,0.33904917,-0.12340949,,,,
1553314_a_at,0.33906456,-0.05028101,,,,
238591_at,0.33907234,0.08788088,,,,
241438_at,0.33907333,0.11009682,,,,
210271_at,0.33910111,-0.10605174,,,,
243819_at,0.3391143,0.18137068,,,,
210879_s_at,0.33912115,0.14015021,,,,
243180_at,0.33919249,-0.06159603,,,,
212470_at,0.33920252,-0.15578479,,,,
1552383_at,0.33924235,0.09281919,,,,
1562849_at,0.33925857,0.06487051,,,,
239563_at,0.33926935,0.14384194,,,,
226848_at,0.33927296,-0.22828599,,,,
222355_at,0.33928492,-0.05349726,,,,
213768_s_at,0.33929949,-0.11775849,,,,
240108_at,0.33932848,-0.15322293,,,,
234437_at,0.33934334,0.0498816,,,,
234360_at,0.33934865,-0.07198463,,,,
216351_x_at,0.33936232,0.15274002,,,,
1555689_at,0.33936623,-0.06064717,,,,
1554475_a_at,0.33937382,-0.05397963,,,,
243525_at,0.3393892,-0.05840167,,,,
215472_at,0.33942072,-0.09692975,,,,
233759_s_at,0.33942593,0.09147626,,,,
1556402_at,0.33947618,-0.15530459,,,,
200818_at,0.33951914,0.09829813,,,,
203677_s_at,0.33952653,0.11095859,,,,
1557789_at,0.33954605,-0.07257557,,,,
204950_at,0.33955614,-0.1657366,,,,
211406_at,0.33957623,0.19193551,,,,
212419_at,0.33960328,0.27771966,,,,
220502_s_at,0.33960374,0.25454624,,,,
221629_x_at,0.33962564,-0.10403451,,,,
1564317_at,0.33963152,-0.07053256,,,,
213844_at,0.33966268,-0.36915745,,,,
237571_at,0.3396664,0.23033944,,,,
212063_at,0.33967838,-0.32785063,,,,
202009_at,0.33970444,-0.09877573,,,,
204605_at,0.33971315,0.15512807,,,,
1555148_a_at,0.33971359,-0.14954056,,,,
233907_s_at,0.3397409,0.26819677,,,,
212928_at,0.33975769,0.1980233,,,,
221241_s_at,0.33981738,-0.45903414,,,,
244882_at,0.33982551,-0.09250521,,,,
211690_at,0.33984878,0.05015311,,,,
243151_at,0.3398978,-0.07769018,,,,
204699_s_at,0.33990101,0.15033184,,,,
211334_at,0.33993586,0.05096956,,,,
1553891_at,0.33997878,-0.05062005,,,,
210559_s_at,0.34000402,0.29103603,,,,
221698_s_at,0.34003116,-0.29312206,,,,
235129_at,0.34003662,0.33502377,,,,
233460_at,0.34003724,0.03778495,,,,
211365_s_at,0.34003968,0.07080328,,,,
219761_at,0.34006274,0.20051579,,,,
210385_s_at,0.34006493,-0.22321983,,,,
226317_at,0.34010261,0.15072768,,,,
229690_at,0.34011429,-0.09006262,,,,
210801_at,0.34012169,0.05997746,,,,
212464_s_at,0.34013143,0.21562457,,,,
204386_s_at,0.3401452,0.1285529,,,,
243352_at,0.34015449,0.09548128,,,,
1564688_a_at,0.34018589,0.05915298,,,,
1568696_at,0.3402518,0.13713618,,,,
232926_x_at,0.34026321,-0.08834505,,,,
237526_at,0.34029444,-0.05873103,,,,
215009_s_at,0.34031785,0.21594891,,,,
223016_x_at,0.34031847,-0.13916662,,,,
237654_at,0.34034595,-0.28431058,,,,
212123_at,0.34037282,0.10933724,,,,
203861_s_at,0.34038286,0.28275417,,,,
238512_at,0.34043243,0.4332362,,,,
201679_at,0.34045102,-0.19195877,,,,
1558507_at,0.34045594,0.2171975,,,,
1554053_at,0.34046583,0.21850726,,,,
1558034_s_at,0.34050659,0.78113875,,,,
223252_at,0.34053059,0.09383556,,,,
214463_x_at,0.3405514,0.20329473,,,,
235471_at,0.34057731,0.25315193,,,,
1563245_at,0.34060525,-0.04852151,,,,
214176_s_at,0.34061602,0.0924117,,,,
200658_s_at,0.34062696,0.1188712,,,,
234086_at,0.3406445,-0.05701519,,,,
1558160_at,0.34065473,-0.05529605,,,,
217514_at,0.34065626,0.0767365,,,,
231738_at,0.34067498,0.31918567,,,,
211099_s_at,0.3406892,0.19375222,,,,
204255_s_at,0.34069133,-0.35886744,,,,
240508_at,0.34071448,-0.07288093,,,,
215081_at,0.34075007,0.11580989,,,,
208944_at,0.34076468,-0.20969297,,,,
213931_at,0.34076549,0.27572965,,,,
235318_at,0.34077292,0.40553522,,,,
240671_at,0.34078783,-0.05997868,,,,
236044_at,0.34079813,-0.35667873,,,,
233525_s_at,0.34084427,-0.10276758,,,,
228485_s_at,0.34085831,-0.22482912,,,,
222859_s_at,0.34086769,-0.36948038,,,,
234996_at,0.34086948,0.29284155,,,,
1559980_at,0.34093382,0.04789966,,,,
1564084_at,0.34093856,-0.06165361,,,,
218139_s_at,0.34094423,0.12783726,,,,
217462_at,0.34095013,0.11567108,,,,
244585_at,0.34095584,-0.06185316,,,,
227164_at,0.34095602,0.14845936,,,,
1556735_at,0.3409618,0.16650007,,,,
237676_at,0.34104849,0.05110713,,,,
209934_s_at,0.3410718,-0.13237162,,,,
243942_at,0.34107203,-0.06096454,,,,
205545_x_at,0.34108044,0.09261798,,,,
224226_at,0.34108156,-0.03997973,,,,
201976_s_at,0.34108584,-0.28037788,,,,
213150_at,0.34111211,-0.56976401,,,,
224942_at,0.34111479,0.22904422,,,,
217444_at,0.34112481,0.05457693,,,,
234477_at,0.34116399,-0.18304702,,,,
217631_at,0.34117832,0.12476585,,,,
237789_at,0.34125362,0.08699521,,,,
212866_at,0.34126801,0.13544796,,,,
242666_at,0.34127263,-0.06361092,,,,
214717_at,0.34127742,-0.14045952,,,,
228657_at,0.34133818,0.07870306,,,,
208233_at,0.3414076,-0.0454021,,,,
1558871_at,0.34140962,-0.16813302,,,,
239856_at,0.34141686,-0.11100599,,,,
220368_s_at,0.34142276,-0.17153033,,,,
215133_s_at,0.34145141,0.0866728,,,,
219830_at,0.34146626,-0.06776623,,,,
1563454_at,0.34146678,0.10900458,,,,
227834_at,0.34147826,0.26173878,,,,
204622_x_at,0.34148701,0.26291555,,,,
219348_at,0.34150075,0.12055628,,,,
235266_at,0.34150835,0.27752841,,,,
243824_at,0.34151108,0.14205537,,,,
236887_at,0.34156603,0.20347437,,,,
210669_at,0.34156742,0.0696056,,,,
239217_x_at,0.34157754,-0.17931728,,,,
242887_at,0.34161454,0.14688837,,,,
203403_s_at,0.34161656,0.15728215,,,,
221390_s_at,0.34164432,-0.07459521,,,,
217214_s_at,0.34166692,-0.0419877,,,,
203097_s_at,0.34167284,-0.12888559,,,,
34206_at,0.3416944,-0.1332337,,,,
229245_at,0.34170489,-0.36642104,,,,
219804_at,0.34172494,0.2930777,,,,
233061_at,0.34174543,-0.10947207,,,,
228351_at,0.34178509,0.11832482,,,,
209748_at,0.3417957,0.12538495,,,,
201315_x_at,0.34182041,-0.17680404,,,,
221037_s_at,0.34185711,-0.04041526,,,,
214725_at,0.34190446,-0.22630406,,,,
221871_s_at,0.34191884,-0.22864676,,,,
216442_x_at,0.34193618,0.20935917,,,,
239650_at,0.34193699,0.31121233,,,,
201267_s_at,0.34195444,-0.17988465,,,,
222268_x_at,0.3419644,-0.06512541,,,,
202229_s_at,0.34201681,-0.05466309,,,,
240465_at,0.34205286,0.08201541,,,,
224294_at,0.34208056,-0.05271437,,,,
203125_x_at,0.342092,-0.17186415,,,,
203952_at,0.34211215,0.10244042,,,,
205401_at,0.34213164,-0.19273815,,,,
237195_at,0.34213339,-0.04943433,,,,
213729_at,0.34215881,0.13192271,,,,
217892_s_at,0.34217122,0.24037169,,,,
1556063_s_at,0.34219606,0.09660819,,,,
1566557_at,0.34220261,-0.21513262,,,,
206570_s_at,0.34220553,-0.05519123,,,,
213381_at,0.34223279,0.22373251,,,,
202802_at,0.34224902,-0.15759208,,,,
226405_s_at,0.34225592,-0.20889414,,,,
201994_at,0.34229867,0.08538829,,,,
224930_x_at,0.34230653,-0.08419966,,,,
238060_s_at,0.3423433,-0.0688317,,,,
201696_at,0.34235813,-0.09239078,,,,
201331_s_at,0.34239306,-0.13469531,,,,
220596_at,0.34239524,-0.06020318,,,,
224736_at,0.34240342,0.12564662,,,,
232528_at,0.34241629,0.26464863,,,,
1554132_a_at,0.34242417,0.14228121,,,,
202534_x_at,0.34242865,0.19136071,,,,
219515_at,0.3424431,0.17668391,,,,
215938_s_at,0.34247106,-0.07482269,,,,
211767_at,0.34247758,0.20845516,,,,
218713_at,0.34247795,0.11964251,,,,
219738_s_at,0.34248788,-0.24006252,,,,
1553944_at,0.34250022,0.19524295,,,,
202773_s_at,0.34251942,-0.16621426,,,,
204358_s_at,0.34257619,0.20621643,,,,
238635_at,0.34257949,-0.24089051,,,,
1566158_at,0.34259609,0.04552165,,,,
1560916_a_at,0.34261917,-0.22809986,,,,
211218_at,0.34262046,-0.0465274,,,,
217139_at,0.3426324,-0.12202923,,,,
1559765_a_at,0.34270243,-0.06632765,,,,
208157_at,0.34275814,0.07844599,,,,
204609_at,0.34276634,-0.05110342,,,,
207938_at,0.34277947,-0.12544154,,,,
240323_at,0.34281006,-0.12228792,,,,
1564414_a_at,0.34281267,0.20665553,,,,
216928_at,0.34286725,-0.07262573,,,,
240142_at,0.34286863,-0.07475368,,,,
241523_at,0.34294661,-0.05819191,,,,
1570635_at,0.34294988,0.05433737,,,,
237577_at,0.34297208,0.11161027,,,,
201514_s_at,0.34298068,-0.16934144,,,,
217035_at,0.34300011,-0.07251145,,,,
1558602_a_at,0.34300257,-0.05619335,,,,
207578_s_at,0.34301055,-0.07420242,,,,
212757_s_at,0.34301218,0.10857922,,,,
243673_at,0.34301695,-0.09136103,,,,
236726_at,0.34305131,-0.06885886,,,,
209108_at,0.34307296,0.32653313,,,,
222773_s_at,0.34308181,-0.43654891,,,,
203581_at,0.34311562,-0.12697324,,,,
203962_s_at,0.34312114,-0.52093758,,,,
239648_at,0.34312525,-0.17242337,,,,
215407_s_at,0.34312909,0.30775783,,,,
221229_s_at,0.34316567,0.14355527,,,,
216766_at,0.34316876,0.07283417,,,,
212651_at,0.34319478,0.22005177,,,,
227822_at,0.34319672,0.22861023,,,,
225553_at,0.34320466,0.16490918,,,,
226465_s_at,0.34321005,0.12346468,,,,
210495_x_at,0.34321612,0.20516521,,,,
235854_x_at,0.34324579,0.08816627,,,,
1559521_at,0.34326546,0.07401508,,,,
213930_at,0.34332945,0.15423797,,,,
241526_at,0.34341346,0.08024218,,,,
206957_at,0.34341851,0.38612874,,,,
1561090_at,0.34342801,-0.04090392,,,,
229895_s_at,0.34345016,-0.14055386,,,,
201797_s_at,0.34345622,0.17489657,,,,
207453_s_at,0.34346904,-0.1534911,,,,
1562828_at,0.34348761,-0.06150293,,,,
221128_at,0.34349677,-0.06910626,,,,
201715_s_at,0.34351344,-0.10359243,,,,
212715_s_at,0.34352891,-0.22649385,,,,
1564945_at,0.34356632,0.05545487,,,,
224327_s_at,0.34357374,0.33604141,,,,
1560665_at,0.34359149,-0.05544586,,,,
221503_s_at,0.34359215,0.16787182,,,,
212963_at,0.34359435,-0.18740591,,,,
1553893_at,0.34359635,-0.07142885,,,,
224563_at,0.34359709,0.22147732,,,,
222726_s_at,0.34360613,0.13116078,,,,
207242_s_at,0.34361716,0.20186197,,,,
239014_at,0.34363192,0.21456068,,,,
235600_at,0.3436376,-0.07513273,,,,
228956_at,0.34364422,-0.71144373,,,,
225421_at,0.34368359,-0.33071683,,,,
244042_x_at,0.34369239,0.31408493,,,,
240418_at,0.34369906,0.2027639,,,,
233542_at,0.34378077,-0.03858405,,,,
217483_at,0.34379501,0.13934974,,,,
226445_s_at,0.34381791,-0.14017845,,,,
204456_s_at,0.34383181,0.29110346,,,,
235414_at,0.34388357,0.15866934,,,,
206265_s_at,0.34389382,0.2995503,,,,
239797_at,0.34390771,0.09761377,,,,
217787_s_at,0.34391103,-0.19369837,,,,
222787_s_at,0.34392364,0.23199517,,,,
225857_s_at,0.34397804,-0.25742998,,,,
218702_at,0.34398664,-0.14065558,,,,
215171_s_at,0.34400584,0.12143145,,,,
241117_at,0.34406746,0.05750204,,,,
1565848_at,0.3441033,-0.07155723,,,,
1556997_a_at,0.34411839,0.15513337,,,,
216803_at,0.34413172,-0.04441677,,,,
1558458_at,0.34414814,0.08072096,,,,
229656_s_at,0.34420216,-0.3085737,,,,
204547_at,0.34420615,0.21182762,,,,
219363_s_at,0.34422748,0.16791501,,,,
1570200_at,0.34422893,-0.05218477,,,,
225445_at,0.34424896,0.17507606,,,,
215304_at,0.34425961,0.15728412,,,,
202819_s_at,0.34426854,0.1570764,,,,
228497_at,0.34427908,-0.26309687,,,,
236987_at,0.3442842,0.11326145,,,,
243290_at,0.34431156,0.11885143,,,,
201574_at,0.3443283,-0.10388127,,,,
243490_at,0.34433439,0.0740847,,,,
228164_at,0.34436814,0.13393846,,,,
219637_at,0.34437451,-0.31068876,,,,
244752_at,0.34438355,-0.12709167,,,,
209600_s_at,0.34441539,0.19193213,,,,
203170_at,0.34446981,-0.06319299,,,,
210973_s_at,0.34447192,0.24229083,,,,
229920_at,0.3444759,0.09094704,,,,
211016_x_at,0.34447663,-0.25042757,,,,
233847_x_at,0.34450952,-0.0361047,,,,
209197_at,0.34454084,0.26676558,,,,
201750_s_at,0.34458758,-0.13646944,,,,
214140_at,0.34461578,0.17597388,,,,
221106_at,0.34462865,-0.05375277,,,,
209602_s_at,0.34464912,0.69370847,,,,
233641_s_at,0.3446531,-0.0537837,,,,
208673_s_at,0.34467139,0.11793733,,,,
1561422_at,0.34475266,-0.05455944,,,,
213036_x_at,0.34476244,-0.28493528,,,,
220126_at,0.34478332,-0.0684273,,,,
228370_at,0.3447932,0.36732718,,,,
215617_at,0.34479869,-0.24781652,,,,
238147_at,0.34481405,-0.09377924,,,,
215460_x_at,0.34481925,-0.10804379,,,,
224060_s_at,0.34484483,0.15100375,,,,
244679_at,0.34484781,-0.07090383,,,,
207572_at,0.34487644,0.05336033,,,,
208913_at,0.34488696,0.15484307,,,,
205635_at,0.34488769,-0.09862946,,,,
1555205_at,0.34491417,-0.06922982,,,,
1559280_a_at,0.34493337,-0.34639274,,,,
202815_s_at,0.34495922,0.15653997,,,,
220953_s_at,0.34496155,0.17393476,,,,
244521_at,0.34498638,0.3201972,,,,
40665_at,0.34501288,0.80119929,,,,
241391_at,0.34502474,0.18032716,,,,
203152_at,0.34508032,0.13896336,,,,
1566846_at,0.3450813,0.04395476,,,,
216518_at,0.3451387,-0.09786114,,,,
242118_x_at,0.34514231,0.30455433,,,,
1554450_s_at,0.34521365,-0.16893284,,,,
206253_at,0.34521501,-0.06067321,,,,
234120_at,0.34522359,0.21939463,,,,
222041_at,0.3452311,0.13273244,,,,
239701_at,0.34525617,-0.06536912,,,,
244185_at,0.34525627,0.1926567,,,,
222662_at,0.34530755,0.28518987,,,,
1564972_x_at,0.3453184,-0.05308163,,,,
202344_at,0.34533133,0.12131668,,,,
217578_at,0.345377,0.05917142,,,,
212834_at,0.34537786,0.15838445,,,,
1556484_at,0.34539973,-0.07489365,,,,
214699_x_at,0.34544608,-0.08809751,,,,
243119_at,0.34546583,0.07552265,,,,
1570382_at,0.34547593,-0.07637041,,,,
1557133_at,0.34549817,-0.04692076,,,,
1565895_at,0.3455087,-0.04399732,,,,
214198_s_at,0.34552394,-0.10393817,,,,
227876_at,0.34553306,0.13580609,,,,
214436_at,0.34553637,0.26436467,,,,
202712_s_at,0.34556609,-0.50780432,,,,
241190_at,0.34557638,-0.069382,,,,
212888_at,0.34558758,0.11314316,,,,
224868_at,0.34558908,-0.1734729,,,,
1556608_a_at,0.34559019,0.08485159,,,,
233049_x_at,0.34559942,-0.11118091,,,,
231539_at,0.34560858,0.05812301,,,,
227004_at,0.34562685,0.22283929,,,,
1557822_at,0.34565185,0.0463571,,,,
221831_at,0.34567893,-0.09761548,,,,
223293_at,0.34568526,-0.16899832,,,,
238418_at,0.34571015,0.15832787,,,,
1568932_at,0.34571498,0.30135159,,,,
203834_s_at,0.34572718,-0.1681,,,,
236944_at,0.3457319,0.07609344,,,,
207519_at,0.34573366,-0.13326008,,,,
1554868_s_at,0.34573959,-0.14110997,,,,
212709_at,0.34574094,0.13707233,,,,
208621_s_at,0.34575733,-0.3078558,,,,
244781_x_at,0.34575886,0.07631832,,,,
219876_s_at,0.34576349,0.06830357,,,,
203292_s_at,0.3457897,-0.09265328,,,,
225789_at,0.34580406,-0.12322775,,,,
223602_at,0.34580916,0.15259225,,,,
231001_at,0.34582825,0.32906478,,,,
226186_at,0.34584833,0.31011927,,,,
216012_at,0.3458639,-0.12099803,,,,
241459_at,0.3458686,0.23063836,,,,
216082_at,0.34587368,-0.06670085,,,,
203494_s_at,0.3458846,0.14608971,,,,
231737_at,0.34589379,-0.06604161,,,,
217388_s_at,0.34590635,0.42090807,,,,
238345_at,0.34591433,0.08552159,,,,
206175_x_at,0.34593202,0.15840008,,,,
218962_s_at,0.34594724,0.20840602,,,,
1561550_at,0.34595941,-0.04552633,,,,
208034_s_at,0.3459732,0.26625768,,,,
235046_at,0.34597455,-0.39901384,,,,
238498_at,0.34598459,-0.23545585,,,,
219730_at,0.3459991,0.26928086,,,,
1570352_at,0.34600565,0.04206127,,,,
240515_at,0.34601059,-0.05514901,,,,
1563054_at,0.34602555,-0.05804349,,,,
205910_s_at,0.34606784,-0.39968936,,,,
228932_at,0.34610194,0.17103944,,,,
222776_at,0.34611628,0.113048,,,,
1557515_at,0.34612568,-0.05289949,,,,
216343_at,0.34612575,-0.06438482,,,,
219143_s_at,0.3461374,-0.23024047,,,,
239473_x_at,0.3461495,0.09474132,,,,
240074_at,0.34616418,-0.05898731,,,,
204248_at,0.34616572,-0.13038005,,,,
238606_at,0.3462005,0.15483767,,,,
215678_at,0.34622695,-0.07530234,,,,
230401_at,0.34623309,-0.0927391,,,,
204104_at,0.34623459,-0.0979555,,,,
212625_at,0.34625646,-0.14115031,,,,
201817_at,0.34626315,-0.11587357,,,,
211886_s_at,0.34629729,-0.11471705,,,,
242224_at,0.34629813,0.2307885,,,,
205566_at,0.34630175,-0.21044599,,,,
1557527_at,0.3463222,-0.14015977,,,,
242902_at,0.34635348,-0.11037022,,,,
243301_at,0.34637271,-0.18097162,,,,
225583_at,0.34641088,-0.13181505,,,,
210039_s_at,0.34641481,-0.18440219,,,,
220844_at,0.34643093,-0.03879509,,,,
234605_at,0.34643954,0.15678397,,,,
232308_at,0.3464597,-0.06791152,,,,
1565738_at,0.34650702,-0.06684244,,,,
234794_at,0.34650821,-0.04868196,,,,
210579_s_at,0.34650856,-0.06286115,,,,
219991_at,0.34650995,0.17946549,,,,
226872_at,0.34653339,-0.16447812,,,,
220019_s_at,0.34654828,-0.12063501,,,,
203382_s_at,0.34655851,0.38355029,,,,
222329_x_at,0.34658795,-0.06213026,,,,
243546_at,0.34659106,0.1079741,,,,
243830_at,0.34659199,0.06988166,,,,
1565784_at,0.34660381,-0.06298901,,,,
1555488_at,0.34661864,-0.05898074,,,,
235236_at,0.34662356,0.17275909,,,,
224343_x_at,0.34662459,-0.06000381,,,,
228274_at,0.3466597,0.26815335,,,,
214556_at,0.34667122,-0.06671763,,,,
235560_at,0.34668094,-0.15282878,,,,
231065_at,0.34670231,-0.07045584,,,,
207563_s_at,0.34672622,-0.17575102,,,,
215708_s_at,0.34673191,0.18213843,,,,
205715_at,0.34673857,-0.21642092,,,,
1567288_at,0.34674411,-0.04988943,,,,
201513_at,0.34676043,0.11056903,,,,
205972_at,0.34677,0.3457093,,,,
240842_at,0.34678445,-0.04999013,,,,
64488_at,0.3467863,0.09369351,,,,
1558841_at,0.34679177,-0.05272052,,,,
238965_at,0.34679629,0.10796147,,,,
1555197_a_at,0.34681373,-0.08290709,,,,
1568877_a_at,0.34681651,0.1770452,,,,
228002_at,0.34684737,0.13682057,,,,
215357_s_at,0.34684871,-0.21166506,,,,
237351_at,0.34685763,0.22835927,,,,
208048_at,0.346875,-0.05162842,,,,
205132_at,0.34688459,0.24709551,,,,
227919_at,0.34691529,-0.41234753,,,,
203854_at,0.34693634,0.54627271,,,,
1562269_at,0.34696017,-0.05649852,,,,
241804_at,0.34698406,0.23487064,,,,
205955_at,0.34700848,0.06136389,,,,
1563668_at,0.34701666,-0.06140989,,,,
1564911_at,0.34707486,-0.06015488,,,,
237473_at,0.34710041,-0.06045884,,,,
201185_at,0.34712178,0.28625207,,,,
1555021_a_at,0.34716522,-0.07449899,,,,
222957_at,0.34718207,0.17072679,,,,
224859_at,0.347219,0.13660079,,,,
1557729_at,0.34722477,-0.12871554,,,,
213443_at,0.3472294,-0.06186077,,,,
221225_at,0.34723977,0.06389747,,,,
238652_at,0.34724148,-0.1220997,,,,
235547_at,0.34726326,-0.15427048,,,,
236553_at,0.34728709,-0.10314755,,,,
239004_at,0.34730517,-0.11448549,,,,
1552400_a_at,0.34734719,-0.10239476,,,,
232275_s_at,0.34739222,0.09569977,,,,
215033_at,0.34740026,0.1676406,,,,
239670_at,0.34741023,-0.10504401,,,,
203242_s_at,0.34742218,-0.22056452,,,,
242388_x_at,0.34742282,-0.2215346,,,,
222454_s_at,0.34743446,-0.16656421,,,,
207850_at,0.34744884,-0.43806165,,,,
241664_x_at,0.34745751,-0.05063978,,,,
214930_at,0.34746871,0.27949432,,,,
215844_at,0.34748574,-0.10559815,,,,
1559166_at,0.34749819,-0.08453165,,,,
1570410_at,0.34750467,-0.06279524,,,,
215260_s_at,0.34750823,-0.08942757,,,,
227597_at,0.34751667,0.07596355,,,,
236156_at,0.34751834,0.089817,,,,
235413_at,0.34753067,0.27127805,,,,
1561795_at,0.34755057,0.05750587,,,,
205942_s_at,0.34755217,-0.42811382,,,,
1561424_at,0.34757168,-0.06561207,,,,
230849_at,0.34758524,0.22412937,,,,
220257_x_at,0.34765832,-0.09995146,,,,
231785_at,0.34766491,0.18635058,,,,
200870_at,0.34767204,0.11001934,,,,
241104_at,0.34771672,0.12662162,,,,
224143_at,0.34772947,0.08923374,,,,
218684_at,0.34776497,0.18282779,,,,
231043_at,0.34776774,-0.20051559,,,,
239264_at,0.34779289,0.19920083,,,,
224082_at,0.34779669,-0.06566209,,,,
1557476_at,0.34780092,0.05323003,,,,
227266_s_at,0.34782855,-0.27555256,,,,
228703_at,0.34782977,-0.18915628,,,,
1556730_at,0.34783078,0.08557487,,,,
224281_s_at,0.34786522,0.13081211,,,,
213310_at,0.34787096,0.22282096,,,,
1552876_at,0.34787454,0.05129204,,,,
212452_x_at,0.34789523,0.11518811,,,,
228298_at,0.34791288,-0.22060478,,,,
201000_at,0.34794118,0.12263257,,,,
236181_at,0.3479489,0.32875717,,,,
223619_x_at,0.34795501,0.19231533,,,,
238463_at,0.34797167,0.23016914,,,,
235553_at,0.34801526,-0.06288721,,,,
205503_at,0.34802832,0.17569696,,,,
238966_at,0.34806547,-0.15608085,,,,
237388_at,0.34806869,0.17135718,,,,
200689_x_at,0.34808457,-0.06521474,,,,
240914_at,0.3481017,0.04622938,,,,
223446_s_at,0.34811342,0.13962933,,,,
1562282_at,0.34813009,0.07212711,,,,
234550_at,0.34813364,-0.0454764,,,,
209510_at,0.34819571,0.14239865,,,,
214414_x_at,0.34819633,0.43669503,,,,
211615_s_at,0.34821235,0.14886931,,,,
1553047_at,0.34821849,-0.06784441,,,,
218259_at,0.34822822,0.17204153,,,,
239645_at,0.34825435,-0.05394383,,,,
241294_at,0.34828194,-0.0605056,,,,
230341_x_at,0.34833176,-0.08349045,,,,
236391_at,0.34833278,-0.18160882,,,,
1555325_s_at,0.34837835,0.17862698,,,,
224738_x_at,0.34839351,0.09756302,,,,
1564640_at,0.34845283,0.04336858,,,,
209175_at,0.34847346,0.12274436,,,,
223683_at,0.3484838,-0.11068687,,,,
239984_at,0.34848784,-0.1214756,,,,
221057_at,0.34850701,0.07417717,,,,
1560451_at,0.34852734,-0.07465955,,,,
210978_s_at,0.34856209,-0.26499922,,,,
236334_at,0.34857793,-0.08916273,,,,
214554_at,0.34859562,0.0636928,,,,
217047_s_at,0.34862493,-0.26376913,,,,
228749_at,0.34862607,0.27203219,,,,
235995_at,0.34865437,-0.05797581,,,,
238120_at,0.34867313,-0.06046923,,,,
202111_at,0.34868859,-0.16528158,,,,
64486_at,0.3486984,-0.12777116,,,,
210524_x_at,0.34869932,0.3112963,,,,
217699_at,0.34871832,-0.04427441,,,,
204288_s_at,0.34875959,0.35582395,,,,
1552518_s_at,0.3487925,0.15585417,,,,
1566767_at,0.34879728,-0.06681939,,,,
203764_at,0.34880375,0.34214921,,,,
235289_at,0.34881703,0.21787936,,,,
1563471_at,0.34881823,-0.04896732,,,,
224961_at,0.34882113,0.13218692,,,,
235738_at,0.34882741,-0.11405118,,,,
241802_x_at,0.3488356,-0.0821834,,,,
220883_at,0.34884192,-0.05086245,,,,
221377_s_at,0.3488433,-0.06836228,,,,
214634_at,0.34887826,-0.06740241,,,,
1570314_at,0.34889259,-0.06000664,,,,
240278_at,0.3488946,0.10813867,,,,
1554697_at,0.34891685,0.13603423,,,,
1569809_at,0.34895005,-0.04282019,,,,
226494_at,0.34895187,-0.19918561,,,,
1563089_at,0.34896028,-0.07945329,,,,
1558877_at,0.34899775,-0.09326858,,,,
233578_at,0.34899907,-0.05209444,,,,
240068_at,0.3490025,0.06017373,,,,
238829_at,0.34903998,0.1397994,,,,
1557071_s_at,0.34905497,-0.11969528,,,,
210058_at,0.34905688,-0.32563235,,,,
1553629_a_at,0.34908939,-0.07042318,,,,
1559504_at,0.34909939,-0.06280497,,,,
240667_at,0.34910245,0.0474031,,,,
243827_at,0.34913187,0.14748071,,,,
228046_at,0.34919114,-0.2601112,,,,
216871_at,0.34921946,-0.07097345,,,,
218242_s_at,0.34922106,0.10797417,,,,
230654_at,0.3492255,-0.09269547,,,,
238619_at,0.34923821,-0.1668104,,,,
241412_at,0.34924044,0.3865214,,,,
229939_at,0.34924448,0.10089998,,,,
1565874_at,0.34926516,0.04460696,,,,
227762_at,0.34926769,-0.33587366,,,,
205184_at,0.34929766,-0.41426231,,,,
205354_at,0.34933087,0.41906131,,,,
203977_at,0.34934255,-0.09209197,,,,
229080_at,0.34934367,0.12037202,,,,
211898_s_at,0.34934586,-0.11296126,,,,
223365_at,0.34936341,0.12742306,,,,
237925_at,0.34937457,-0.06870901,,,,
1561342_at,0.34939197,-0.06767633,,,,
1562880_at,0.3494304,-0.03751407,,,,
241942_at,0.34944245,0.11841598,,,,
203419_at,0.34944841,-0.10066895,,,,
1569448_at,0.34946475,-0.07265915,,,,
222088_s_at,0.34947647,-0.32009694,,,,
200739_s_at,0.34949428,0.10962822,,,,
226587_at,0.3495229,0.36343488,,,,
219162_s_at,0.34953032,0.11334018,,,,
219518_s_at,0.34953327,0.26784107,,,,
226247_at,0.34955471,0.15461049,,,,
204304_s_at,0.34957374,0.77413064,,,,
223242_s_at,0.34960553,-0.12613028,,,,
222069_s_at,0.34964311,-0.05561926,,,,
1552812_a_at,0.34966528,0.19717907,,,,
241672_at,0.34971796,0.26017047,,,,
231209_at,0.34972546,-0.08830511,,,,
206433_s_at,0.34975297,-0.08633024,,,,
214550_s_at,0.34975398,-0.122828,,,,
1552549_a_at,0.34976014,-0.06539267,,,,
206461_x_at,0.34977945,0.33505117,,,,
217480_x_at,0.34978332,-0.34067934,,,,
243550_at,0.34981895,-0.13056764,,,,
202787_s_at,0.34983196,-0.1634472,,,,
243915_at,0.3498403,-0.13948421,,,,
232727_at,0.34987175,-0.07294023,,,,
239674_at,0.34991085,0.04563228,,,,
241494_at,0.34992094,-0.04082866,,,,
224406_s_at,0.34992934,-0.07880395,,,,
227610_at,0.34994394,-0.19019555,,,,
208308_s_at,0.3499708,-0.20713605,,,,
1557206_at,0.3499901,0.03927961,,,,
230672_at,0.34999219,-0.10943092,,,,
213459_at,0.35000283,0.26607063,,,,
227867_at,0.35000503,-0.36875131,,,,
226319_s_at,0.35002458,-0.19346083,,,,
227391_x_at,0.35003049,-0.15657882,,,,
224322_at,0.35003311,0.04151538,,,,
241852_at,0.35003887,0.07846445,,,,
1565936_a_at,0.35004293,-0.22528636,,,,
1553670_at,0.35013765,-0.10372856,,,,
209650_s_at,0.35014021,-0.10368649,,,,
209267_s_at,0.35014906,-0.28452528,,,,
240457_at,0.35016603,-0.10585454,,,,
233881_s_at,0.35017864,-0.14606657,,,,
202361_at,0.3501899,0.1118626,,,,
208695_s_at,0.35020105,0.04552836,,,,
223386_at,0.3502067,-0.16171278,,,,
208002_s_at,0.35020991,-0.23694447,,,,
204059_s_at,0.3502208,0.33164087,,,,
210873_x_at,0.35027754,-0.40269492,,,,
229953_x_at,0.35028993,0.15813634,,,,
212112_s_at,0.35031776,-0.11518564,,,,
207837_at,0.35032656,0.06067454,,,,
233678_at,0.35034445,0.07596848,,,,
238767_at,0.35034952,-0.13066329,,,,
235454_at,0.35036232,-0.06138225,,,,
235075_at,0.35039601,0.63133156,,,,
1568720_at,0.35042664,-0.24637641,,,,
223987_at,0.35044906,0.13543636,,,,
208716_s_at,0.35061495,0.1836078,,,,
227800_at,0.35061837,-0.05243786,,,,
204908_s_at,0.35063529,0.17524682,,,,
232376_at,0.35064342,0.10244147,,,,
209289_at,0.35070374,0.26880081,,,,
221697_at,0.35071118,-0.13015946,,,,
242298_x_at,0.35074134,-0.06264054,,,,
231334_at,0.35075287,-0.06064441,,,,
232027_at,0.35076476,-0.16773689,,,,
222558_at,0.35080906,0.14398421,,,,
217800_s_at,0.35083137,-0.10831245,,,,
232934_at,0.35083205,0.04965555,,,,
1568629_s_at,0.35083266,0.1238161,,,,
203073_at,0.35083705,-0.16238367,,,,
227031_at,0.35087874,-0.17206252,,,,
217114_at,0.35088822,0.05286608,,,,
217369_at,0.35088946,-0.13073425,,,,
204550_x_at,0.35090477,-0.22926162,,,,
1566442_at,0.3509207,-0.06133297,,,,
211912_at,0.35092365,-0.0529055,,,,
217609_at,0.35094067,-0.10231284,,,,
229062_at,0.35098504,0.16217763,,,,
227060_at,0.35099455,-0.09814962,,,,
222467_s_at,0.35100231,0.12279287,,,,
1555213_a_at,0.35100556,-0.06957816,,,,
231604_at,0.35101337,-0.05617302,,,,
1563641_a_at,0.35102521,-0.07740062,,,,
212719_at,0.3510273,0.20281531,,,,
231178_at,0.35107879,-0.06575942,,,,
201374_x_at,0.35109987,0.13992626,,,,
211438_at,0.35112245,-0.06614064,,,,
200854_at,0.35112933,0.12884946,,,,
31845_at,0.35115228,-0.25073178,,,,
220343_at,0.35115565,0.07242293,,,,
224309_s_at,0.35115647,-0.15026719,,,,
208671_at,0.35116207,-0.09494155,,,,
218185_s_at,0.35117727,0.14069452,,,,
224603_at,0.35122246,-0.17707159,,,,
206476_s_at,0.3512226,-0.06184208,,,,
202972_s_at,0.35122599,-0.21431745,,,,
231385_at,0.35123239,0.04831901,,,,
236513_at,0.35126026,-0.33492231,,,,
204135_at,0.35128904,0.28475997,,,,
230264_s_at,0.3512976,-0.26664369,,,,
204900_x_at,0.35130391,0.22917339,,,,
239606_at,0.35132403,0.13624768,,,,
242064_at,0.35134668,0.27743185,,,,
1555107_a_at,0.35135969,-0.07154998,,,,
207506_at,0.35139586,0.07950221,,,,
217486_s_at,0.35142266,0.12803443,,,,
214886_s_at,0.35145388,-0.07105176,,,,
220406_at,0.35145716,-0.06494927,,,,
38521_at,0.35145742,-0.07407167,,,,
203269_at,0.35147217,-0.15621655,,,,
201667_at,0.35150185,-0.43803009,,,,
201360_at,0.35150489,-0.23337151,,,,
1552398_a_at,0.35152349,-0.26472214,,,,
215904_at,0.35156577,-0.06232951,,,,
207864_at,0.35158351,-0.16384636,,,,
1563414_at,0.35162257,-0.12851636,,,,
243229_at,0.35166782,0.0881111,,,,
214095_at,0.35169324,0.16585128,,,,
1563462_at,0.35171571,-0.05922574,,,,
240157_at,0.35177575,0.15173565,,,,
242865_at,0.35178667,0.25049483,,,,
221230_s_at,0.35179074,0.1399371,,,,
226006_at,0.35182238,0.11707681,,,,
203660_s_at,0.35184367,0.10930062,,,,
234375_x_at,0.35185046,-0.045867,,,,
231489_x_at,0.35186322,0.15611669,,,,
200945_s_at,0.35188442,0.11551691,,,,
212893_at,0.35188995,0.12685261,,,,
215310_at,0.35192151,-0.06936474,,,,
218085_at,0.35194021,-0.15514689,,,,
1053_at,0.35196685,0.14075715,,,,
1569915_at,0.35207447,-0.05834758,,,,
215231_at,0.35208443,-0.09039653,,,,
239525_at,0.35212439,-0.16138309,,,,
223515_s_at,0.35213278,0.18461168,,,,
200876_s_at,0.35215247,0.10109715,,,,
1568815_a_at,0.35221701,0.16172583,,,,
216921_s_at,0.35224483,-0.05740145,,,,
224667_x_at,0.35225459,0.12111526,,,,
243495_s_at,0.35228306,0.23446517,,,,
230772_at,0.3523197,-0.62710325,,,,
211649_x_at,0.35235193,-0.13495019,,,,
1566893_at,0.35239231,-0.04828746,,,,
37793_r_at,0.35240353,-0.11286911,,,,
205243_at,0.35241781,-0.11169595,,,,
1560636_a_at,0.35241912,-0.05927643,,,,
205349_at,0.35242134,-0.32584413,,,,
236782_at,0.3524236,-0.22315926,,,,
1557066_at,0.35243782,-0.09888225,,,,
207441_at,0.35245565,-0.05029291,,,,
213926_s_at,0.35248188,-0.25940347,,,,
218452_at,0.35249365,0.1113971,,,,
233175_at,0.35253172,-0.1387638,,,,
202768_at,0.35255682,-0.08993397,,,,
58696_at,0.35257481,0.18731948,,,,
243367_at,0.35258499,0.2636106,,,,
225934_at,0.35259269,-0.20937684,,,,
237353_at,0.35259751,-0.042881,,,,
215107_s_at,0.35265942,-0.12837923,,,,
211759_x_at,0.35266736,0.13696641,,,,
215297_at,0.35267225,0.17822227,,,,
208413_at,0.35268522,-0.04110153,,,,
206529_x_at,0.35269769,0.1810734,,,,
218004_at,0.35272363,0.1151075,,,,
204601_at,0.35273869,-0.14673007,,,,
1553652_a_at,0.35275696,-0.09235767,,,,
201704_at,0.35275943,-0.15411987,,,,
236743_at,0.35277391,0.05678324,,,,
236552_at,0.35278297,0.06187446,,,,
1568765_at,0.35281289,-0.14605948,,,,
212526_at,0.35288163,0.26571385,,,,
201864_at,0.35290866,-0.12154472,,,,
234609_at,0.3529187,-0.08265401,,,,
207300_s_at,0.35295088,0.39842366,,,,
238134_at,0.35296248,-0.13269528,,,,
1554629_at,0.35302343,0.22791502,,,,
215152_at,0.35303613,-0.18907228,,,,
234158_at,0.35303993,0.08661181,,,,
201183_s_at,0.35307172,0.14268664,,,,
210102_at,0.35307253,-0.25728687,,,,
224702_at,0.35309055,0.14039609,,,,
203637_s_at,0.35311559,0.30730825,,,,
217237_at,0.35312698,-0.05736906,,,,
233839_at,0.35320429,0.05500544,,,,
1553281_at,0.35320584,-0.07887882,,,,
210260_s_at,0.35322601,-0.25961324,,,,
227555_s_at,0.35324869,0.06636542,,,,
212370_x_at,0.35324883,0.11121308,,,,
1560445_x_at,0.35325695,0.10327791,,,,
216218_s_at,0.35326176,-0.24780485,,,,
234175_at,0.35331881,-0.07478275,,,,
223739_at,0.3533449,0.2288381,,,,
223007_s_at,0.3534298,-0.13940739,,,,
201845_s_at,0.35347359,0.13216973,,,,
1569385_s_at,0.3534822,0.11664502,,,,
1554869_at,0.35348314,-0.06255361,,,,
1559585_at,0.35349486,-0.1445407,,,,
220948_s_at,0.35351373,-0.2005384,,,,
239211_at,0.35353778,-0.06162324,,,,
222264_at,0.35353831,-0.11216784,,,,
216393_at,0.35354149,-0.06215612,,,,
231404_at,0.35354896,-0.07001855,,,,
233280_at,0.35356104,-0.09860428,,,,
234474_x_at,0.35357056,-0.05953048,,,,
211714_x_at,0.35357688,0.14234373,,,,
207330_at,0.3535858,0.42749466,,,,
201804_x_at,0.35359533,0.13731871,,,,
1555305_at,0.35359853,-0.04419365,,,,
201916_s_at,0.35360197,0.10557258,,,,
223591_at,0.35360926,-0.20563295,,,,
204053_x_at,0.35361558,-0.14800525,,,,
225063_at,0.35361696,-0.12283942,,,,
224284_x_at,0.35364658,-0.13179366,,,,
229821_at,0.3536497,-0.10947906,,,,
1552412_a_at,0.35365153,0.04084358,,,,
219798_s_at,0.35365196,0.10434881,,,,
232500_at,0.35365858,0.20950431,,,,
226627_at,0.35366233,-0.18889089,,,,
235240_at,0.35369296,0.11530038,,,,
212837_at,0.35371878,0.10101206,,,,
230312_at,0.35376553,0.29793964,,,,
225687_at,0.35380941,0.30909423,,,,
1557300_s_at,0.35381795,0.18448587,,,,
1557279_at,0.35382275,-0.06952999,,,,
238806_at,0.35384782,-0.09728562,,,,
1554354_at,0.35386921,0.0398032,,,,
215623_x_at,0.35387984,0.14923343,,,,
1563364_at,0.35390527,-0.07558557,,,,
234716_at,0.35390622,-0.06376454,,,,
223163_s_at,0.35393099,0.11134305,,,,
1554084_a_at,0.35393281,-0.06603111,,,,
1569599_at,0.35394568,-0.03809615,,,,
207814_at,0.35395864,-0.44766276,,,,
242280_x_at,0.3539679,-0.07855902,,,,
211776_s_at,0.35400054,-0.31006056,,,,
241332_at,0.35400169,-0.04417644,,,,
236378_at,0.35400405,-0.08349593,,,,
222053_at,0.35402356,-0.07234982,,,,
202282_at,0.35402735,0.15242697,,,,
222349_x_at,0.35403093,-0.09466972,,,,
230892_at,0.35405389,0.17080135,,,,
200985_s_at,0.35406314,0.17675826,,,,
237477_at,0.35408623,-0.04227403,,,,
227770_at,0.3540948,-0.11265815,,,,
216722_at,0.35411182,-0.03834227,,,,
202808_at,0.35412376,0.14568374,,,,
1561245_at,0.35414459,-0.04912372,,,,
211768_at,0.35419582,0.06092577,,,,
1556445_at,0.35423888,-0.0952409,,,,
241458_at,0.35424015,0.09685788,,,,
1554833_at,0.35424508,-0.09343754,,,,
200088_x_at,0.3542607,-0.08248468,,,,
202143_s_at,0.35428491,-0.14172303,,,,
236032_at,0.35429469,0.22697023,,,,
210782_x_at,0.35429702,0.06188058,,,,
221364_at,0.35433275,-0.06342076,,,,
212900_at,0.35434675,0.1104153,,,,
208087_s_at,0.35436555,-0.07947964,,,,
205759_s_at,0.35438073,-0.25972486,,,,
204672_s_at,0.35439957,0.23620629,,,,
224888_at,0.35439997,0.15597202,,,,
219189_at,0.35441271,-0.22296329,,,,
1570188_at,0.35444605,-0.06361081,,,,
240513_at,0.35444942,-0.04599787,,,,
230928_at,0.3544647,-0.04641342,,,,
236052_at,0.3544818,0.0745582,,,,
1560705_at,0.35448481,-0.06463632,,,,
1555889_a_at,0.35448795,-0.18457122,,,,
243799_x_at,0.3545076,0.42536389,,,,
240782_at,0.35456144,-0.04908683,,,,
206522_at,0.35456548,-0.22517688,,,,
206605_at,0.35459855,0.15427311,,,,
224864_at,0.35462154,-0.12537973,,,,
1559296_at,0.35464414,-0.067355,,,,
238848_at,0.35465574,-0.15443739,,,,
241660_at,0.35465931,0.06228147,,,,
209401_s_at,0.35466928,-0.12189759,,,,
207293_s_at,0.35474487,-0.15873948,,,,
214321_at,0.35476444,0.41818656,,,,
228011_at,0.35476641,0.21857298,,,,
1553660_at,0.3547665,-0.05298508,,,,
208167_s_at,0.35478405,0.10996978,,,,
226505_x_at,0.35479185,0.13396886,,,,
207601_at,0.35483873,-0.26833506,,,,
217492_s_at,0.35485525,-0.14471231,,,,
1555883_s_at,0.35488319,0.15464371,,,,
205440_s_at,0.35491796,0.48890395,,,,
202050_s_at,0.35492831,0.1317747,,,,
1559623_at,0.35494418,-0.08608409,,,,
244839_at,0.35494868,0.27799951,,,,
234350_at,0.35496303,-0.19677566,,,,
1554317_s_at,0.35496844,-0.09467235,,,,
224828_at,0.35497649,-0.21604359,,,,
224384_s_at,0.35503603,-0.06386503,,,,
220116_at,0.35507492,0.40085549,,,,
205025_at,0.35508014,-0.12816738,,,,
228198_s_at,0.35510263,0.19870714,,,,
233303_at,0.35513101,-0.1239971,,,,
241870_at,0.35513716,-0.04511499,,,,
1553607_at,0.35514601,0.04630055,,,,
227364_at,0.35521626,0.19277531,,,,
243688_at,0.3552192,-0.09625207,,,,
228632_at,0.35523331,-0.04932353,,,,
216795_at,0.35524042,-0.07924877,,,,
207995_s_at,0.35529561,0.36953424,,,,
209148_at,0.35532408,0.08335134,,,,
237441_at,0.355332,0.1292918,,,,
224683_at,0.35535907,0.11039737,,,,
222905_s_at,0.35536335,-0.10142798,,,,
1563728_at,0.35536457,-0.05755283,,,,
235718_at,0.35538248,-0.15182603,,,,
238397_at,0.35543471,-0.07036083,,,,
225007_at,0.35544164,-0.12657079,,,,
206156_at,0.35546429,0.33380854,,,,
1564906_at,0.35547203,-0.10939586,,,,
225633_at,0.35547466,0.18047576,,,,
229487_at,0.35547682,0.38256992,,,,
213237_at,0.35548727,0.17828024,,,,
238637_at,0.35549436,0.11622854,,,,
212425_at,0.35550244,0.12734425,,,,
226298_at,0.35556122,0.16247496,,,,
215676_at,0.35556386,0.08725395,,,,
56256_at,0.3556256,0.1730073,,,,
232201_at,0.35562948,-0.17623957,,,,
209365_s_at,0.3556493,-0.37192399,,,,
1553642_at,0.35566114,-0.06457844,,,,
214507_s_at,0.35567532,-0.16871489,,,,
1558183_at,0.35574135,-0.05094907,,,,
219588_s_at,0.35574665,-0.20653105,,,,
228412_at,0.35575297,0.15077659,,,,
1558857_at,0.35575402,-0.03861458,,,,
201215_at,0.35584158,0.21153859,,,,
214979_at,0.35585052,-0.06730419,,,,
1558949_at,0.35587884,-0.06224931,,,,
238453_at,0.35588184,0.14147601,,,,
204481_at,0.35592001,0.07864726,,,,
224431_s_at,0.35594978,-0.0696891,,,,
208722_s_at,0.35595529,0.11818733,,,,
210122_at,0.35596111,-0.05577357,,,,
242336_at,0.35598593,0.11402664,,,,
228855_at,0.35599929,0.30841307,,,,
1555011_at,0.35599971,0.05061867,,,,
201437_s_at,0.35601827,0.12497374,,,,
239860_at,0.35601985,0.28095761,,,,
205873_at,0.35601991,-0.09877182,,,,
1557366_at,0.35602638,0.07641023,,,,
1564381_s_at,0.35603219,0.12666685,,,,
234682_at,0.35605555,-0.05952331,,,,
241296_at,0.35605986,0.03758309,,,,
210274_at,0.35610489,0.19719165,,,,
1562477_at,0.356118,0.04659292,,,,
224727_at,0.35614444,-0.14238245,,,,
205839_s_at,0.35615785,-0.19640911,,,,
238476_at,0.35617198,-0.1577068,,,,
208701_at,0.3561838,-0.27255686,,,,
237815_at,0.35618774,-0.04727637,,,,
235542_at,0.35619889,0.19682776,,,,
1556042_s_at,0.35620018,-0.12140985,,,,
233399_x_at,0.35625672,0.10630621,,,,
1563563_at,0.35628215,-0.05836876,,,,
236266_at,0.35628717,0.28407011,,,,
202451_at,0.3563118,0.11280261,,,,
1557018_a_at,0.35631475,-0.03991861,,,,
223250_at,0.35633293,0.16261161,,,,
211804_s_at,0.35635432,-0.2289457,,,,
235512_at,0.3563555,-0.17485356,,,,
214714_at,0.35636247,0.10184892,,,,
1552719_at,0.35640301,0.09349692,,,,
226273_at,0.35641355,0.20239852,,,,
202613_at,0.35644833,0.19662414,,,,
235894_at,0.35646933,-0.08340983,,,,
239291_at,0.35647747,0.06156379,,,,
226062_x_at,0.35651552,0.14184533,,,,
1558745_at,0.35653496,-0.0437304,,,,
1553395_a_at,0.35658424,-0.18473573,,,,
243314_at,0.35660468,-0.06316602,,,,
236201_at,0.35662318,0.24341526,,,,
244517_x_at,0.3566262,-0.12209614,,,,
202202_s_at,0.35662915,0.33153035,,,,
235422_at,0.35663243,0.18801698,,,,
220974_x_at,0.35667373,-0.18823433,,,,
223227_at,0.35668881,0.14225926,,,,
220990_s_at,0.3566973,0.12193698,,,,
205470_s_at,0.35672126,-0.43671553,,,,
218127_at,0.35674359,0.13335568,,,,
215001_s_at,0.35678972,-0.13446798,,,,
224267_x_at,0.35686659,-0.07147652,,,,
224790_at,0.35688038,-0.21357882,,,,
231037_at,0.35688936,0.47885459,,,,
220961_s_at,0.35689398,-0.14335964,,,,
1570191_at,0.35690874,0.09029479,,,,
220363_s_at,0.35693297,-0.17839679,,,,
1557475_at,0.35694016,0.04861523,,,,
1558179_at,0.35694194,-0.06849036,,,,
1560395_at,0.35694988,0.10171213,,,,
218256_s_at,0.35695668,0.12872733,,,,
214231_s_at,0.35695874,0.14959064,,,,
231460_at,0.35696061,0.17668349,,,,
216316_x_at,0.35699506,-0.15269208,,,,
204636_at,0.35701212,-0.41813135,,,,
241105_at,0.35701812,-0.06139552,,,,
240741_x_at,0.35702447,0.03785358,,,,
213435_at,0.35702491,-0.52342308,,,,
225999_at,0.35706577,0.2340442,,,,
1570023_at,0.35710168,-0.07597896,,,,
1556932_at,0.35711003,-0.06362354,,,,
228535_at,0.35711801,0.201305,,,,
227797_x_at,0.35716004,-0.08133,,,,
1554287_at,0.35716836,0.23064379,,,,
213132_s_at,0.35717357,0.1045036,,,,
229141_at,0.35717401,0.22301678,,,,
1553502_a_at,0.35718242,0.07952564,,,,
233147_at,0.35719424,-0.05509059,,,,
222941_at,0.35725063,0.15016349,,,,
237110_at,0.35726527,0.15752732,,,,
221962_s_at,0.35727211,-0.19291447,,,,
222474_s_at,0.35728197,-0.13809736,,,,
210432_s_at,0.35730305,-0.23703819,,,,
233153_at,0.35736439,-0.05197537,,,,
1561887_at,0.35741965,-0.05870919,,,,
237203_at,0.3574365,-0.04721876,,,,
33767_at,0.35746077,0.38355502,,,,
241792_x_at,0.35750197,0.14144327,,,,
227232_at,0.35750247,-0.12391028,,,,
244561_at,0.35750775,0.18062481,,,,
221107_at,0.35753654,-0.33441023,,,,
230967_s_at,0.35755437,-0.08272582,,,,
204876_at,0.35755936,-0.08583688,,,,
218189_s_at,0.35757119,-0.17246854,,,,
1554875_at,0.35759285,0.09169488,,,,
220986_s_at,0.35762463,0.11760736,,,,
230250_at,0.357641,-0.2929451,,,,
237562_at,0.35765972,-0.0476949,,,,
242379_at,0.3577094,-0.05593641,,,,
239633_at,0.35771364,-0.06931373,,,,
1561423_at,0.35771708,-0.05600558,,,,
209177_at,0.35774061,-0.12441458,,,,
239753_at,0.35779539,0.11093305,,,,
202128_at,0.3578064,-0.1622714,,,,
232545_at,0.35785129,0.08035987,,,,
1554308_s_at,0.35785441,-0.19319354,,,,
230742_at,0.35790455,-0.12060705,,,,
1558975_at,0.35796019,-0.05381068,,,,
210089_s_at,0.35797709,0.20401237,,,,
219097_x_at,0.35798117,0.10545002,,,,
1565886_at,0.35798122,0.1852601,,,,
230277_at,0.35798591,0.17533945,,,,
216382_s_at,0.35803758,-0.08250079,,,,
224730_at,0.35804943,0.14364024,,,,
1569830_at,0.35806085,-0.10994964,,,,
238419_at,0.35808339,0.2584698,,,,
1559709_at,0.35812185,0.04701233,,,,
240167_at,0.35812481,0.05526235,,,,
237081_at,0.358132,0.17059156,,,,
211305_x_at,0.35814462,-0.04633293,,,,
225772_s_at,0.35816621,0.12075409,,,,
1559509_at,0.35819435,-0.11706953,,,,
215985_at,0.3582103,0.11734943,,,,
232152_at,0.35821253,-0.05954912,,,,
234774_at,0.3582443,-0.06638046,,,,
215775_at,0.3582702,0.05476644,,,,
218971_s_at,0.35831323,0.17564803,,,,
216120_s_at,0.35832154,0.27052884,,,,
237508_at,0.35833374,-0.04733333,,,,
241636_x_at,0.35835143,-0.08327216,,,,
222828_at,0.35835847,-0.06177053,,,,
214728_x_at,0.3584005,-0.14181019,,,,
242176_at,0.35840094,0.15340418,,,,
221998_s_at,0.35841914,-0.14643948,,,,
1556103_at,0.35842094,-0.08732209,,,,
222364_at,0.35842285,-0.18348197,,,,
230958_s_at,0.35842572,0.28853512,,,,
232020_at,0.35848497,0.22831277,,,,
222901_s_at,0.35849979,-0.07468768,,,,
243537_at,0.35850193,0.10689528,,,,
210726_at,0.35852404,0.0832319,,,,
1558080_s_at,0.3585459,-0.2075443,,,,
225054_x_at,0.35855533,0.11601301,,,,
242159_at,0.35856466,-0.05567943,,,,
237495_at,0.35865494,-0.08577078,,,,
1557772_at,0.35869429,0.04825841,,,,
220160_s_at,0.35871034,0.15828866,,,,
222890_at,0.3587553,0.30959079,,,,
204526_s_at,0.358763,0.23895425,,,,
244114_x_at,0.35876924,0.27226379,,,,
1555897_at,0.35880385,-0.18445188,,,,
201716_at,0.35882614,-0.12188719,,,,
216420_at,0.35884607,-0.04023979,,,,
210969_at,0.35884842,-0.05053116,,,,
209063_x_at,0.35886728,0.1190025,,,,
231364_at,0.35887315,0.08198957,,,,
229761_at,0.35890142,0.25783024,,,,
1554633_a_at,0.35904998,-0.0680972,,,,
1560453_at,0.35905218,-0.04830977,,,,
238096_at,0.35907933,0.14826448,,,,
1569933_at,0.35910601,-0.05344944,,,,
226625_at,0.35916641,0.41669742,,,,
204454_at,0.35917199,0.31837492,,,,
1552715_a_at,0.35920366,-0.11303309,,,,
209675_s_at,0.3592099,-0.15951427,,,,
212812_at,0.35922866,-0.22175177,,,,
206425_s_at,0.35925077,-0.05228158,,,,
234784_at,0.3592512,-0.05472643,,,,
1563466_at,0.3592533,0.06317268,,,,
212373_at,0.35926079,0.15695308,,,,
239437_at,0.35926467,0.14976909,,,,
1566038_at,0.35926479,-0.05938959,,,,
212247_at,0.35927612,0.15319197,,,,
218989_x_at,0.35930456,0.11803458,,,,
236299_at,0.35931086,0.06820147,,,,
201900_s_at,0.35932291,-0.13658986,,,,
231634_at,0.35935493,-0.06083827,,,,
232389_at,0.359392,0.08129776,,,,
228194_s_at,0.35940112,-0.22109528,,,,
1553625_at,0.35940359,0.03693651,,,,
228580_at,0.35942069,0.19483632,,,,
233929_x_at,0.35942329,0.13376847,,,,
226639_at,0.35945655,0.11351269,,,,
1567687_at,0.35946689,-0.05644203,,,,
238643_at,0.35952258,-0.07566105,,,,
1566606_a_at,0.35953142,-0.03976066,,,,
242376_at,0.35956912,0.10481136,,,,
218475_at,0.35958045,-0.07123912,,,,
205287_s_at,0.35959509,0.31549911,,,,
232372_at,0.35960748,0.08557941,,,,
206338_at,0.35962268,0.08902967,,,,
1552315_at,0.35962595,-0.19333523,,,,
229752_at,0.35964093,-0.09786189,,,,
225658_at,0.35968457,0.17004134,,,,
225398_at,0.35969001,-0.14080736,,,,
216438_s_at,0.35969124,-0.08416048,,,,
1555996_s_at,0.3597185,-0.24646021,,,,
220119_at,0.35971974,-0.18037982,,,,
211724_x_at,0.35974509,0.116774,,,,
227618_at,0.35975091,0.25922553,,,,
206344_at,0.35975463,0.48569496,,,,
201335_s_at,0.35976159,0.16647536,,,,
213535_s_at,0.35981932,-0.13719879,,,,
204043_at,0.3598287,-0.17596981,,,,
231747_at,0.35984576,-0.25562889,,,,
201051_at,0.35985443,0.10959164,,,,
229674_at,0.35985908,0.40193919,,,,
236868_at,0.35986899,-0.04949852,,,,
221430_s_at,0.35987472,-0.1469073,,,,
213724_s_at,0.35988498,-0.14648224,,,,
204332_s_at,0.35989336,0.1574382,,,,
1566256_s_at,0.35990862,0.10141459,,,,
220430_at,0.35995997,0.10813991,,,,
234954_at,0.35996684,-0.13367315,,,,
244640_at,0.35997484,0.21060244,,,,
203039_s_at,0.35998659,0.14574317,,,,
224664_at,0.35998723,0.09555469,,,,
1558445_at,0.35999381,0.18326,,,,
236548_at,0.3599995,-0.4682735,,,,
211531_x_at,0.36006839,-0.09795173,,,,
1553947_at,0.36007467,-0.18133935,,,,
212600_s_at,0.36009696,-0.11795021,,,,
228512_at,0.36011054,0.17699696,,,,
201011_at,0.36016146,0.10470272,,,,
230653_at,0.36018345,0.29612893,,,,
226736_at,0.36021408,0.21141009,,,,
207084_at,0.36022425,0.13223136,,,,
239550_at,0.36023632,-0.07091808,,,,
229935_s_at,0.36024725,-0.07098589,,,,
243394_at,0.3603012,-0.07791008,,,,
230520_at,0.36032291,0.16998576,,,,
1553507_a_at,0.3603321,-0.0633256,,,,
242186_x_at,0.36033383,-0.1063571,,,,
215055_at,0.36033635,0.0832793,,,,
202204_s_at,0.36033699,-0.13572166,,,,
230936_at,0.36040089,-0.14151675,,,,
237812_at,0.36041965,-0.04221311,,,,
1558502_s_at,0.36043306,-0.07958189,,,,
219704_at,0.36045931,-0.12076879,,,,
208003_s_at,0.36054239,0.25376167,,,,
1561034_at,0.3605699,-0.05777436,,,,
1552293_at,0.36058798,-0.04962187,,,,
242296_x_at,0.36059714,-0.04217926,,,,
241987_x_at,0.36059772,0.08213938,,,,
240410_at,0.36060182,-0.09438759,,,,
238889_at,0.36061519,0.14784277,,,,
226561_at,0.36063043,0.16443869,,,,
206552_s_at,0.36063212,0.46359898,,,,
204073_s_at,0.36066438,-0.31563191,,,,
218276_s_at,0.36066881,0.15800437,,,,
241122_s_at,0.36067694,0.04925686,,,,
216432_at,0.36067802,-0.06629124,,,,
1569664_at,0.36068343,0.07431016,,,,
212630_at,0.36069102,-0.19571692,,,,
205524_s_at,0.36069209,0.18673049,,,,
1553747_at,0.3607002,-0.17141212,,,,
229188_s_at,0.36070957,-0.12444745,,,,
216152_at,0.36072992,-0.06604541,,,,
235633_at,0.36075817,-0.07212607,,,,
210934_at,0.36078125,-0.05815303,,,,
239321_at,0.3607817,0.04104896,,,,
1558124_at,0.36078543,-0.05577715,,,,
1558459_s_at,0.36083622,-0.12744198,,,,
1569958_at,0.36084296,0.0463025,,,,
208356_x_at,0.36088872,-0.06466007,,,,
218512_at,0.36089977,0.17095454,,,,
244734_at,0.36092483,0.15147303,,,,
224646_x_at,0.36096302,0.57278099,,,,
209940_at,0.36097361,-0.14216888,,,,
216513_at,0.36098102,0.15057634,,,,
1562388_at,0.36099803,-0.05704002,,,,
241145_at,0.36100024,-0.04847683,,,,
233394_at,0.36101756,-0.04832907,,,,
225594_at,0.36102854,0.21985259,,,,
229019_at,0.36105334,-0.31791232,,,,
230379_x_at,0.3610771,0.13584162,,,,
240002_at,0.36109825,-0.06690772,,,,
34225_at,0.36112411,0.10319849,,,,
239752_at,0.36116461,-0.38796874,,,,
244716_x_at,0.36116798,-0.06542809,,,,
200952_s_at,0.36117985,-0.32000573,,,,
230646_at,0.36118425,-0.08562542,,,,
1560503_a_at,0.36122384,0.13307304,,,,
242685_at,0.36122831,0.13623851,,,,
236826_at,0.36124473,-0.15893333,,,,
240171_at,0.36125251,-0.07404566,,,,
221058_s_at,0.36126886,-0.12975026,,,,
238923_at,0.36128029,0.08952478,,,,
204870_s_at,0.36131042,-0.08563272,,,,
204344_s_at,0.3613347,-0.16752317,,,,
219394_at,0.36139116,0.12034792,,,,
229401_at,0.3613926,-0.05560881,,,,
219638_at,0.36144685,0.13204104,,,,
243365_s_at,0.36146018,0.12847542,,,,
48808_at,0.36148207,0.20901857,,,,
229325_at,0.361496,0.12512824,,,,
218511_s_at,0.36152751,0.17667264,,,,
231784_s_at,0.36161208,0.19935215,,,,
230370_x_at,0.36163457,-0.1610694,,,,
1565583_at,0.36166266,-0.05235876,,,,
216532_x_at,0.36168238,0.0977117,,,,
242949_x_at,0.36172469,0.08164536,,,,
217734_s_at,0.36173957,-0.12469055,,,,
241242_at,0.36174496,0.09270967,,,,
212859_x_at,0.36178532,0.34364266,,,,
214706_at,0.36178742,0.104996,,,,
1554766_s_at,0.36179542,0.16227128,,,,
225800_at,0.36183845,0.23964565,,,,
240612_at,0.36188001,-0.0574554,,,,
240995_at,0.36190484,-0.04123001,,,,
207711_at,0.36191905,0.14005156,,,,
243555_at,0.36196554,-0.27295692,,,,
240731_at,0.36199431,-0.05000068,,,,
236579_at,0.36200464,-0.10308095,,,,
202980_s_at,0.36203144,-0.17822058,,,,
244613_at,0.36203224,0.06891038,,,,
232164_s_at,0.36203936,0.51538195,,,,
237237_at,0.36213977,0.16632458,,,,
222699_s_at,0.36214364,-0.27499987,,,,
241315_at,0.36214712,-0.05304931,,,,
218145_at,0.36216296,0.26038025,,,,
1562332_at,0.36216588,-0.04374264,,,,
230896_at,0.36217334,-0.15573348,,,,
234664_at,0.36219104,-0.08117802,,,,
201591_s_at,0.36219652,-0.13627435,,,,
213176_s_at,0.36219825,-0.14509357,,,,
219877_at,0.36221028,0.10589812,,,,
201349_at,0.36221691,0.26815536,,,,
228103_s_at,0.36221954,-0.09579629,,,,
1559315_s_at,0.36221996,0.08128591,,,,
232180_at,0.36222903,0.15126149,,,,
237186_at,0.36225687,-0.21076141,,,,
213992_at,0.36227537,0.37758669,,,,
231412_at,0.36227772,0.11090788,,,,
214171_s_at,0.36229843,-0.08416106,,,,
224261_at,0.36230671,-0.10731346,,,,
217109_at,0.36230896,-0.49886176,,,,
203682_s_at,0.36231597,0.21589858,,,,
212272_at,0.36232083,-0.19137201,,,,
236629_at,0.36233077,-0.09339294,,,,
234677_at,0.36234313,-0.06606834,,,,
223109_at,0.362354,0.13028775,,,,
202724_s_at,0.36238676,0.22375385,,,,
1553166_at,0.36243497,-0.08311398,,,,
1569153_at,0.36248582,-0.10232438,,,,
215287_at,0.36252028,0.19115393,,,,
1569746_s_at,0.3625255,-0.06444958,,,,
242976_at,0.36254681,-0.05711097,,,,
219539_at,0.36259824,0.13382507,,,,
219049_at,0.36260652,0.32931854,,,,
1558062_at,0.36263196,-0.06436676,,,,
238623_at,0.3626522,0.41057067,,,,
1561863_a_at,0.36265314,0.03908025,,,,
1558796_a_at,0.36269797,-0.07884058,,,,
229684_s_at,0.36270855,-0.19017886,,,,
213554_s_at,0.36270977,-0.13818205,,,,
210564_x_at,0.36271828,-0.16997118,,,,
230878_s_at,0.36272269,-0.04598993,,,,
218146_at,0.36279711,0.09858514,,,,
228934_x_at,0.36280448,0.06186105,,,,
207206_s_at,0.36283564,-0.11877288,,,,
209570_s_at,0.36285348,0.38517129,,,,
1556131_s_at,0.36291431,-0.06614939,,,,
207985_at,0.36292564,-0.05882215,,,,
202499_s_at,0.36295162,-0.36687914,,,,
224157_at,0.36298573,0.05764932,,,,
209440_at,0.36298591,0.0975617,,,,
217778_at,0.36300253,0.08830443,,,,
205190_at,0.36301228,-0.60417664,,,,
208718_at,0.36301537,-0.08948339,,,,
231382_at,0.36301787,0.39907445,,,,
1564940_at,0.36303521,0.09229256,,,,
235314_at,0.36303938,0.11614669,,,,
1561213_at,0.3630555,-0.03715682,,,,
1557598_at,0.36306512,-0.07951529,,,,
1562137_at,0.3630717,-0.04529565,,,,
236517_at,0.36308527,0.25077753,,,,
231977_at,0.3631014,-0.05906455,,,,
229598_at,0.36310246,0.2162526,,,,
217370_x_at,0.36310788,-0.16306024,,,,
201665_x_at,0.36311201,0.07397782,,,,
207255_at,0.36320651,0.25394446,,,,
1554483_at,0.36321858,-0.20688221,,,,
1560979_a_at,0.36326474,-0.03802104,,,,
228609_at,0.36331389,-0.07025005,,,,
1561732_at,0.36333354,-0.04861146,,,,
242612_at,0.36333469,0.11300423,,,,
225574_at,0.36335503,0.17407504,,,,
212185_x_at,0.36337948,0.28419525,,,,
237886_at,0.36347539,-0.05597282,,,,
226374_at,0.36350474,0.41850115,,,,
232032_x_at,0.36351426,-0.12096299,,,,
216439_at,0.36354432,0.06711857,,,,
1570301_at,0.36361369,-0.12184025,,,,
236744_at,0.36361869,-0.07197497,,,,
206619_at,0.36362857,-0.2214662,,,,
1565825_at,0.36365501,-0.04618217,,,,
243177_at,0.36366256,-0.04856669,,,,
210208_x_at,0.36369117,0.11070324,,,,
209703_x_at,0.36369905,0.1925999,,,,
226163_at,0.36370423,0.10011327,,,,
244066_at,0.36370554,-0.09997691,,,,
202564_x_at,0.36371553,-0.14996565,,,,
207514_s_at,0.36374581,-0.06516141,,,,
213712_at,0.36375499,0.46819689,,,,
212315_s_at,0.36380138,0.21017764,,,,
241167_at,0.36380953,-0.06061503,,,,
1554292_a_at,0.36382825,0.13047334,,,,
1562311_at,0.3638393,-0.05168315,,,,
230666_at,0.36385545,-0.26449669,,,,
44702_at,0.36395129,0.11018062,,,,
233992_x_at,0.36395629,-0.06154489,,,,
232172_at,0.36397155,0.16972164,,,,
226141_at,0.36401528,0.14798369,,,,
41220_at,0.36401581,0.09890156,,,,
1552604_at,0.36407667,-0.05843758,,,,
202517_at,0.36410747,-0.1690951,,,,
213407_at,0.3641268,0.1453566,,,,
1556828_at,0.36415406,0.06218163,,,,
209930_s_at,0.36416666,-0.15552288,,,,
236988_x_at,0.36419207,0.18024976,,,,
243178_at,0.36420545,0.14048755,,,,
211042_x_at,0.36420856,0.22765754,,,,
215555_at,0.36421108,-0.08951615,,,,
236043_at,0.36421304,-0.05767693,,,,
227174_at,0.36424329,-0.70945151,,,,
226990_at,0.36425908,0.17186386,,,,
235675_at,0.36429681,0.13327804,,,,
1559822_s_at,0.36431945,-0.13137741,,,,
212567_s_at,0.36434629,-0.12278783,,,,
205148_s_at,0.36435372,-0.13483521,,,,
207364_at,0.36437164,-0.06004148,,,,
209059_s_at,0.36437518,-0.09761332,,,,
39817_s_at,0.36438164,0.15818957,,,,
234329_at,0.36438852,-0.04417711,,,,
1561989_at,0.36442078,-0.0629606,,,,
210068_s_at,0.36444056,-0.22418776,,,,
242344_at,0.36453166,-0.3261188,,,,
243108_at,0.36454539,0.07448763,,,,
1556554_at,0.36455431,0.1316528,,,,
230059_at,0.36457639,-0.0558965,,,,
201509_at,0.36462435,0.11719079,,,,
218404_at,0.36462459,-0.27087734,,,,
233419_at,0.36464299,-0.05040575,,,,
218948_at,0.36464637,-0.20733231,,,,
208427_s_at,0.36466242,-0.23192321,,,,
1555020_a_at,0.36469952,-0.07449145,,,,
218008_at,0.36471599,0.08634343,,,,
205805_s_at,0.36474799,0.34999866,,,,
200879_s_at,0.36475224,-0.20293287,,,,
205836_s_at,0.36475232,-0.15447716,,,,
219506_at,0.36475623,0.21563005,,,,
206567_s_at,0.36476646,-0.14302974,,,,
1565875_at,0.36477073,0.04494213,,,,
208541_x_at,0.3647803,0.14793942,,,,
238495_at,0.36479717,-0.14186198,,,,
1557840_at,0.36480466,-0.05268581,,,,
230086_at,0.36480848,-0.07457215,,,,
1556844_at,0.36483002,-0.05088013,,,,
233172_at,0.36483347,-0.06105858,,,,
244291_x_at,0.36485278,0.08240441,,,,
1558225_at,0.36488494,-0.0483962,,,,
203790_s_at,0.36490105,0.39674228,,,,
243044_at,0.36498519,-0.05866679,,,,
222493_s_at,0.3649875,0.13456625,,,,
216644_at,0.3650158,-0.06979548,,,,
223502_s_at,0.36503493,-0.26277158,,,,
212772_s_at,0.36504006,0.11590699,,,,
243454_at,0.36507033,-0.10627446,,,,
230290_at,0.36511358,0.15401885,,,,
205319_at,0.36513187,0.40023138,,,,
210033_s_at,0.3651404,-0.24024964,,,,
228588_s_at,0.36517146,-0.12673711,,,,
206412_at,0.36518866,-0.17674326,,,,
216261_at,0.3651962,-0.12610397,,,,
1567031_at,0.36521755,-0.08145257,,,,
224058_s_at,0.36523248,-0.07208164,,,,
240222_at,0.36527617,-0.06703572,,,,
205720_at,0.36530057,0.09721368,,,,
222536_s_at,0.36530561,0.11272162,,,,
239108_at,0.36531399,-0.43676919,,,,
224287_at,0.36534122,-0.0564152,,,,
224166_at,0.36535533,-0.06584164,,,,
204648_at,0.36538732,0.15611702,,,,
201126_s_at,0.36541232,-0.13864725,,,,
205562_at,0.36545801,0.13138447,,,,
1566624_at,0.3655023,-0.04163659,,,,
1567022_at,0.36550365,0.04889607,,,,
1555752_at,0.3655085,-0.0604238,,,,
239903_at,0.3655938,0.26067081,,,,
1559282_at,0.36560278,0.09010701,,,,
211773_s_at,0.36561229,0.09088543,,,,
212187_x_at,0.36562051,-0.42526875,,,,
215705_at,0.36565497,-0.09652365,,,,
220195_at,0.36569184,0.13825798,,,,
211559_s_at,0.36571745,-0.26066327,,,,
1552487_a_at,0.36571956,0.4972651,,,,
235777_at,0.36577426,-0.15844598,,,,
218602_s_at,0.36579523,0.15577432,,,,
228928_x_at,0.36582921,0.10143537,,,,
222168_at,0.36583134,0.10331022,,,,
216078_at,0.36586334,-0.05106081,,,,
239988_at,0.36590813,-0.0848183,,,,
230578_at,0.36595165,0.25222791,,,,
206323_x_at,0.36596581,-0.08731338,,,,
227880_s_at,0.36596604,0.16620823,,,,
218709_s_at,0.36597895,0.13881719,,,,
204013_s_at,0.36600471,0.04771835,,,,
1561288_at,0.36601439,0.04471649,,,,
243220_at,0.36601504,-0.10354669,,,,
235085_at,0.36601646,-0.20074573,,,,
205054_at,0.36601754,0.49124938,,,,
213543_at,0.36601972,0.3217807,,,,
1563696_at,0.36602823,-0.04533252,,,,
1556706_at,0.36603814,-0.06689542,,,,
234659_at,0.3660412,-0.06424606,,,,
232955_at,0.36606959,-0.04766095,,,,
206440_at,0.36607037,0.25617707,,,,
214023_x_at,0.36608543,0.43743469,,,,
212197_x_at,0.36609894,0.144566,,,,
1552256_a_at,0.36610364,0.29638916,,,,
1559151_at,0.36612808,0.08466259,,,,
208599_at,0.36614418,0.05073412,,,,
208314_at,0.3661521,-0.06017499,,,,
1569582_at,0.36618464,0.36098589,,,,
242626_at,0.36624176,0.22192201,,,,
241995_at,0.36624949,-0.04964883,,,,
233956_at,0.36625153,-0.07958554,,,,
204895_x_at,0.36627397,-0.26769425,,,,
216553_x_at,0.36629502,-0.05502302,,,,
208106_x_at,0.36630277,-0.09820824,,,,
1554181_at,0.36631201,0.05044113,,,,
212940_at,0.36635836,0.26990321,,,,
234023_s_at,0.3664227,0.09590096,,,,
241021_at,0.36643458,-0.07992282,,,,
200626_s_at,0.36644532,0.09378661,,,,
216056_at,0.36647901,-0.06937387,,,,
208141_s_at,0.36649552,0.09594782,,,,
218349_s_at,0.36650842,0.20669557,,,,
216527_at,0.3665088,0.15171393,,,,
207682_s_at,0.36652386,0.08521423,,,,
241106_at,0.36652514,0.05923791,,,,
206982_at,0.36655114,-0.05231107,,,,
223292_s_at,0.36658183,-0.28147878,,,,
230648_at,0.36659078,-0.07374165,,,,
1552274_at,0.36659801,-0.17616152,,,,
240105_at,0.36661587,0.10298691,,,,
1562523_at,0.36662216,-0.06181589,,,,
1556815_at,0.36665982,-0.04703374,,,,
205014_at,0.36670647,-0.44613526,,,,
209968_s_at,0.36671026,-0.07309818,,,,
202835_at,0.36672862,0.08014326,,,,
224104_at,0.36676758,-0.05327645,,,,
221521_s_at,0.3667876,0.26282104,,,,
241576_at,0.36688722,-0.06452129,,,,
223607_x_at,0.36689319,-0.09556357,,,,
223306_at,0.36693665,0.16665403,,,,
224789_at,0.366974,-0.12129859,,,,
230979_at,0.36701341,0.08461352,,,,
241451_s_at,0.36701713,-0.04855331,,,,
1558747_at,0.36701861,0.21408076,,,,
241381_at,0.36703874,-0.11459106,,,,
227838_at,0.36704072,-0.24092054,,,,
204482_at,0.36704246,0.20422541,,,,
219365_s_at,0.36706333,-0.09655903,,,,
211232_x_at,0.36706903,-0.05408148,,,,
214899_at,0.36708423,0.04176052,,,,
205348_s_at,0.36709536,0.24856292,,,,
217790_s_at,0.36710788,0.14753274,,,,
1556247_a_at,0.36712013,-0.06735932,,,,
201026_at,0.36718537,-0.14175046,,,,
208200_at,0.3671867,0.07151335,,,,
231710_at,0.36727714,0.08832005,,,,
217345_at,0.3672924,-0.0406493,,,,
1570127_at,0.36732051,0.05707259,,,,
241060_x_at,0.36734668,0.15859054,,,,
235162_at,0.36741552,0.14153996,,,,
214377_s_at,0.36741663,-0.06207748,,,,
1555474_at,0.36742725,-0.06426721,,,,
205296_at,0.3674358,-0.18300804,,,,
244702_at,0.3674485,-0.07430809,,,,
1560932_at,0.36745484,-0.04573685,,,,
201079_at,0.36746925,-0.23478619,,,,
1557285_at,0.36748172,-0.12717413,,,,
205142_x_at,0.36755343,-0.10005008,,,,
231872_at,0.36758482,0.24032683,,,,
234431_at,0.36759841,0.07196447,,,,
243541_at,0.36761317,-0.18143042,,,,
239826_at,0.36763141,0.06584822,,,,
1563088_a_at,0.36763968,0.17489051,,,,
237717_x_at,0.3676466,-0.03374037,,,,
221061_at,0.36766655,-0.08961345,,,,
242163_at,0.36766725,0.13210547,,,,
236242_at,0.36768269,0.13121314,,,,
205611_at,0.36768749,-0.15147883,,,,
202219_at,0.36769794,-0.29960202,,,,
1560531_at,0.3677065,0.28847264,,,,
218283_at,0.3677165,0.09109182,,,,
216557_x_at,0.36772057,-0.38481393,,,,
222542_x_at,0.36772164,-0.20164966,,,,
228974_at,0.36772496,0.33826389,,,,
1555391_a_at,0.36772581,0.05786623,,,,
212587_s_at,0.3677331,-0.3060362,,,,
203549_s_at,0.36773758,-0.43852942,,,,
1561387_a_at,0.36782805,-0.22478785,,,,
200901_s_at,0.36784344,-0.10776932,,,,
206942_s_at,0.3678764,-0.18195628,,,,
225139_at,0.3678792,0.13039458,,,,
230186_at,0.36788928,0.13873525,,,,
207331_at,0.36790092,-0.05333625,,,,
244194_at,0.36790139,-0.11238157,,,,
228693_at,0.36790598,0.2267783,,,,
1570051_at,0.36791084,0.04891216,,,,
230289_at,0.36791276,-0.04183698,,,,
204508_s_at,0.36791969,-0.46502459,,,,
222648_at,0.36792025,-0.06386144,,,,
243406_at,0.36794324,-0.04186238,,,,
202840_at,0.36796009,-0.09374348,,,,
1559932_at,0.36801641,-0.06722105,,,,
231363_at,0.36805275,-0.04721315,,,,
240200_at,0.36808412,-0.07938988,,,,
232370_at,0.36813333,0.19671263,,,,
1569819_at,0.36814429,-0.04674367,,,,
1554286_at,0.36816565,-0.07551888,,,,
226114_at,0.36818018,0.20039623,,,,
235948_at,0.36819364,-0.13286939,,,,
209233_at,0.36819647,0.11966879,,,,
218655_s_at,0.36819682,-0.08546427,,,,
216497_at,0.36819742,-0.09490571,,,,
239866_at,0.36820626,0.16980206,,,,
222858_s_at,0.36822847,-0.25709042,,,,
228426_at,0.36823049,-0.04337049,,,,
213191_at,0.36824248,-0.13463787,,,,
212700_x_at,0.36826346,0.07066742,,,,
222210_at,0.36831004,-0.06374646,,,,
204621_s_at,0.36832206,0.24302157,,,,
225487_at,0.36832407,-0.12308529,,,,
1559864_at,0.36833843,-0.06716552,,,,
203550_s_at,0.36834178,0.11673436,,,,
218553_s_at,0.36834231,0.15387474,,,,
1561027_at,0.36838398,-0.05919673,,,,
205963_s_at,0.36838914,-0.13879921,,,,
219771_at,0.36847146,-0.22579628,,,,
226262_at,0.36847463,0.1109172,,,,
221885_at,0.36850879,0.19406447,,,,
206967_at,0.36853627,0.09810831,,,,
221053_s_at,0.36855035,-0.11933284,,,,
227419_x_at,0.36858977,0.39719136,,,,
210055_at,0.36861878,-0.05242198,,,,
208489_at,0.36861905,-0.08532166,,,,
232689_at,0.36864752,-0.0427924,,,,
1554471_a_at,0.36867959,-0.13474314,,,,
229563_s_at,0.36870736,0.04362045,,,,
241359_at,0.36870929,0.20728531,,,,
230881_at,0.36870989,-0.04583364,,,,
236200_at,0.36870998,0.12301094,,,,
210317_s_at,0.36872388,-0.25944134,,,,
216915_s_at,0.36876358,-0.25810766,,,,
241796_x_at,0.3687732,-0.03479544,,,,
1557921_s_at,0.36877381,-0.05316121,,,,
1561908_a_at,0.36878442,-0.05741074,,,,
238441_at,0.36881964,0.41357613,,,,
1557553_at,0.36883235,0.14089736,,,,
201993_x_at,0.36883824,0.10375509,,,,
236100_at,0.3688537,-0.06151846,,,,
237933_at,0.36885409,-0.09134245,,,,
235045_at,0.36887319,0.13888623,,,,
227497_at,0.36889905,0.30746737,,,,
232259_s_at,0.3689401,0.14109845,,,,
235952_at,0.36898598,-0.16337417,,,,
205987_at,0.3689888,-0.2186841,,,,
1553430_a_at,0.36900767,0.17683008,,,,
212712_at,0.36907878,0.16623256,,,,
232885_at,0.36910361,-0.06446228,,,,
219133_at,0.36911255,0.12859011,,,,
215556_at,0.36911524,-0.05227209,,,,
1560091_a_at,0.36914985,-0.09700672,,,,
227284_at,0.36920609,0.11441948,,,,
207017_at,0.36924647,0.18418656,,,,
226506_at,0.36926365,-0.25632477,,,,
203212_s_at,0.36931966,0.13911385,,,,
220654_at,0.36935392,-0.05925217,,,,
209214_s_at,0.36936981,-0.07683529,,,,
212366_at,0.3694036,0.18225703,,,,
1562932_at,0.36940955,-0.04821206,,,,
244343_at,0.36941174,0.06029814,,,,
221533_at,0.36943618,-0.07494161,,,,
219145_at,0.36943716,-0.12738271,,,,
227511_at,0.36943974,-0.12644378,,,,
227788_at,0.36947508,0.11509881,,,,
200603_at,0.3695025,0.12197554,,,,
1553684_at,0.36954254,0.13545052,,,,
219682_s_at,0.3695469,0.39922805,,,,
212515_s_at,0.36956426,-0.1016555,,,,
211487_x_at,0.36965754,0.07143545,,,,
233052_at,0.36966402,0.06956101,,,,
229988_at,0.36967639,-0.06491873,,,,
216485_s_at,0.36969671,-0.05684793,,,,
227606_s_at,0.36971074,-0.26645616,,,,
204820_s_at,0.3697235,-0.22498561,,,,
242180_at,0.36974133,-0.07541122,,,,
209087_x_at,0.36975681,0.22909273,,,,
240054_at,0.36978369,-0.09261984,,,,
205311_at,0.36979598,-0.56002602,,,,
235915_at,0.36982446,0.63214743,,,,
1562190_at,0.3698607,0.0404594,,,,
230210_at,0.36986323,-0.09524558,,,,
212824_at,0.36986527,-0.08110369,,,,
241985_at,0.36988645,0.19297928,,,,
218758_s_at,0.36992435,0.11146516,,,,
201439_at,0.36995109,-0.09755057,,,,
221062_at,0.36997522,0.07901355,,,,
225051_at,0.3699865,-0.15741757,,,,
218250_s_at,0.37000025,0.11245977,,,,
1562349_at,0.37000258,-0.04540729,,,,
40284_at,0.37003642,-0.44399741,,,,
216097_at,0.37005681,-0.03891637,,,,
230761_at,0.37006172,-0.07590599,,,,
205230_at,0.37007576,-0.05517716,,,,
1570515_a_at,0.37007585,0.27988975,,,,
1553329_at,0.37009639,-0.04615961,,,,
233724_at,0.37012189,0.05426162,,,,
218899_s_at,0.37013854,0.2318926,,,,
204511_at,0.37016467,-0.15707329,,,,
204488_at,0.37017271,0.09774966,,,,
237588_at,0.37018914,-0.04484908,,,,
201652_at,0.3701948,0.13021671,,,,
244425_at,0.37019587,-0.11941846,,,,
221938_x_at,0.37021584,-0.10093432,,,,
221591_s_at,0.37021827,0.17215631,,,,
227781_x_at,0.37023242,-0.09260557,,,,
232860_x_at,0.37023271,-0.11356485,,,,
215783_s_at,0.37024299,-0.23807407,,,,
205541_s_at,0.37026017,0.31564882,,,,
214164_x_at,0.37026846,-0.4732074,,,,
221411_at,0.37033762,0.05115072,,,,
225512_at,0.37033872,-0.16498049,,,,
229681_at,0.37034026,-0.07204083,,,,
1565265_at,0.37034135,-0.04836064,,,,
239808_at,0.37038945,0.10098435,,,,
1567028_s_at,0.37042616,0.08418849,,,,
241286_at,0.37042657,-0.05796978,,,,
208076_at,0.37043625,0.07184556,,,,
225040_s_at,0.37045705,0.12279521,,,,
243940_at,0.37046205,0.30032092,,,,
220122_at,0.37053943,0.30665125,,,,
1560954_at,0.37055999,0.05652881,,,,
244324_at,0.37056299,0.17960862,,,,
227126_at,0.37059237,0.23116432,,,,
241139_at,0.37067721,0.03985549,,,,
244392_at,0.37069385,-0.04945594,,,,
218644_at,0.37069778,-0.27762785,,,,
222919_at,0.37074859,0.40795122,,,,
212633_at,0.37074866,0.13425101,,,,
1557646_at,0.3707606,-0.03829435,,,,
224169_at,0.37076597,-0.15254132,,,,
1556781_at,0.37077897,-0.04008876,,,,
216207_x_at,0.37078133,-0.44115308,,,,
214531_s_at,0.37079939,-0.14035977,,,,
202349_at,0.37084372,0.09572015,,,,
203917_at,0.37085351,0.42234827,,,,
207689_at,0.37087752,-0.08231156,,,,
208929_x_at,0.370907,-0.07363859,,,,
244049_at,0.37090793,0.09322216,,,,
204180_s_at,0.3709208,0.13739075,,,,
235309_at,0.37092219,-0.19567346,,,,
200607_s_at,0.37095265,-0.21740719,,,,
215560_x_at,0.37095852,0.06018741,,,,
219411_at,0.37096986,-0.25916792,,,,
235344_at,0.37098053,-0.12335423,,,,
238912_x_at,0.37098646,0.14929755,,,,
203244_at,0.37108244,0.11309085,,,,
219340_s_at,0.37108652,-0.14113633,,,,
243815_at,0.37115567,0.10565334,,,,
239840_at,0.37116265,-0.0576208,,,,
40273_at,0.37121307,-0.09928092,,,,
238279_x_at,0.37121458,0.07186075,,,,
241959_at,0.37122903,0.18054772,,,,
242078_at,0.371232,-0.08167092,,,,
57532_at,0.37124522,0.10520286,,,,
225822_at,0.37127272,-0.37049623,,,,
1559148_at,0.37127323,-0.08509728,,,,
1559965_at,0.3713146,0.16866542,,,,
229362_at,0.37132392,0.13894896,,,,
212902_at,0.37132751,0.16212376,,,,
1557892_at,0.37134478,-0.06893979,,,,
232524_x_at,0.3713491,0.11538633,,,,
237838_at,0.37135028,-0.04824151,,,,
212423_at,0.37137896,0.28370471,,,,
1553812_at,0.37140032,-0.09830775,,,,
1556648_a_at,0.37144686,-0.05089829,,,,
218427_at,0.37149447,-0.11836595,,,,
234006_s_at,0.37149903,-0.06225893,,,,
214254_at,0.37157755,-0.38355767,,,,
241119_at,0.37167782,-0.05196079,,,,
217546_at,0.37169754,0.56177415,,,,
232951_at,0.37170618,0.13756368,,,,
219825_at,0.37175605,0.37893505,,,,
233265_at,0.37175637,0.09280544,,,,
236160_at,0.37176654,-0.1084597,,,,
206541_at,0.37176667,0.49969995,,,,
222252_x_at,0.37178904,0.07452727,,,,
203969_at,0.37179399,0.06315226,,,,
228106_at,0.3718454,-0.16179552,,,,
228211_at,0.37185972,0.10813681,,,,
240695_at,0.37186714,0.05066532,,,,
219424_at,0.37188607,-0.14255919,,,,
232687_at,0.37189213,-0.25381807,,,,
213349_at,0.37191041,0.17516367,,,,
215278_at,0.37193708,-0.05372646,,,,
223458_at,0.37194888,-0.17694777,,,,
221249_s_at,0.37195736,0.13083759,,,,
209973_at,0.371962,0.09987514,,,,
210645_s_at,0.37199279,0.13192614,,,,
227472_at,0.37204208,-0.07743713,,,,
222115_x_at,0.37206459,-0.10203572,,,,
209718_at,0.37208699,-0.07128068,,,,
229414_at,0.37213157,0.19580677,,,,
229963_at,0.37216536,0.36294803,,,,
203978_at,0.37218172,-0.12277456,,,,
1555405_at,0.37220534,-0.05843307,,,,
244818_at,0.37220629,-0.06500336,,,,
220598_at,0.37222361,0.09570041,,,,
241111_at,0.37223713,0.1227145,,,,
200020_at,0.37223735,0.06889227,,,,
240713_s_at,0.37225058,-0.1154157,,,,
1568733_at,0.37228923,-0.1187604,,,,
213345_at,0.37231672,0.10378237,,,,
222916_s_at,0.37234442,-0.15708113,,,,
216294_s_at,0.37238679,-0.07266806,,,,
233911_s_at,0.3723883,0.13037131,,,,
208132_x_at,0.37239275,0.11503415,,,,
234702_x_at,0.3724175,-0.0424948,,,,
233768_at,0.37247054,-0.07969403,,,,
213672_at,0.37247256,-0.14992887,,,,
226040_at,0.37247734,-0.15893295,,,,
218290_at,0.3725125,-0.13548553,,,,
203297_s_at,0.37253075,0.17440499,,,,
211875_x_at,0.37253756,-0.10372669,,,,
202692_s_at,0.3725446,0.08925809,,,,
1560686_at,0.37254912,-0.09873511,,,,
231573_at,0.37255437,0.08553227,,,,
232694_at,0.37260238,-0.07270502,,,,
1557749_at,0.37262128,-0.14944246,,,,
1558809_s_at,0.37266164,0.12025656,,,,
215105_at,0.37275795,-0.06093033,,,,
1569021_at,0.37277409,0.06922039,,,,
229435_at,0.37278995,0.34597574,,,,
1562825_at,0.37281291,-0.06111709,,,,
235882_at,0.37287786,-0.15056755,,,,
210312_s_at,0.37291664,0.11336162,,,,
206300_s_at,0.3729182,0.3664258,,,,
211496_s_at,0.37297163,-0.04340704,,,,
222657_s_at,0.37298654,0.1214777,,,,
227567_at,0.37300535,0.18248244,,,,
214602_at,0.37301903,-0.19823191,,,,
242100_at,0.37305183,0.27194423,,,,
231201_at,0.37305355,0.09972372,,,,
228152_s_at,0.37306987,-0.28442348,,,,
217982_s_at,0.37308615,0.08504943,,,,
226482_s_at,0.37309507,0.356804,,,,
226215_s_at,0.37310045,0.14788447,,,,
228253_at,0.37314185,-0.14314683,,,,
213952_s_at,0.37315717,-0.07754757,,,,
241034_at,0.37317307,-0.04122629,,,,
235636_at,0.37317353,-0.0566946,,,,
223264_at,0.37318768,-0.12912075,,,,
231981_at,0.37321113,0.28439479,,,,
237505_at,0.37324024,-0.06078023,,,,
226069_at,0.37324639,0.37587417,,,,
227972_at,0.37325386,-0.11254848,,,,
228374_at,0.37326573,-0.1084623,,,,
204401_at,0.3732695,-0.40744967,,,,
243650_at,0.37327446,-0.07873652,,,,
204627_s_at,0.37328299,-0.24468188,,,,
237121_at,0.37332629,0.09729731,,,,
235039_x_at,0.37338587,0.18582242,,,,
1556299_s_at,0.37344667,-0.12796472,,,,
209894_at,0.37346664,0.43935454,,,,
239799_at,0.37349406,0.18637906,,,,
235438_at,0.37349971,0.33110751,,,,
223643_at,0.37351451,0.06420869,,,,
239634_at,0.37352187,-0.05518114,,,,
226749_at,0.37353824,0.1320166,,,,
243622_at,0.37356034,0.06835368,,,,
237535_x_at,0.37356365,0.04375102,,,,
221984_s_at,0.37366488,0.10681971,,,,
1570033_at,0.37367023,-0.0537699,,,,
204325_s_at,0.37367709,-0.13177921,,,,
1570395_a_at,0.37369393,0.07365885,,,,
241442_at,0.37373441,0.10294661,,,,
1552548_at,0.37374694,-0.05393387,,,,
231430_at,0.37378918,0.10941908,,,,
1558759_s_at,0.37379182,-0.05926959,,,,
227697_at,0.37383483,0.29061339,,,,
225314_at,0.37383591,-0.25957385,,,,
228132_at,0.37384522,-0.24075142,,,,
1564439_a_at,0.37385734,-0.06371729,,,,
209705_at,0.37386993,0.13531696,,,,
244277_at,0.37389041,0.05764261,,,,
1568625_at,0.37389306,-0.05973186,,,,
1557073_s_at,0.37389867,0.13056877,,,,
1562089_at,0.37395805,-0.05822288,,,,
234097_s_at,0.37399354,-0.03677749,,,,
231663_s_at,0.3740002,0.29619561,,,,
243866_x_at,0.37405232,0.06051286,,,,
209205_s_at,0.37405928,0.28648031,,,,
1566267_at,0.37406053,0.07406847,,,,
203370_s_at,0.37406221,-0.13123093,,,,
226167_at,0.37406816,-0.21041149,,,,
1556175_at,0.37408933,-0.0797733,,,,
1564937_at,0.37412617,-0.04301334,,,,
231465_at,0.37412802,-0.04135011,,,,
211433_x_at,0.37413249,-0.07632562,,,,
1562098_at,0.37413262,0.09683566,,,,
200932_s_at,0.37415859,-0.10500198,,,,
204085_s_at,0.37416615,0.16044938,,,,
1567036_at,0.3742785,0.07429396,,,,
243243_at,0.37428403,-0.06136024,,,,
1566303_s_at,0.37429524,-0.12312166,,,,
227241_at,0.37431094,0.25146533,,,,
242740_at,0.37431467,-0.07216232,,,,
243188_at,0.37435603,0.1266069,,,,
1569157_s_at,0.37436581,0.18993333,,,,
232151_at,0.37437234,-0.45964296,,,,
1569767_at,0.37438348,-0.04761023,,,,
50965_at,0.3744093,-0.21900433,,,,
237122_at,0.37442105,-0.04107804,,,,
218200_s_at,0.3744244,0.11419688,,,,
230447_at,0.37442737,0.12765735,,,,
204835_at,0.37449654,-0.20263106,,,,
227281_at,0.37454136,-0.11969546,,,,
230200_at,0.37454815,0.1421039,,,,
1560491_at,0.37455353,0.046249,,,,
218963_s_at,0.37456193,0.57339391,,,,
1569039_s_at,0.37459554,0.14641494,,,,
1558421_a_at,0.37459695,-0.06652846,,,,
222661_at,0.37463804,0.09215868,,,,
1562476_at,0.37467292,-0.04089094,,,,
1557417_s_at,0.37468353,0.0673571,,,,
211811_s_at,0.37468544,-0.11812757,,,,
1569144_a_at,0.37469266,0.17173092,,,,
212413_at,0.37471229,0.19961754,,,,
218712_at,0.37472294,0.12713726,,,,
240293_at,0.37477555,0.12357771,,,,
237665_at,0.37479604,-0.10845998,,,,
237653_at,0.37481076,-0.06207377,,,,
223285_s_at,0.37481546,-0.17001586,,,,
1553002_at,0.37483128,-0.05667383,,,,
227826_s_at,0.37483313,0.39021272,,,,
233421_s_at,0.37485074,-0.10394697,,,,
206188_at,0.37485299,0.15258396,,,,
241972_at,0.37487588,0.13459068,,,,
231860_at,0.37489046,0.10613084,,,,
240387_at,0.37489489,-0.0648116,,,,
234845_at,0.37491037,-0.0454066,,,,
244434_at,0.37491461,-0.26053782,,,,
225528_at,0.37491744,0.0724003,,,,
233672_s_at,0.37492271,0.03327394,,,,
1567375_at,0.37495983,-0.03874397,,,,
202287_s_at,0.37496526,-0.0669323,,,,
243896_at,0.37496851,0.05747655,,,,
236422_at,0.37502331,-0.12381537,,,,
200802_at,0.37503632,-0.1119947,,,,
223439_at,0.37504297,0.11370715,,,,
244548_at,0.3750819,-0.12604354,,,,
1559083_x_at,0.37513118,0.07541706,,,,
228984_at,0.37521086,-0.09224079,,,,
233431_x_at,0.3752462,0.1061004,,,,
231439_at,0.37530381,-0.36385475,,,,
227945_at,0.37531959,-0.15362641,,,,
201794_s_at,0.37532119,-0.11072816,,,,
1570213_at,0.37532649,0.03205597,,,,
240187_at,0.37533492,0.12158609,,,,
217234_s_at,0.37533558,-0.30625101,,,,
210652_s_at,0.3753545,-0.46516932,,,,
235490_at,0.37538298,-0.09399252,,,,
239925_at,0.37539625,0.06106792,,,,
216336_x_at,0.37539916,0.31109032,,,,
230516_at,0.37540086,0.14256484,,,,
212421_at,0.37540734,-0.13321062,,,,
234430_at,0.37546282,-0.0557949,,,,
1556985_at,0.37547245,0.05467096,,,,
232986_at,0.37547773,0.10065368,,,,
237451_x_at,0.37549827,-0.06838102,,,,
214110_s_at,0.37558466,0.2975433,,,,
220679_s_at,0.37558684,-0.14323614,,,,
234552_at,0.37559571,-0.11501766,,,,
219941_at,0.37560333,-0.0741545,,,,
211871_x_at,0.37561431,0.12756875,,,,
235037_at,0.3756154,0.14834184,,,,
1560537_at,0.37564395,-0.06020754,,,,
226292_at,0.37565283,-0.25639815,,,,
235528_at,0.37568141,-0.10590494,,,,
240756_at,0.37570017,-0.06792888,,,,
1554554_at,0.37570278,-0.05621452,,,,
228323_at,0.37571811,0.21823339,,,,
217308_at,0.37572946,-0.06294345,,,,
201726_at,0.37573195,0.09075745,,,,
206539_s_at,0.37577788,-0.22712146,,,,
213792_s_at,0.37578258,0.18660375,,,,
203593_at,0.37578298,-0.19807153,,,,
224007_at,0.37579126,-0.05400582,,,,
1555363_s_at,0.37579336,0.18919617,,,,
204175_at,0.37580067,0.13150363,,,,
227289_at,0.3758083,0.26226779,,,,
35776_at,0.37586115,0.14862602,,,,
229003_x_at,0.37586329,-0.05479397,,,,
232614_at,0.37586935,0.21695966,,,,
215614_at,0.37588966,-0.0521792,,,,
226715_at,0.37593591,-0.14262213,,,,
216991_at,0.37596751,-0.05465229,,,,
220227_at,0.37601368,0.10268276,,,,
203080_s_at,0.37608292,0.14345771,,,,
1554152_a_at,0.37609584,-0.10938607,,,,
1557690_x_at,0.37613043,-0.05838934,,,,
235931_at,0.3761345,0.22696688,,,,
214818_at,0.37614085,-0.06222387,,,,
244263_at,0.37615331,-0.0568081,,,,
227773_at,0.37617844,-0.08587125,,,,
1553972_a_at,0.3761807,0.38857978,,,,
52837_at,0.37620491,-0.25373724,,,,
222752_s_at,0.37622729,0.16678792,,,,
1566439_at,0.37624712,-0.03328548,,,,
217471_at,0.37625332,0.04546704,,,,
234297_at,0.3762609,-0.20412323,,,,
238878_at,0.37626532,0.38040836,,,,
232417_x_at,0.37627508,-0.10606735,,,,
222637_at,0.37630995,0.1603096,,,,
223319_at,0.37631644,0.21800163,,,,
236329_at,0.37633899,-0.06299804,,,,
221280_s_at,0.37633953,0.13886709,,,,
237765_at,0.37637245,0.45209587,,,,
215097_at,0.37640498,-0.04944762,,,,
214771_x_at,0.37642187,0.13026202,,,,
230340_s_at,0.37642527,0.10468846,,,,
1554710_at,0.3764326,-0.05890477,,,,
1554133_at,0.37645098,0.03479628,,,,
221828_s_at,0.37646223,0.11887849,,,,
219598_s_at,0.37646602,0.11634166,,,,
230190_at,0.37646694,-0.08195131,,,,
224838_at,0.37649394,0.16565167,,,,
221387_at,0.37649756,-0.05299275,,,,
200628_s_at,0.37653835,-0.24429602,,,,
232195_at,0.37654767,0.36310767,,,,
236146_at,0.37654802,0.1394766,,,,
227131_at,0.37654873,0.15897635,,,,
204290_s_at,0.37655249,0.34100284,,,,
1557802_at,0.37655542,-0.10348713,,,,
238299_at,0.37657485,0.2199436,,,,
234288_at,0.37657667,-0.0441528,,,,
220163_s_at,0.37661045,-0.07307879,,,,
1558102_at,0.37661289,0.28377659,,,,
222464_s_at,0.37661513,0.12739023,,,,
223110_at,0.37664119,-0.14788616,,,,
205467_at,0.37664601,-0.1473757,,,,
1563318_s_at,0.37665103,-0.10898521,,,,
231836_at,0.37665913,0.1670258,,,,
212376_s_at,0.37669759,0.09264894,,,,
240338_at,0.37669795,0.0576959,,,,
1561599_at,0.37671874,0.07938802,,,,
214018_at,0.3767252,0.06600955,,,,
212697_at,0.3767302,-0.10773031,,,,
240097_at,0.37673754,-0.06469131,,,,
222012_at,0.37673814,-0.05807308,,,,
223946_at,0.37676629,0.19164854,,,,
223886_s_at,0.37677399,0.10128236,,,,
208492_at,0.37678176,-0.08975102,,,,
1557566_at,0.37679015,0.03884833,,,,
205753_at,0.37679149,0.86437512,,,,
220539_at,0.37682717,0.07810536,,,,
1552837_at,0.37683256,0.03338929,,,,
203643_at,0.37683355,0.1444121,,,,
235034_at,0.3768767,-0.06491664,,,,
223548_at,0.37690722,0.11419538,,,,
200939_s_at,0.37691685,-0.08860805,,,,
207249_s_at,0.37691905,-0.18525011,,,,
229413_s_at,0.37693945,0.21053049,,,,
211635_x_at,0.37693955,-0.30461742,,,,
213607_x_at,0.37694333,-0.16067848,,,,
202544_at,0.37696719,0.12287168,,,,
209915_s_at,0.37697256,0.19208524,,,,
207984_s_at,0.37698434,0.10119409,,,,
206408_at,0.37699506,-0.23766204,,,,
1563018_at,0.37701333,-0.07035125,,,,
236872_at,0.37702953,-0.05579831,,,,
217363_x_at,0.37703414,-0.05378959,,,,
239116_at,0.37705532,-0.06559109,,,,
241837_at,0.37709505,0.13465667,,,,
228454_at,0.37713057,-0.16251796,,,,
221248_s_at,0.37713393,0.09649904,,,,
222614_at,0.37714241,0.17740886,,,,
1557486_at,0.37714368,-0.04178676,,,,
206737_at,0.37715407,-0.25292658,,,,
218533_s_at,0.37715503,-0.14275297,,,,
1554038_at,0.37715795,0.09317461,,,,
219701_at,0.37720254,0.14920602,,,,
211338_at,0.37722099,-0.04720219,,,,
207181_s_at,0.37724644,-0.16586686,,,,
219496_at,0.37725546,0.18838786,,,,
214875_x_at,0.37725713,-0.21611199,,,,
1560402_at,0.37726557,-0.09483419,,,,
207731_at,0.37728994,0.04548427,,,,
241760_x_at,0.37730238,-0.03049863,,,,
204949_at,0.37732869,-0.21834863,,,,
205523_at,0.37733283,0.350037,,,,
202623_at,0.37733745,0.11601665,,,,
209960_at,0.3773533,-0.37604009,,,,
219354_at,0.37736145,-0.14055011,,,,
235050_at,0.37736247,-0.22892426,,,,
231176_at,0.37737562,0.1088219,,,,
216510_x_at,0.37741607,-0.45762795,,,,
1568646_x_at,0.3774384,0.10408247,,,,
204241_at,0.37743945,0.17989956,,,,
226754_at,0.37744014,0.16076918,,,,
209590_at,0.37744863,0.30011034,,,,
242535_at,0.37748328,-0.0838635,,,,
228214_at,0.37752706,0.29594317,,,,
234717_at,0.3775336,-0.05339374,,,,
1554962_a_at,0.37758492,-0.13235863,,,,
231987_at,0.37759884,-0.07170406,,,,
229532_at,0.37762781,0.20992162,,,,
205182_s_at,0.37767824,-0.10738979,,,,
1561196_at,0.37769625,0.04379161,,,,
219381_at,0.37769894,0.23288714,,,,
1556655_s_at,0.37772373,0.04896409,,,,
228286_at,0.37774328,0.14521054,,,,
215704_at,0.37777424,0.46778592,,,,
218521_s_at,0.37781088,0.16907973,,,,
240492_at,0.37781541,0.07822574,,,,
205425_at,0.37781944,0.18756896,,,,
221015_s_at,0.37784026,-0.11802638,,,,
204022_at,0.37784033,-0.1114951,,,,
1562063_x_at,0.3778655,0.13057639,,,,
237244_at,0.37787333,-0.08315878,,,,
1553411_s_at,0.37787765,-0.04181505,,,,
200807_s_at,0.37790621,0.12005849,,,,
209534_x_at,0.3779121,-0.13943944,,,,
243891_at,0.37793498,-0.06595681,,,,
1562577_at,0.37794918,-0.05549048,,,,
232060_at,0.37797465,0.47612565,,,,
207558_s_at,0.37798469,-0.37862106,,,,
208252_s_at,0.37802295,-0.07649237,,,,
239304_at,0.37802871,-0.05451238,,,,
232848_at,0.37804046,-0.05245029,,,,
242811_x_at,0.3780801,0.04695109,,,,
1555925_at,0.37809016,0.05763632,,,,
1559309_at,0.37809239,0.06909103,,,,
200988_s_at,0.37810607,0.13020475,,,,
224427_s_at,0.37813931,-0.11868032,,,,
226595_at,0.37816831,0.136069,,,,
210941_at,0.37817027,0.15476032,,,,
216978_x_at,0.3781789,0.04929634,,,,
208195_at,0.37819503,0.45665407,,,,
207529_at,0.37821413,-0.46135916,,,,
222156_x_at,0.37823953,0.17671645,,,,
238611_at,0.37825248,-0.05737805,,,,
244496_at,0.37825861,0.08113606,,,,
222834_s_at,0.37831879,0.24024741,,,,
206722_s_at,0.37832967,0.13356994,,,,
242170_at,0.37834849,0.05698098,,,,
1553644_at,0.37834869,-0.0739231,,,,
220984_s_at,0.37844979,-0.1401733,,,,
237198_at,0.37845259,0.09550224,,,,
208152_s_at,0.3784918,0.13501818,,,,
1564306_at,0.37849377,-0.04989686,,,,
213556_at,0.37850425,0.18875375,,,,
1569755_at,0.37854417,0.04216178,,,,
220840_s_at,0.37854533,0.2121447,,,,
214689_at,0.37855196,-0.06190144,,,,
226689_at,0.37856075,0.10465795,,,,
1569773_at,0.3785727,0.03512685,,,,
241982_at,0.37857292,-0.09945211,,,,
225455_at,0.37859198,0.14335359,,,,
1558561_at,0.37861802,-0.14329471,,,,
213854_at,0.37862589,0.11628114,,,,
238850_at,0.37864579,0.23727309,,,,
211989_at,0.37865408,0.11600669,,,,
237860_at,0.37868498,-0.18683303,,,,
225526_at,0.37872062,0.13801301,,,,
226609_at,0.37874484,-0.21477909,,,,
244760_at,0.37875355,-0.04337843,,,,
232744_x_at,0.37876274,0.14646446,,,,
225575_at,0.37877296,0.37188732,,,,
219489_s_at,0.37877656,0.31679223,,,,
219115_s_at,0.37880081,-0.50219982,,,,
228122_at,0.37884562,0.15848958,,,,
240912_x_at,0.37885634,-0.0746084,,,,
213342_at,0.37888994,0.1772639,,,,
219259_at,0.37890182,-0.13744955,,,,
230816_at,0.37895285,0.071773,,,,
239320_at,0.37900019,-0.07860353,,,,
212350_at,0.3790081,-0.15805785,,,,
203666_at,0.37901426,0.3474887,,,,
1552791_a_at,0.37902322,0.22799538,,,,
233402_at,0.37904083,-0.07546064,,,,
221879_at,0.37905342,-0.3985377,,,,
237622_at,0.37907998,0.17736145,,,,
239516_at,0.37909167,0.27907116,,,,
214073_at,0.37910936,0.26194833,,,,
214422_at,0.37912524,-0.0495766,,,,
205943_at,0.37913759,0.59830048,,,,
1555558_at,0.37913917,-0.03585165,,,,
237240_at,0.37914352,0.08534729,,,,
203908_at,0.37916657,-0.56983482,,,,
209535_s_at,0.37917217,0.24027247,,,,
1570169_at,0.37918437,-0.05393623,,,,
244348_at,0.37921959,-0.07360425,,,,
214791_at,0.3792566,-0.21580158,,,,
244120_at,0.37931757,-0.05624688,,,,
213405_at,0.37933405,-0.14082612,,,,
201399_s_at,0.37937894,-0.15925094,,,,
238019_at,0.37942783,0.06511506,,,,
226986_at,0.37942941,-0.12880032,,,,
214691_x_at,0.37943327,-0.16448934,,,,
241406_at,0.37945642,-0.06707165,,,,
224931_at,0.37945805,0.11429223,,,,
241820_at,0.37951369,-0.16975488,,,,
1555193_a_at,0.37951498,-0.15441729,,,,
240339_at,0.37953767,0.11011394,,,,
230595_at,0.37955769,0.19700935,,,,
1562432_at,0.37956925,0.06620458,,,,
233798_at,0.37957244,-0.05353351,,,,
235522_at,0.37963808,-0.10892217,,,,
230001_at,0.37965425,-0.09304569,,,,
203624_at,0.3796716,0.14395827,,,,
214452_at,0.3796819,-0.32544381,,,,
1566880_at,0.37970414,-0.10501279,,,,
200858_s_at,0.3797097,-0.06495912,,,,
211828_s_at,0.37971982,0.24620994,,,,
233135_at,0.37973241,-0.07067042,,,,
217493_x_at,0.37973681,-0.05722765,,,,
243865_x_at,0.37974069,0.07419109,,,,
224227_s_at,0.37975891,0.15858851,,,,
211783_s_at,0.37977068,0.17796638,,,,
218738_s_at,0.37977595,0.13484858,,,,
211223_at,0.37979567,-0.07313482,,,,
236417_at,0.37981201,0.12519001,,,,
211640_x_at,0.3798188,-0.19501341,,,,
214158_s_at,0.37985288,-0.08444616,,,,
229558_at,0.37988136,-0.11007996,,,,
1565877_at,0.37990231,0.04368603,,,,
210937_s_at,0.37990807,0.07728867,,,,
210462_at,0.37997878,0.09329599,,,,
208796_s_at,0.38001998,-0.16716101,,,,
243414_at,0.38003977,0.07040568,,,,
226192_at,0.38004636,0.49522618,,,,
1561318_at,0.38006453,-0.07673559,,,,
237316_at,0.38009567,0.06912765,,,,
1555454_at,0.38011362,-0.05652179,,,,
235500_at,0.38011643,-0.1217177,,,,
241000_at,0.38012617,-0.05530943,,,,
205032_at,0.38021841,-0.24290104,,,,
241859_at,0.38023398,0.13688738,,,,
238392_at,0.38025004,0.04986216,,,,
205111_s_at,0.3802504,-0.3371307,,,,
244192_x_at,0.38025758,-0.06364728,,,,
235647_at,0.38025779,0.15469602,,,,
221963_x_at,0.38026125,0.14296452,,,,
224156_x_at,0.38028214,0.39907122,,,,
224299_x_at,0.38028884,0.39086045,,,,
1556633_at,0.38033461,0.09736349,,,,
1561554_at,0.38034862,-0.04652074,,,,
200789_at,0.38035699,0.17009546,,,,
201061_s_at,0.38038075,0.22492944,,,,
210069_at,0.38039228,0.29188541,,,,
237369_at,0.38040097,0.10675456,,,,
215598_at,0.38041268,0.09196464,,,,
236642_at,0.38043513,-0.05520951,,,,
240769_at,0.38046026,0.08584947,,,,
215713_at,0.38046028,-0.04399159,,,,
209049_s_at,0.38050435,-0.16389764,,,,
213892_s_at,0.38051017,0.12473314,,,,
204931_at,0.38052573,-0.34931229,,,,
214183_s_at,0.38052573,-0.19417836,,,,
238095_at,0.38055674,-0.07812126,,,,
203594_at,0.3805587,-0.11787538,,,,
1554724_at,0.38057283,0.08575992,,,,
200688_at,0.38058267,-0.09715973,,,,
1555145_at,0.3806311,-0.06113099,,,,
211605_s_at,0.38064629,0.07771596,,,,
1553140_at,0.38066833,-0.07185966,,,,
212382_at,0.38071376,0.33075857,,,,
239167_at,0.38072577,0.15829361,,,,
1559213_at,0.38075052,-0.03352218,,,,
1564049_at,0.38077036,0.04857119,,,,
235811_at,0.38080898,0.11918616,,,,
232852_at,0.3808619,0.12226991,,,,
1555912_at,0.38090792,0.10658159,,,,
206033_s_at,0.38091649,0.56935799,,,,
211276_at,0.38097073,0.35945047,,,,
1560198_at,0.38098224,-0.05810553,,,,
244018_at,0.38099509,-0.08032672,,,,
200791_s_at,0.38099775,-0.17796242,,,,
229917_at,0.38099808,-0.06514798,,,,
1565685_at,0.38102774,0.03102799,,,,
1568794_at,0.38102833,-0.05234447,,,,
226269_at,0.38103421,0.30681538,,,,
228913_at,0.38103843,-0.16227802,,,,
1560744_at,0.38105551,0.0517381,,,,
217502_at,0.38106628,-0.19115976,,,,
205548_s_at,0.38107643,0.25207274,,,,
226928_x_at,0.38111318,-0.08018613,,,,
1562780_at,0.38112319,-0.0373797,,,,
203732_at,0.38114203,0.11641788,,,,
1556284_at,0.38114301,0.15445243,,,,
224457_at,0.38116579,-0.06840523,,,,
217638_at,0.38117965,-0.06102135,,,,
228611_s_at,0.38122473,0.11967904,,,,
229709_at,0.38123161,-0.0736164,,,,
1558888_x_at,0.38123267,-0.13116974,,,,
205871_at,0.38126881,0.74382452,,,,
209654_at,0.38132095,0.13134421,,,,
220197_at,0.38133094,0.24724831,,,,
209667_at,0.38133128,-0.30205562,,,,
229138_at,0.38135516,0.17040232,,,,
215320_at,0.38135622,0.05614405,,,,
203098_at,0.38144189,0.1736208,,,,
233679_at,0.38144879,-0.06997353,,,,
202415_s_at,0.38147655,-0.1316247,,,,
216693_x_at,0.38147779,0.26144783,,,,
240773_at,0.38150116,-0.06688396,,,,
224083_s_at,0.381533,-0.03307204,,,,
214128_at,0.38156282,-0.05767148,,,,
220259_at,0.38159871,0.08532509,,,,
202734_at,0.3816062,-0.13409794,,,,
207386_at,0.38161083,0.23456704,,,,
227587_at,0.38168628,0.12368547,,,,
1566701_at,0.38169385,0.06437182,,,,
203617_x_at,0.38171339,0.1019331,,,,
234750_at,0.38171448,-0.05318764,,,,
221779_at,0.38171578,0.17305207,,,,
214355_x_at,0.3817443,-0.15042144,,,,
226756_at,0.38175535,0.19500572,,,,
240602_at,0.38180259,0.05361196,,,,
206043_s_at,0.3818759,-0.39066169,,,,
202466_at,0.38188177,0.12044964,,,,
1566836_at,0.38190758,0.04792032,,,,
235551_at,0.38195656,0.07106056,,,,
213362_at,0.38195989,-0.30150838,,,,
239598_s_at,0.38196212,-0.18196084,,,,
236859_at,0.38197659,-0.23136751,,,,
1554528_at,0.3820302,-0.12773565,,,,
227315_x_at,0.38205097,-0.11960278,,,,
230754_at,0.38205154,-0.07084496,,,,
244865_at,0.38205327,0.10161422,,,,
205163_at,0.38206239,0.34019323,,,,
236882_at,0.38208337,0.15444268,,,,
1562020_s_at,0.38211498,-0.07610611,,,,
1558474_at,0.38212257,0.1039494,,,,
219320_at,0.38214799,0.12739718,,,,
224361_s_at,0.38215555,0.3485404,,,,
233197_at,0.38216501,-0.12104445,,,,
214479_at,0.38217199,-0.09117291,,,,
1560391_at,0.38219178,0.06635269,,,,
229225_at,0.38220165,-0.22373937,,,,
1555301_a_at,0.38220463,0.12638687,,,,
1555875_at,0.38221097,-0.13456459,,,,
212190_at,0.38224588,0.33235659,,,,
1561590_a_at,0.38227287,0.04670305,,,,
243124_at,0.38229613,-0.08178366,,,,
230589_at,0.38230646,-0.14894034,,,,
220188_at,0.38232289,0.07187617,,,,
239149_at,0.3823518,0.09255715,,,,
222038_s_at,0.3823612,-0.20725318,,,,
235035_at,0.38242848,0.12559438,,,,
1557195_at,0.38243249,0.0701691,,,,
1560080_at,0.38244235,-0.03923705,,,,
47530_at,0.38247793,0.09144908,,,,
205250_s_at,0.38249624,0.17189742,,,,
234782_at,0.38250002,0.07328561,,,,
204671_s_at,0.38251459,0.24430937,,,,
233325_at,0.38255422,-0.09371437,,,,
212835_at,0.38256188,0.11796034,,,,
206536_s_at,0.38257501,-0.18914665,,,,
215289_at,0.38258478,-0.13119669,,,,
244829_at,0.38259053,0.37342636,,,,
1560168_at,0.38264917,-0.03959064,,,,
226147_s_at,0.38266155,-0.79656344,,,,
206847_s_at,0.38267192,-0.2880326,,,,
207925_at,0.38267944,-0.14668882,,,,
1564463_at,0.38268221,-0.0594569,,,,
203685_at,0.38268276,0.37273357,,,,
210235_s_at,0.38271122,-0.15934876,,,,
230230_at,0.3827438,0.11593856,,,,
217841_s_at,0.3827957,0.11047703,,,,
204970_s_at,0.38280739,-0.10548548,,,,
200021_at,0.38282767,-0.09126664,,,,
216157_at,0.38283121,-0.06495987,,,,
229986_at,0.38283991,0.20431261,,,,
223495_at,0.38290244,0.31125788,,,,
205242_at,0.38290418,-0.64696811,,,,
218670_at,0.38294349,0.12043401,,,,
222389_s_at,0.38294499,0.08106975,,,,
244504_x_at,0.38298151,0.09353697,,,,
231752_at,0.38302239,-0.05346596,,,,
232294_at,0.38305142,0.07025895,,,,
1553417_at,0.38306121,-0.04845387,,,,
224680_at,0.38306576,-0.1043796,,,,
1561075_at,0.38312172,-0.05769851,,,,
204617_s_at,0.38312513,-0.14188918,,,,
225010_at,0.38313872,0.18773629,,,,
203553_s_at,0.38314221,0.15986799,,,,
237668_at,0.38316727,-0.03634053,,,,
219483_s_at,0.38318358,-0.14196994,,,,
1564459_at,0.38318997,-0.06423336,,,,
203774_at,0.38320954,0.12383477,,,,
218113_at,0.38324326,-0.19961676,,,,
1565694_at,0.38325861,-0.05419774,,,,
226092_at,0.38328273,-0.13307047,,,,
233833_at,0.38333774,-0.08403891,,,,
208202_s_at,0.38338336,-0.1365736,,,,
235270_at,0.38338784,-0.05883721,,,,
1563097_at,0.38340185,-0.04445282,,,,
235031_at,0.38343308,0.15557676,,,,
223348_x_at,0.38346576,-0.07947489,,,,
243475_at,0.38349234,-0.07190187,,,,
218951_s_at,0.38351121,-0.18826037,,,,
220049_s_at,0.38351462,-0.14465483,,,,
244198_at,0.3835331,0.08850686,,,,
239743_at,0.38358,-0.05644708,,,,
223231_at,0.38361189,0.16224703,,,,
230487_at,0.38361517,0.13361713,,,,
219073_s_at,0.38361542,-0.21611945,,,,
216362_at,0.3836599,-0.06435644,,,,
214709_s_at,0.38366287,0.11078379,,,,
1552743_at,0.38369491,-0.05290338,,,,
218401_s_at,0.38370396,0.14544197,,,,
1556924_at,0.3837446,-0.06587688,,,,
205502_at,0.383754,0.11665083,,,,
241583_x_at,0.3837552,0.04988081,,,,
210538_s_at,0.38376426,-0.3465742,,,,
1563033_x_at,0.3837976,-0.03866349,,,,
209064_x_at,0.38382283,0.21585375,,,,
1558847_at,0.38382985,-0.06202802,,,,
201325_s_at,0.38383369,-0.31511692,,,,
227369_at,0.38388871,0.12796958,,,,
1559432_at,0.38389855,0.07151163,,,,
228098_s_at,0.38390744,0.21984449,,,,
228307_at,0.38391699,0.16175937,,,,
237115_at,0.38394859,-0.08212443,,,,
1569648_at,0.38397184,0.12923751,,,,
205736_at,0.38401735,0.25201208,,,,
1562629_a_at,0.3840275,-0.12214578,,,,
214905_at,0.38404452,-0.06364541,,,,
243332_at,0.38405615,0.21228594,,,,
233334_x_at,0.38405806,-0.08265199,,,,
204731_at,0.38407842,0.41783682,,,,
213171_s_at,0.38408836,-0.13387451,,,,
226501_at,0.38409497,0.11276839,,,,
203934_at,0.38409519,0.19758438,,,,
239481_at,0.38413162,0.18172124,,,,
243868_at,0.38413448,-0.22278191,,,,
243098_at,0.38415535,-0.05726612,,,,
1561036_at,0.38416055,-0.07299815,,,,
220473_s_at,0.38417787,-0.07725107,,,,
226809_at,0.38420522,0.2948256,,,,
1556761_at,0.38420645,-0.07132854,,,,
243207_at,0.38422434,-0.05432705,,,,
216470_x_at,0.38423187,-0.43202681,,,,
1557116_at,0.38423557,-0.2148775,,,,
221744_at,0.38424933,0.13811488,,,,
235399_at,0.38426326,-0.05926412,,,,
241120_s_at,0.38427186,-0.04765493,,,,
220565_at,0.38428787,0.21896387,,,,
1555894_s_at,0.3842976,0.13564261,,,,
233976_at,0.38430406,0.12934258,,,,
1554631_at,0.38433352,-0.06532521,,,,
1559528_at,0.38435174,0.11584493,,,,
215652_at,0.3843612,-0.06280879,,,,
224745_x_at,0.38437815,-0.05787528,,,,
227132_at,0.38438678,-0.19506148,,,,
240091_at,0.38439544,-0.04927641,,,,
222418_s_at,0.38448511,0.18473526,,,,
240358_at,0.38449249,-0.0974983,,,,
242420_at,0.38450373,-0.06851325,,,,
53987_at,0.38450652,-0.09696258,,,,
211697_x_at,0.38453521,-0.06772842,,,,
231667_at,0.38453772,-0.25369561,,,,
232710_at,0.38455553,0.17194872,,,,
232527_at,0.38457029,-0.13939642,,,,
205549_at,0.38457583,-0.40731438,,,,
1561126_at,0.38459073,-0.06089171,,,,
208797_s_at,0.38460091,-0.18204099,,,,
238140_at,0.38460716,-0.06365117,,,,
213799_s_at,0.38462512,0.16268559,,,,
229427_at,0.38463391,0.28054906,,,,
207626_s_at,0.38465637,0.1956642,,,,
244196_at,0.38469927,-0.08628511,,,,
211220_s_at,0.38472356,0.18554684,,,,
215206_at,0.38472763,0.17819483,,,,
228365_at,0.38476399,0.33623135,,,,
205455_at,0.38477819,-0.26344058,,,,
237043_at,0.3847826,0.0793568,,,,
202113_s_at,0.38478685,-0.14173549,,,,
1556538_at,0.38479223,-0.074504,,,,
204035_at,0.38480816,-0.34339861,,,,
200851_s_at,0.38489142,-0.08877615,,,,
238504_at,0.38489718,0.16400903,,,,
1554793_at,0.38491963,0.04155215,,,,
215513_at,0.38492645,0.16896293,,,,
1556976_s_at,0.3849292,-0.04374503,,,,
209410_s_at,0.38493729,0.12821733,,,,
231567_s_at,0.38493791,-0.04970944,,,,
1560633_a_at,0.38494732,-0.04207369,,,,
224656_s_at,0.38495054,-0.09190313,,,,
210889_s_at,0.38496172,-0.29666005,,,,
244507_at,0.38496807,0.04305102,,,,
221495_s_at,0.38499423,-0.09895514,,,,
1569330_at,0.38501886,-0.08135988,,,,
232123_at,0.38503786,-0.07477119,,,,
212947_at,0.38507428,-0.12227786,,,,
1568640_at,0.38509175,-0.08877847,,,,
225675_at,0.38511791,0.11665443,,,,
237881_at,0.38515439,0.16810953,,,,
201996_s_at,0.38515888,-0.17214545,,,,
1555096_at,0.38519929,-0.05470356,,,,
241388_at,0.38521875,0.13709672,,,,
1556421_at,0.38521988,-0.32475606,,,,
222074_at,0.38522218,-0.05502552,,,,
225538_at,0.38528107,0.12422839,,,,
210405_x_at,0.38530161,-0.16273118,,,,
1561289_at,0.38532953,-0.04552531,,,,
237501_at,0.38535695,-0.05614907,,,,
234138_at,0.38535892,0.08618959,,,,
1559255_a_at,0.3853716,0.12688925,,,,
225683_x_at,0.38537603,-0.11128348,,,,
216276_s_at,0.38538149,0.04285967,,,,
1559884_at,0.38540427,-0.06636707,,,,
242274_x_at,0.38541779,0.13935634,,,,
243259_at,0.3854538,-0.09336603,,,,
243085_at,0.38545821,0.04625842,,,,
201955_at,0.38546215,0.1331991,,,,
222291_at,0.38546498,0.31625133,,,,
227672_at,0.38548286,-0.09616257,,,,
244321_at,0.38548595,0.17943777,,,,
212131_at,0.38551132,0.10653116,,,,
214564_s_at,0.38552034,-0.07706593,,,,
1557814_a_at,0.38555951,0.07667851,,,,
234707_x_at,0.38558569,-0.10374189,,,,
218650_at,0.38564003,0.11751294,,,,
206822_s_at,0.3856404,-0.09495843,,,,
232552_at,0.38568212,0.07128813,,,,
206039_at,0.38569201,-0.14317643,,,,
234000_s_at,0.38570097,0.14257817,,,,
222406_s_at,0.38574543,-0.14389975,,,,
210437_at,0.38578472,0.36216858,,,,
1554312_at,0.38579426,-0.06429487,,,,
244881_at,0.38583411,0.21055925,,,,
222211_x_at,0.38583966,-0.06143304,,,,
212451_at,0.38586082,0.18100293,,,,
212152_x_at,0.38587576,-0.10968593,,,,
239849_at,0.38588066,0.23796358,,,,
237159_x_at,0.38588604,0.23968189,,,,
203965_at,0.38590408,0.08984366,,,,
229819_at,0.38591872,0.5869806,,,,
235953_at,0.38594006,0.25523948,,,,
202031_s_at,0.38598881,0.09126578,,,,
211251_x_at,0.38601049,0.10867215,,,,
243381_at,0.38601056,0.06260342,,,,
230121_at,0.38602675,0.26734707,,,,
220477_s_at,0.38605494,-0.18582796,,,,
1558862_at,0.3860634,-0.03722301,,,,
243084_at,0.38608765,-0.10720792,,,,
233150_at,0.38619229,-0.04028697,,,,
222913_at,0.38620172,-0.07675646,,,,
208297_s_at,0.38626384,0.15164003,,,,
231722_at,0.38627187,0.146131,,,,
228697_at,0.38627774,0.17540789,,,,
226118_at,0.38630584,0.16045502,,,,
205340_at,0.38631856,-0.13966613,,,,
231189_at,0.38636287,-0.0772591,,,,
213834_at,0.38637215,-0.07143068,,,,
211959_at,0.38637239,0.32637093,,,,
237247_at,0.38640277,0.22348209,,,,
235123_at,0.38640927,0.23633234,,,,
220781_at,0.38641772,-0.04827246,,,,
219894_at,0.38642123,0.16242749,,,,
241472_at,0.38642431,0.17542169,,,,
239250_at,0.38643912,0.28639872,,,,
213687_s_at,0.38644582,0.09244771,,,,
216885_s_at,0.38645658,0.10830005,,,,
235958_at,0.3864887,-0.08953429,,,,
202165_at,0.38650035,0.16104634,,,,
238920_at,0.38651478,-0.14636142,,,,
207607_at,0.38651725,-0.29789332,,,,
1565346_a_at,0.38653442,-0.0482738,,,,
1556609_at,0.38658253,-0.03855725,,,,
204342_at,0.38661636,-0.14543648,,,,
1563252_at,0.38662104,-0.05817114,,,,
238584_at,0.3866426,0.35453024,,,,
206065_s_at,0.38665211,0.70608202,,,,
215226_at,0.38666556,-0.04034681,,,,
212564_at,0.38667039,0.10587562,,,,
1562392_at,0.38672702,-0.06199234,,,,
217233_at,0.38673576,-0.0687586,,,,
243939_at,0.38674065,-0.0595637,,,,
239133_at,0.38675217,0.1416282,,,,
201793_x_at,0.38676629,-0.10675425,,,,
1554037_a_at,0.38680262,-0.12617737,,,,
211552_s_at,0.38682689,0.2948966,,,,
1568915_at,0.38684039,-0.06650769,,,,
217102_at,0.38684337,-0.05647631,,,,
233779_x_at,0.386857,-0.05431323,,,,
201692_at,0.38686881,-0.17949351,,,,
228815_s_at,0.38686927,0.07974867,,,,
226964_at,0.38687232,0.14891085,,,,
222737_s_at,0.38687921,0.12177269,,,,
240287_at,0.38688538,-0.08288342,,,,
219960_s_at,0.38690915,0.1207357,,,,
235155_at,0.38692524,0.24210578,,,,
219206_x_at,0.38695128,0.12986513,,,,
214089_at,0.38696227,-0.05741493,,,,
237996_at,0.38697204,0.06228211,,,,
230410_at,0.38698331,0.07409443,,,,
232159_at,0.38701275,0.05545267,,,,
217831_s_at,0.38701934,0.10476362,,,,
233906_at,0.38703644,-0.03397051,,,,
216715_at,0.38704166,0.07155041,,,,
244475_at,0.38704304,-0.10429822,,,,
239691_at,0.38705089,-0.04585541,,,,
213962_s_at,0.38705283,-0.10162087,,,,
221498_at,0.38709088,0.10609111,,,,
235147_at,0.38709166,-0.48995257,,,,
240241_at,0.38709364,0.06468472,,,,
206794_at,0.38712178,0.20906137,,,,
1556123_a_at,0.38716457,0.1802989,,,,
224845_s_at,0.38717891,-0.09677826,,,,
208704_x_at,0.38729015,-0.1544152,,,,
1560639_at,0.38731098,-0.05017651,,,,
1559689_a_at,0.38731112,0.03895111,,,,
1556491_at,0.38733609,0.04641239,,,,
234822_at,0.3873523,-0.05730894,,,,
1556894_at,0.38737692,0.06771158,,,,
243784_s_at,0.38737749,-0.05188728,,,,
229855_at,0.38737913,-0.10891148,,,,
221146_at,0.38738299,-0.04360423,,,,
1557788_a_at,0.38738886,-0.09572819,,,,
203072_at,0.38740058,-0.15701119,,,,
224352_s_at,0.38741117,0.25922186,,,,
236962_at,0.38741446,0.10623917,,,,
207234_at,0.38744351,0.08069885,,,,
220107_s_at,0.38744476,0.11612011,,,,
239958_at,0.38745389,-0.05283394,,,,
AFFX-hum_alu_at,0.38747924,0.04888904,,,,
1555499_a_at,0.38749432,-0.07222917,,,,
242473_at,0.38749457,0.13187018,,,,
238088_at,0.3875086,-0.05174087,,,,
221598_s_at,0.38753064,0.13378677,,,,
211259_s_at,0.38753215,0.14040955,,,,
235681_at,0.38753495,0.28890992,,,,
229744_at,0.38755484,-0.21999131,,,,
228268_at,0.38756196,-0.31396777,,,,
210716_s_at,0.38758576,0.16357399,,,,
222133_s_at,0.38761341,0.14865486,,,,
203427_at,0.38762467,0.16233461,,,,
1555952_at,0.38763496,-0.10495883,,,,
1564144_at,0.38764923,-0.04149948,,,,
206486_at,0.38765036,-0.12018872,,,,
210450_at,0.38765175,-0.05082325,,,,
234904_x_at,0.38766877,-0.05067725,,,,
230239_at,0.38767627,0.08088717,,,,
229891_x_at,0.38768509,-0.19080885,,,,
1570336_at,0.38770465,-0.11090059,,,,
205894_at,0.38775796,-0.46955134,,,,
220266_s_at,0.38777528,-0.3577671,,,,
200669_s_at,0.38778181,-0.08983432,,,,
233614_at,0.38780965,0.0663538,,,,
214152_at,0.38782283,0.14739382,,,,
232541_at,0.38783228,0.3375898,,,,
202500_at,0.38786258,0.12862772,,,,
1564672_at,0.38786949,-0.03787203,,,,
1553872_at,0.38789395,-0.05558662,,,,
242227_at,0.38796258,-0.04965414,,,,
220097_s_at,0.38799308,0.09476894,,,,
234509_at,0.38801817,-0.04794567,,,,
1561169_at,0.38803356,-0.04363876,,,,
1561454_at,0.38804144,-0.05866209,,,,
177_at,0.3880735,0.16493298,,,,
205438_at,0.38810047,-0.10091119,,,,
1558208_at,0.38810559,-0.07944719,,,,
203901_at,0.38811353,-0.05808426,,,,
240290_at,0.38815185,-0.04917987,,,,
220891_at,0.38815907,0.06960638,,,,
234899_at,0.38816151,0.05090979,,,,
232122_s_at,0.38816802,-0.30617337,,,,
210477_x_at,0.38824199,-0.13010366,,,,
201890_at,0.38829853,-0.2506468,,,,
239818_x_at,0.38831626,-0.20233505,,,,
240117_at,0.38831627,0.12343837,,,,
231499_s_at,0.38833193,0.04448933,,,,
240625_at,0.38833442,0.10850021,,,,
242814_at,0.3883589,0.16646525,,,,
224696_s_at,0.38838082,0.10899862,,,,
215003_at,0.38838773,-0.07445376,,,,
1569380_a_at,0.38843941,-0.05854354,,,,
234764_x_at,0.38844861,-0.48073639,,,,
238984_at,0.38845204,-0.2348736,,,,
221159_at,0.38848353,0.46697999,,,,
207302_at,0.3884863,0.32897362,,,,
244511_at,0.38849383,-0.10540692,,,,
243719_at,0.38856719,0.06622376,,,,
1564169_at,0.3885692,0.04552214,,,,
216835_s_at,0.38858168,-0.12187856,,,,
212081_x_at,0.3885921,0.12072763,,,,
228353_x_at,0.3886034,-0.13008077,,,,
208878_s_at,0.38861553,0.1148389,,,,
222347_at,0.38865756,0.19171344,,,,
208063_s_at,0.38866525,-0.24070724,,,,
208088_s_at,0.38867386,0.72051197,,,,
215235_at,0.38872146,0.1497721,,,,
212393_at,0.38872146,-0.15816785,,,,
220833_at,0.38874215,-0.04629961,,,,
218610_s_at,0.38879889,-0.20584617,,,,
235634_at,0.38880952,0.12169379,,,,
219029_at,0.38881086,0.18341206,,,,
239595_at,0.3888154,-0.21577764,,,,
206003_at,0.38883347,-0.11655099,,,,
202390_s_at,0.38889094,-0.08344792,,,,
204830_x_at,0.38889821,-0.08236006,,,,
1552578_a_at,0.38892405,0.12860469,,,,
1567214_a_at,0.38894601,0.11870061,,,,
233546_at,0.388961,0.1502407,,,,
200799_at,0.38899315,-0.25344452,,,,
211662_s_at,0.38899643,-0.12167334,,,,
239816_at,0.38902026,0.07040029,,,,
201671_x_at,0.38904483,0.13950771,,,,
225702_at,0.38905309,0.15685117,,,,
242028_at,0.3890572,0.20952267,,,,
226803_at,0.38906351,0.47457798,,,,
1566804_at,0.38907217,-0.04987829,,,,
1564344_at,0.38909636,-0.04058253,,,,
203333_at,0.38910008,0.16089487,,,,
218745_x_at,0.38910513,0.09312913,,,,
201091_s_at,0.38910524,0.12149103,,,,
1552318_at,0.38916638,-0.23260789,,,,
224107_at,0.38917221,0.05000833,,,,
229864_at,0.38919014,-0.0711843,,,,
1570021_at,0.38923158,0.05794348,,,,
212323_s_at,0.38923314,-0.10673576,,,,
225433_at,0.38927718,0.0919098,,,,
232584_at,0.38928466,0.11805676,,,,
234228_at,0.38930302,0.03803356,,,,
1559688_at,0.38932097,-0.04310245,,,,
242664_at,0.38937306,0.12183375,,,,
1558662_s_at,0.38938503,-0.24818117,,,,
208702_x_at,0.38938863,-0.20285905,,,,
1557798_at,0.3893917,-0.04264417,,,,
224132_at,0.38940883,-0.06230974,,,,
200672_x_at,0.3894468,-0.18620268,,,,
222572_at,0.38945179,-0.22065878,,,,
231596_at,0.3894572,-0.07786514,,,,
1556627_at,0.38946377,-0.08129797,,,,
1553015_a_at,0.389485,-0.1208244,,,,
233585_at,0.38949338,-0.0616555,,,,
227475_at,0.38952965,-0.612322,,,,
1557570_a_at,0.38953419,0.14635492,,,,
208341_x_at,0.38953896,-0.05294379,,,,
229514_at,0.38955012,-0.08535616,,,,
244628_at,0.3895732,-0.05033848,,,,
240062_at,0.38958772,-0.04746137,,,,
212905_at,0.38959411,0.17122887,,,,
238660_at,0.38959868,0.13722446,,,,
1559960_x_at,0.38964128,0.13830757,,,,
234629_at,0.38965296,-0.04138767,,,,
241144_at,0.38966677,-0.04453839,,,,
218753_at,0.38967756,-0.06144657,,,,
222044_at,0.38967796,-0.15209287,,,,
220557_s_at,0.38970538,0.10337986,,,,
228586_at,0.38970753,-0.04816021,,,,
203966_s_at,0.38971251,0.09383015,,,,
225036_at,0.38971261,0.14340537,,,,
227088_at,0.38971355,0.33676386,,,,
203734_at,0.38971373,-0.11882217,,,,
206803_at,0.38971701,0.15895937,,,,
1566930_at,0.38973693,0.03402275,,,,
221301_at,0.38980506,-0.05077149,,,,
214803_at,0.38984073,0.30043879,,,,
236049_at,0.38984828,-0.04540566,,,,
209882_at,0.38986268,0.1700679,,,,
230902_at,0.38987428,-0.08619039,,,,
203378_at,0.38991657,0.10909015,,,,
205377_s_at,0.38998391,-0.06585453,,,,
201749_at,0.38998783,0.12907831,,,,
240440_at,0.39000556,-0.18926283,,,,
236182_at,0.39001028,-0.0714513,,,,
230117_at,0.3900285,0.22520518,,,,
243312_at,0.39003781,0.09136726,,,,
1559982_s_at,0.39004567,0.0872852,,,,
219304_s_at,0.3900457,0.41167587,,,,
231818_x_at,0.39005739,0.09452848,,,,
225157_at,0.39005933,-0.15603309,,,,
236430_at,0.39006412,-0.34301655,,,,
1562511_at,0.39008959,0.05133946,,,,
1557256_a_at,0.39009767,0.07525502,,,,
202874_s_at,0.39014995,-0.17428416,,,,
225875_s_at,0.39019541,-0.12762958,,,,
234193_at,0.39020784,0.07708238,,,,
206715_at,0.39020792,-0.26956973,,,,
230413_s_at,0.39022017,-0.26376363,,,,
244098_at,0.39030309,-0.04878345,,,,
244059_at,0.39033469,0.05590694,,,,
223379_s_at,0.39035376,0.06223902,,,,
203541_s_at,0.39036474,-0.13985225,,,,
241734_at,0.39037274,0.12304043,,,,
212521_s_at,0.3903805,-0.11682672,,,,
240530_at,0.3903826,0.06966954,,,,
244739_at,0.39045539,-0.04393711,,,,
215689_s_at,0.39048719,0.19064567,,,,
1564227_at,0.39049638,0.05568853,,,,
219996_at,0.39049665,0.115668,,,,
243304_at,0.39051983,0.11698249,,,,
213413_at,0.3905364,0.29908942,,,,
208590_x_at,0.39054358,0.07298502,,,,
233691_at,0.39056564,-0.08173791,,,,
221296_at,0.39058369,0.05009822,,,,
240514_at,0.39059614,0.05963136,,,,
235166_at,0.39059669,0.10081718,,,,
204281_at,0.39062569,0.14572489,,,,
204714_s_at,0.39063021,0.59961007,,,,
238822_at,0.39065253,0.12029521,,,,
201786_s_at,0.3906569,0.10472321,,,,
242679_at,0.39069735,-0.0786421,,,,
233962_at,0.39070472,-0.0535184,,,,
1561600_at,0.39070497,0.03594493,,,,
213241_at,0.39071071,-0.30894978,,,,
234496_x_at,0.39072617,-0.08541869,,,,
241947_at,0.39077342,-0.06800775,,,,
1566550_at,0.39078805,-0.04812509,,,,
1553222_at,0.39080585,-0.07198118,,,,
241465_at,0.39085066,0.04497437,,,,
242640_at,0.39085809,-0.07961695,,,,
209206_at,0.39085977,0.11388633,,,,
240886_at,0.39090663,-0.06960808,,,,
1565698_at,0.39094131,-0.04164506,,,,
212836_at,0.3909501,0.12024967,,,,
242896_at,0.39098193,-0.04714192,,,,
229931_at,0.39099427,0.09189551,,,,
221562_s_at,0.3910153,-0.12260788,,,,
241058_at,0.39102093,-0.04245476,,,,
1557480_a_at,0.39103026,-0.07740581,,,,
233822_x_at,0.39107415,0.0305631,,,,
212089_at,0.39107578,0.13063707,,,,
230684_at,0.39109253,0.09120503,,,,
206144_at,0.39112091,0.11780527,,,,
214332_s_at,0.39113049,-0.10143367,,,,
1558897_at,0.39113064,-0.04576298,,,,
209709_s_at,0.39120751,-0.24624074,,,,
239093_at,0.39129969,0.37045138,,,,
218959_at,0.39130468,0.35360609,,,,
200822_x_at,0.39134158,-0.12471038,,,,
206483_at,0.39134359,0.20902323,,,,
202981_x_at,0.39137743,-0.11410054,,,,
229173_at,0.39138724,-0.13583378,,,,
240509_s_at,0.39139193,0.25205218,,,,
1565596_at,0.39139224,-0.04001515,,,,
203642_s_at,0.39139949,0.29609962,,,,
231771_at,0.39140847,0.59979731,,,,
1556669_a_at,0.3914296,-0.06084997,,,,
1563542_a_at,0.3914302,-0.05899872,,,,
240429_at,0.39144724,0.11231304,,,,
209355_s_at,0.39145916,0.25664808,,,,
204858_s_at,0.3914736,-0.25847293,,,,
236446_at,0.39150973,0.14954315,,,,
234497_s_at,0.39152494,-0.0426362,,,,
211398_at,0.39154652,-0.04643534,,,,
212236_x_at,0.39154804,0.57631886,,,,
1568796_at,0.3915573,-0.08474591,,,,
232353_s_at,0.39156027,-0.13552669,,,,
1558140_at,0.39159318,-0.05551223,,,,
215060_at,0.3916076,0.05122504,,,,
224329_s_at,0.39161254,0.31921228,,,,
236088_at,0.391614,-0.19664898,,,,
224923_at,0.39165042,-0.13693467,,,,
231875_at,0.39167397,0.19482566,,,,
207056_s_at,0.39167805,0.15188385,,,,
202353_s_at,0.39168101,0.11525801,,,,
214792_x_at,0.3916946,-0.10630181,,,,
1565282_at,0.39170989,-0.06270357,,,,
1570130_at,0.39173006,0.06731167,,,,
231673_at,0.39174258,-0.05928152,,,,
233829_at,0.39174301,-0.15757516,,,,
231688_at,0.39175624,-0.17814273,,,,
226164_x_at,0.39178894,0.23776034,,,,
223830_s_at,0.39178896,-0.05914218,,,,
211446_at,0.39181751,-0.05732341,,,,
210717_at,0.39182121,-0.06673114,,,,
241283_at,0.3918472,-0.04198285,,,,
204602_at,0.39186261,0.62179203,,,,
237543_at,0.39187453,-0.04968927,,,,
209384_at,0.39192246,0.14436721,,,,
219818_s_at,0.39201393,0.11255234,,,,
1570259_at,0.39201987,0.06818292,,,,
218627_at,0.39202881,-0.20703611,,,,
231791_at,0.39203246,0.14652668,,,,
230689_at,0.39206538,-0.11434982,,,,
231392_at,0.39209045,-0.03966549,,,,
226828_s_at,0.39212109,0.17092389,,,,
242253_at,0.39212395,0.194354,,,,
216482_x_at,0.39212885,-0.0807386,,,,
241226_at,0.39213523,-0.05394324,,,,
214787_at,0.39215245,0.14801984,,,,
221281_at,0.39216427,-0.05818219,,,,
226799_at,0.39216997,0.20932059,,,,
1553453_at,0.39219386,-0.04471021,,,,
242414_at,0.3922034,0.34269028,,,,
215362_at,0.39220509,-0.05546815,,,,
217272_s_at,0.39220767,0.50303658,,,,
229239_x_at,0.39220777,-0.05102863,,,,
214796_at,0.39221608,-0.06170302,,,,
238572_at,0.39222053,-0.07705681,,,,
202759_s_at,0.39226981,-0.17212954,,,,
214031_s_at,0.39227317,-0.19666026,,,,
231605_at,0.39228557,0.07163238,,,,
228798_x_at,0.3922882,-0.07266462,,,,
1564151_at,0.39228951,0.05189498,,,,
225819_at,0.39229995,-0.13184946,,,,
208051_s_at,0.39235897,0.22335944,,,,
233220_at,0.39238568,-0.17604456,,,,
202028_s_at,0.39238971,-0.1516742,,,,
215323_at,0.3923926,-0.08747663,,,,
1555041_a_at,0.39245908,-0.12868665,,,,
240791_at,0.39254065,-0.0524404,,,,
236366_at,0.39257069,-0.1004733,,,,
1555206_at,0.39258918,0.05355938,,,,
202321_at,0.39262831,0.18541287,,,,
217613_at,0.39263018,-0.0589442,,,,
225095_at,0.39263904,-0.13744435,,,,
226831_at,0.39264446,0.14348835,,,,
232623_at,0.39265063,-0.06917784,,,,
214614_at,0.39268827,-0.27330746,,,,
215377_at,0.39271171,0.0599313,,,,
240239_at,0.39271808,0.13443665,,,,
227400_at,0.3927203,0.25982115,,,,
1563950_at,0.3927412,-0.04687477,,,,
219983_at,0.39276791,0.41466534,,,,
240230_s_at,0.39278898,0.09972086,,,,
204162_at,0.39283561,0.27189526,,,,
228364_at,0.3928441,-0.11096237,,,,
215997_s_at,0.39285252,-0.15900603,,,,
223666_at,0.39286291,-0.1815888,,,,
205632_s_at,0.3928682,-0.5096034,,,,
225335_at,0.39287006,0.13966245,,,,
241426_at,0.39287605,0.07481497,,,,
215412_x_at,0.39288305,0.0931942,,,,
1561413_at,0.39288949,-0.06391648,,,,
216476_at,0.39291923,-0.07610948,,,,
204475_at,0.39295738,-0.66337724,,,,
1562812_at,0.39296922,-0.05567904,,,,
1569331_at,0.39299096,-0.03720888,,,,
214426_x_at,0.39303337,-0.13277514,,,,
217452_s_at,0.39306379,-0.18772116,,,,
223621_at,0.39307119,-0.14275358,,,,
244081_at,0.39309551,-0.05914581,,,,
206026_s_at,0.39309852,0.39829503,,,,
215129_at,0.39315953,0.37401654,,,,
223761_at,0.39316311,-0.16249818,,,,
1568603_at,0.39319355,-0.35709582,,,,
209278_s_at,0.39321227,0.60180101,,,,
213725_x_at,0.39321587,-0.28219138,,,,
231331_at,0.39322354,-0.17604453,,,,
238562_at,0.39322452,-0.22395843,,,,
1562800_at,0.39323354,0.0357992,,,,
244632_at,0.39323677,0.07425323,,,,
238569_at,0.3932458,0.18533118,,,,
1557169_x_at,0.39325639,0.25454539,,,,
235493_at,0.39326688,0.16287506,,,,
1564701_at,0.39328274,0.07187741,,,,
212641_at,0.39328961,-0.1773266,,,,
1552760_at,0.3933006,-0.14316032,,,,
229612_at,0.3933168,-0.09144788,,,,
237498_at,0.39333521,-0.06494943,,,,
212122_at,0.39333989,0.23320112,,,,
1557908_at,0.39334711,-0.07229717,,,,
205837_s_at,0.39335262,-0.03668088,,,,
203658_at,0.3933556,0.21100017,,,,
202868_s_at,0.39339683,0.10031035,,,,
233941_at,0.39344003,-0.06487471,,,,
216365_x_at,0.39345058,-0.28332458,,,,
219174_at,0.39346987,-0.25282701,,,,
236834_at,0.39347007,0.1536814,,,,
230827_at,0.39350452,0.06282313,,,,
1562870_at,0.39354741,-0.0453431,,,,
221840_at,0.39358036,-0.21709699,,,,
240640_at,0.39358145,-0.05307485,,,,
1553266_at,0.39363545,0.03122973,,,,
241736_at,0.39366354,0.11162722,,,,
228330_at,0.39369032,0.13642356,,,,
211265_at,0.39371792,-0.03437564,,,,
1563273_at,0.39374918,-0.0719925,,,,
1566764_at,0.39376637,-0.24893472,,,,
243883_at,0.39378662,-0.05708534,,,,
201291_s_at,0.39381364,0.29467107,,,,
202707_at,0.39384044,0.07473983,,,,
204678_s_at,0.39387832,-0.24005704,,,,
239553_at,0.39389555,0.17799579,,,,
239294_at,0.39390688,-0.2709338,,,,
229036_at,0.39390732,0.0868522,,,,
203240_at,0.39392594,-0.46078395,,,,
1569571_at,0.39393076,0.04752397,,,,
224752_at,0.39397561,0.10752139,,,,
204058_at,0.39397787,0.31777348,,,,
229142_s_at,0.39398031,-0.0647641,,,,
212305_s_at,0.39399343,-0.15079569,,,,
207091_at,0.39399561,-0.21208008,,,,
218364_at,0.39401887,-0.11790412,,,,
227537_s_at,0.39402233,-0.06506937,,,,
213682_at,0.39402906,-0.12099554,,,,
231654_s_at,0.39404156,-0.04953991,,,,
1569660_at,0.39407929,-0.05445195,,,,
236194_at,0.39412245,0.17751973,,,,
1559670_at,0.39413453,-0.04450699,,,,
222227_at,0.39415743,-0.04148108,,,,
222825_at,0.39417656,0.16608884,,,,
233737_s_at,0.3942601,-0.05972865,,,,
1557918_s_at,0.39428402,-0.24590991,,,,
241171_at,0.39428761,0.04228148,,,,
1554604_at,0.39429348,-0.03461396,,,,
205674_x_at,0.39429442,0.34955854,,,,
1556623_at,0.39430719,-0.05593323,,,,
204844_at,0.394321,0.34777367,,,,
233919_s_at,0.39432674,-0.12603589,,,,
201555_at,0.39437265,0.16140542,,,,
1553539_at,0.3943906,0.07657083,,,,
232645_at,0.39441088,-0.13714506,,,,
243513_at,0.3944142,-0.05818708,,,,
210034_s_at,0.39443791,0.07448744,,,,
217860_at,0.3944484,-0.15001199,,,,
234639_x_at,0.39446621,-0.06440261,,,,
217434_at,0.39448935,-0.05809045,,,,
217930_s_at,0.39453617,-0.16466017,,,,
204165_at,0.39454548,0.27903735,,,,
235521_at,0.39461477,-0.39258395,,,,
223345_at,0.39463785,-0.10207529,,,,
220268_at,0.39466426,0.05305459,,,,
209995_s_at,0.39467088,-0.15994146,,,,
240647_at,0.39469395,0.04308223,,,,
226231_at,0.39469623,0.18177556,,,,
243603_at,0.39479477,-0.07724272,,,,
225977_at,0.39481557,0.1663129,,,,
204168_at,0.3948263,-0.18393552,,,,
1568605_at,0.39482938,-0.14173998,,,,
239033_at,0.39483399,0.23327139,,,,
205472_s_at,0.39483402,-0.42630293,,,,
227483_s_at,0.39483975,-0.05638601,,,,
234818_at,0.39484257,-0.05711012,,,,
235410_at,0.39484923,0.17076043,,,,
1559284_at,0.39486597,-0.05461507,,,,
237783_at,0.39486784,-0.06401235,,,,
237464_at,0.39486817,-0.160178,,,,
216186_at,0.39491169,-0.05632772,,,,
207069_s_at,0.39494838,0.20586617,,,,
1558643_s_at,0.39495951,-0.27779184,,,,
1555762_s_at,0.39496958,0.11336476,,,,
228800_x_at,0.39497378,-0.11034114,,,,
211089_s_at,0.39499448,-0.2585228,,,,
213031_s_at,0.39500563,0.08866122,,,,
205517_at,0.3950253,0.35990515,,,,
1553460_at,0.39504452,-0.06539548,,,,
239962_at,0.39506307,0.03733057,,,,
239492_at,0.39508116,0.28736858,,,,
206131_at,0.39508725,-0.05744118,,,,
212339_at,0.39508889,-0.21650596,,,,
230939_at,0.39512479,0.15208378,,,,
215314_at,0.39517301,-0.19498956,,,,
233714_at,0.39521483,-0.03666791,,,,
244814_at,0.3952566,-0.06689404,,,,
243088_at,0.39526533,0.12660456,,,,
234181_at,0.39526622,-0.05422888,,,,
239628_at,0.39528822,-0.0632605,,,,
1556007_s_at,0.39528975,-0.21503371,,,,
1562788_at,0.3953333,-0.05715869,,,,
222009_at,0.39533706,-0.06787324,,,,
208138_at,0.39536226,-0.06808395,,,,
219122_s_at,0.39539363,-0.11756716,,,,
242128_at,0.3954012,0.03252269,,,,
1570054_at,0.39543458,-0.03740175,,,,
209077_at,0.39543701,0.1050308,,,,
216262_s_at,0.39546641,0.19235529,,,,
218424_s_at,0.39546671,0.28027129,,,,
224377_s_at,0.39547245,0.10759484,,,,
1556122_at,0.39554835,0.15199189,,,,
214170_x_at,0.39558092,0.14445271,,,,
223037_at,0.3955825,-0.1031151,,,,
243336_at,0.39561591,-0.06165273,,,,
217146_at,0.39564041,-0.05792356,,,,
1557007_a_at,0.3956862,0.0538667,,,,
209445_x_at,0.39571628,0.13833984,,,,
233315_at,0.39572835,0.08996994,,,,
209043_at,0.39575755,0.15838417,,,,
240753_at,0.39577062,-0.05334094,,,,
216368_s_at,0.39578078,-0.05670784,,,,
220028_at,0.39578202,-0.11216592,,,,
205826_at,0.39581413,0.16355801,,,,
224739_at,0.39583521,-0.12262975,,,,
207510_at,0.3958417,0.20797613,,,,
222611_s_at,0.39584422,-0.23207985,,,,
209956_s_at,0.39584902,0.28352328,,,,
1554866_at,0.39585629,-0.039559,,,,
228628_at,0.39585798,0.20785186,,,,
219514_at,0.39585876,0.22649794,,,,
215778_x_at,0.39589438,0.08198991,,,,
209010_s_at,0.39592763,-0.10164987,,,,
1560684_x_at,0.3959417,-0.12481367,,,,
213370_s_at,0.39598745,-0.13593522,,,,
228407_at,0.39603243,0.38290896,,,,
229859_at,0.39610537,0.07398222,,,,
241161_at,0.39613866,-0.06174469,,,,
208680_at,0.39616744,0.10345864,,,,
203599_s_at,0.39618802,0.13207415,,,,
1557677_a_at,0.39619118,-0.03840621,,,,
202356_s_at,0.39622127,-0.10394995,,,,
215760_s_at,0.39622242,0.11229077,,,,
227468_at,0.3962486,0.15306519,,,,
204668_at,0.39626171,0.16314152,,,,
244479_at,0.39626535,-0.06136005,,,,
200887_s_at,0.39629496,0.14827119,,,,
214016_s_at,0.39630357,0.21717808,,,,
201473_at,0.39632355,-0.18493208,,,,
221087_s_at,0.39634217,-0.20196682,,,,
244057_s_at,0.39636966,0.1316638,,,,
240767_x_at,0.39636983,0.06784089,,,,
214469_at,0.39637558,0.37010703,,,,
1553526_at,0.39638343,-0.06243921,,,,
223454_at,0.39644268,-0.21852901,,,,
222759_at,0.396451,0.1499758,,,,
228428_at,0.39647807,-0.04550579,,,,
204199_at,0.39648508,-0.2407062,,,,
217765_at,0.39652189,0.12147507,,,,
1565693_at,0.39657523,-0.03921859,,,,
211667_x_at,0.39658736,-0.06736877,,,,
208294_x_at,0.39658976,-0.06151312,,,,
1554545_at,0.39659746,-0.0592195,,,,
233028_at,0.3966019,-0.03742365,,,,
224129_s_at,0.39660245,0.10691224,,,,
1558409_at,0.39662214,0.08009339,,,,
1565612_at,0.39663347,-0.04652304,,,,
201201_at,0.39663752,-0.1427589,,,,
1555379_at,0.39664034,-0.04865563,,,,
233083_at,0.39664126,0.0825094,,,,
211972_x_at,0.39664521,0.06065579,,,,
1557211_a_at,0.39666772,0.04577873,,,,
1566853_at,0.39667747,-0.05354672,,,,
241360_at,0.39669476,0.19677217,,,,
231946_at,0.39671144,-0.05749004,,,,
239552_at,0.39671408,0.33815394,,,,
238415_at,0.39673642,0.06013644,,,,
236770_at,0.39673816,-0.06001952,,,,
1564473_at,0.39675879,-0.04005949,,,,
219461_at,0.39676015,0.21905725,,,,
202412_s_at,0.39676931,0.19555275,,,,
237989_at,0.39678691,-0.03824575,,,,
201263_at,0.3968214,0.13171917,,,,
223268_at,0.39682158,0.2428199,,,,
231649_at,0.39682842,-0.05472917,,,,
241948_at,0.39684579,-0.13877217,,,,
220048_at,0.39687216,-0.21295021,,,,
1557120_at,0.39687379,-0.07992855,,,,
211493_x_at,0.39693919,-0.08572063,,,,
1557154_at,0.39697786,-0.0741973,,,,
202651_at,0.39699412,0.16167444,,,,
219502_at,0.39701141,0.20297579,,,,
211412_at,0.39701469,-0.0381484,,,,
214488_at,0.39705464,-0.21853574,,,,
228200_at,0.39706228,0.13798247,,,,
225758_s_at,0.39707002,-0.12556055,,,,
244116_at,0.39707095,0.16297827,,,,
231276_at,0.39709272,0.06258321,,,,
217662_x_at,0.39711192,-0.07850221,,,,
218621_at,0.39711601,-0.10267988,,,,
220604_x_at,0.39714032,0.38808203,,,,
240453_at,0.39714155,0.10580576,,,,
44673_at,0.3971606,-0.2018174,,,,
235750_at,0.39719015,-0.0668555,,,,
229415_at,0.39720032,-0.17954547,,,,
1569006_at,0.39720925,-0.05355398,,,,
229179_at,0.39721474,-0.10157523,,,,
218824_at,0.39721493,0.51075587,,,,
237127_at,0.39723741,0.22442617,,,,
1553296_at,0.3972512,-0.45730805,,,,
219444_at,0.39725372,0.07613704,,,,
1563776_at,0.39726974,-0.07102567,,,,
242334_at,0.39727431,-0.07264835,,,,
1553263_at,0.3972981,-0.06740034,,,,
214194_at,0.39732939,-0.10358253,,,,
1556573_s_at,0.39733259,0.19519435,,,,
236787_at,0.39733313,-0.1687536,,,,
215326_at,0.3973573,-0.05179216,,,,
233680_at,0.39738241,-0.04725152,,,,
1569090_x_at,0.3974202,-0.05907192,,,,
37020_at,0.39742202,0.98194774,,,,
232451_at,0.39742468,0.28557026,,,,
1562116_at,0.39745405,-0.04985728,,,,
232681_at,0.39746653,-0.16224244,,,,
1558893_a_at,0.39746963,0.03303839,,,,
231330_at,0.39749395,-0.05016436,,,,
226012_at,0.39749669,-0.0920841,,,,
205093_at,0.3975172,-0.17245047,,,,
214226_at,0.39753054,-0.09058294,,,,
1554543_at,0.39753761,-0.06000804,,,,
243724_at,0.39760187,0.09628865,,,,
207710_at,0.39762049,0.26749738,,,,
220016_at,0.3976546,0.24512304,,,,
201560_at,0.39769482,0.17402137,,,,
49111_at,0.39772447,-0.15021621,,,,
220352_x_at,0.39775469,0.10751172,,,,
1563207_at,0.39780247,0.04139274,,,,
232839_at,0.39781697,0.05955362,,,,
201154_x_at,0.3978203,-0.08380345,,,,
210869_s_at,0.39782615,0.21959166,,,,
1569462_x_at,0.39782732,-0.05171823,,,,
233316_at,0.39786333,-0.0413921,,,,
240949_x_at,0.39789693,0.04970849,,,,
211111_at,0.39790439,-0.04693375,,,,
229167_at,0.3979136,-0.12363111,,,,
216869_at,0.39794374,-0.07628085,,,,
237897_at,0.39794554,0.08098289,,,,
237243_at,0.39795393,0.03307666,,,,
230353_at,0.39798556,0.10703044,,,,
212694_s_at,0.39801683,0.20041733,,,,
204831_at,0.3980195,0.1666194,,,,
205463_s_at,0.39804465,-0.23171585,,,,
223922_x_at,0.39806324,-0.23959694,,,,
217910_x_at,0.39807427,-0.09188501,,,,
1566900_at,0.39809259,-0.05466578,,,,
91617_at,0.39809618,0.11351218,,,,
217472_at,0.39810983,-0.06224739,,,,
224658_x_at,0.39811248,0.07713308,,,,
228326_at,0.39811328,0.14679064,,,,
227388_at,0.3981218,-0.24682658,,,,
230080_at,0.39814647,-0.09377721,,,,
236672_at,0.39818219,-0.07104966,,,,
205559_s_at,0.3982002,0.31235637,,,,
212864_at,0.3982068,0.1506314,,,,
202414_at,0.39823198,-0.12109853,,,,
216541_x_at,0.39825635,-0.21026944,,,,
242269_at,0.39825969,-0.05232687,,,,
1562733_at,0.39826229,-0.06202329,,,,
236769_at,0.39827436,-0.26093664,,,,
1561300_at,0.39828644,0.03562967,,,,
234052_at,0.39829962,-0.04152531,,,,
1561264_at,0.39831693,-0.03613962,,,,
214314_s_at,0.3983215,0.10366323,,,,
1559352_a_at,0.39839685,-0.08492024,,,,
213147_at,0.39843539,-0.28440754,,,,
232302_at,0.39848951,-0.05008477,,,,
238002_at,0.39859872,0.16914345,,,,
206247_at,0.39860049,-0.26719684,,,,
209476_at,0.39860759,0.10751433,,,,
227633_at,0.39861132,-0.12340592,,,,
1553114_a_at,0.39867278,-0.22586106,,,,
203287_at,0.39867595,-0.28430991,,,,
1559923_at,0.39867789,-0.05449071,,,,
1557681_s_at,0.39869438,-0.0699349,,,,
222528_s_at,0.39877626,-0.25015149,,,,
229960_at,0.39877696,-0.05758877,,,,
235141_at,0.39878616,0.35371691,,,,
236788_at,0.39878986,-0.06262618,,,,
1556564_at,0.3988002,-0.0629229,,,,
236850_at,0.39880429,0.09001634,,,,
212184_s_at,0.3988088,0.11416304,,,,
226110_at,0.39882557,0.14927369,,,,
218167_at,0.39884533,0.13971116,,,,
1569203_at,0.39886088,-0.12362346,,,,
209335_at,0.39886092,0.39417562,,,,
1566585_at,0.39886462,0.03799209,,,,
209746_s_at,0.398868,0.11428588,,,,
1555523_a_at,0.39890884,-0.0665509,,,,
209350_s_at,0.39895422,-0.12528388,,,,
242684_at,0.39897077,0.08078725,,,,
236984_at,0.39898742,-0.18031129,,,,
1564785_at,0.39899199,-0.06443342,,,,
236117_at,0.39900197,-0.16950647,,,,
243303_at,0.39900823,0.17756707,,,,
214474_at,0.39903814,0.20217113,,,,
1564805_a_at,0.39904532,-0.04346682,,,,
243741_at,0.39904899,-0.04703209,,,,
207064_s_at,0.39907317,-0.10133423,,,,
222947_at,0.39907475,0.07198108,,,,
204687_at,0.39909144,-0.30325623,,,,
237298_at,0.39912292,-0.1602178,,,,
1558957_s_at,0.39913678,-0.0500005,,,,
218035_s_at,0.39913994,-0.253402,,,,
238726_at,0.39914931,0.1420642,,,,
235950_at,0.39915031,-0.05698953,,,,
225565_at,0.39915852,0.12752456,,,,
227129_x_at,0.39920039,-0.16113679,,,,
200037_s_at,0.39920841,0.10647646,,,,
1566527_at,0.39924197,-0.06044283,,,,
232570_s_at,0.39925735,0.12879726,,,,
240325_x_at,0.39925969,-0.06149094,,,,
1565602_at,0.39926741,0.04905618,,,,
205991_s_at,0.39928356,0.43638503,,,,
233453_at,0.39928605,-0.05616302,,,,
1556992_at,0.39931454,-0.05044867,,,,
200787_s_at,0.39932778,-0.22796302,,,,
218003_s_at,0.39935047,0.12834728,,,,
227612_at,0.39937862,-0.05861463,,,,
232572_at,0.39939233,-0.04955586,,,,
203415_at,0.39942176,-0.16542988,,,,
206732_at,0.39943094,0.10794086,,,,
238854_at,0.39944102,0.13845492,,,,
207610_s_at,0.3994689,-0.20913283,,,,
236098_at,0.39947177,-0.23634156,,,,
1553592_x_at,0.39948053,-0.05326981,,,,
234781_at,0.39949579,-0.05296743,,,,
209297_at,0.39951878,0.15214311,,,,
1554681_a_at,0.39952034,-0.07117402,,,,
217171_at,0.39952421,0.06236642,,,,
239502_at,0.39956037,-0.06017598,,,,
232057_at,0.3995953,-0.10284768,,,,
243218_at,0.39960672,0.09007345,,,,
217496_s_at,0.39962184,0.14453179,,,,
203144_s_at,0.39963785,-0.17067203,,,,
229054_at,0.39967867,0.09593757,,,,
225485_at,0.39969349,0.20714455,,,,
229615_at,0.39972245,0.15567662,,,,
1560952_at,0.39974169,-0.05445794,,,,
236169_at,0.39974225,-0.05229876,,,,
211377_x_at,0.39975203,0.06104762,,,,
226765_at,0.39975774,0.17368659,,,,
222399_s_at,0.39976803,-0.1174716,,,,
223879_s_at,0.3997861,-0.17308365,,,,
228332_s_at,0.39978973,0.09988854,,,,
200061_s_at,0.39979542,0.06974754,,,,
228158_at,0.39980935,0.27130665,,,,
1569661_at,0.39986296,0.05909264,,,,
232534_at,0.39987837,0.0636887,,,,
236220_at,0.39989179,0.24721205,,,,
229937_x_at,0.39992833,-0.24360375,,,,
215965_at,0.39993403,0.05038682,,,,
236265_at,0.39994543,0.16897616,,,,
209886_s_at,0.39996505,-0.09231789,,,,
230085_at,0.39996673,-0.23234621,,,,
228171_s_at,0.39997456,0.20818269,,,,
235117_at,0.39998562,0.19341718,,,,
242774_at,0.39999925,-0.14703063,,,,
216818_s_at,0.40010185,-0.05567205,,,,
212685_s_at,0.4001623,0.09166498,,,,
236908_at,0.40017417,0.09286493,,,,
203680_at,0.40018608,0.39144391,,,,
211549_s_at,0.40024452,-0.39478482,,,,
238318_at,0.40024543,-0.12493702,,,,
240398_at,0.40025857,0.05089392,,,,
236759_at,0.40027024,-0.06217042,,,,
209818_s_at,0.40027797,-0.12557538,,,,
207210_at,0.40030855,-0.07673783,,,,
219152_at,0.40031653,0.21297536,,,,
232325_at,0.40032127,0.73298596,,,,
218052_s_at,0.40032661,-0.12645185,,,,
1557620_a_at,0.40033108,-0.053852,,,,
230069_at,0.40035572,0.1621247,,,,
240653_at,0.40037612,-0.0454724,,,,
232912_at,0.40038412,-0.07012805,,,,
230771_at,0.40045461,-0.08992998,,,,
1561461_at,0.40048734,-0.04103341,,,,
224871_at,0.40050013,-0.14000729,,,,
218115_at,0.40051153,-0.19408091,,,,
206496_at,0.40051757,0.63251079,,,,
242693_at,0.40057428,0.07922279,,,,
208115_x_at,0.40061629,-0.06403946,,,,
219716_at,0.40062026,-0.1924725,,,,
1558953_s_at,0.40062721,-0.15601094,,,,
214788_x_at,0.40064098,-0.07411351,,,,
218526_s_at,0.40064647,0.12451102,,,,
41512_at,0.40066518,0.09965396,,,,
217570_x_at,0.40068423,-0.05653012,,,,
206109_at,0.40069477,0.13902566,,,,
230097_at,0.40070261,0.2055102,,,,
1562378_s_at,0.4007059,-0.11602643,,,,
206987_x_at,0.40070678,0.31562383,,,,
225532_at,0.40071955,0.23464946,,,,
1570272_at,0.40073452,-0.05218999,,,,
235310_at,0.40075302,-0.10925756,,,,
240814_at,0.40075664,-0.0547668,,,,
1564385_at,0.4007948,-0.08276012,,,,
203728_at,0.40080717,-0.1124509,,,,
238145_at,0.40081286,-0.05811928,,,,
204063_s_at,0.40082174,0.19803721,,,,
202915_s_at,0.40085944,0.12708482,,,,
236689_at,0.40087672,-0.05986782,,,,
210231_x_at,0.40088381,-0.09395902,,,,
201424_s_at,0.40089194,-0.11144991,,,,
235287_at,0.40091917,0.24306461,,,,
221289_at,0.40096943,0.08374684,,,,
1553335_x_at,0.40097558,-0.05081961,,,,
202639_s_at,0.40099582,0.06678192,,,,
236670_s_at,0.40102353,-0.03893478,,,,
206115_at,0.40102763,-0.32631406,,,,
215229_at,0.4010314,0.07911964,,,,
239969_at,0.40106319,0.08615782,,,,
226179_at,0.40106548,-0.24007961,,,,
238540_at,0.40108931,-0.09558313,,,,
1553060_at,0.40113239,0.06330053,,,,
213943_at,0.40114987,0.47298705,,,,
222379_at,0.40115122,0.29927785,,,,
243634_at,0.40120182,0.2302291,,,,
1569921_at,0.40122407,0.03965909,,,,
1553436_at,0.40122928,-0.22761326,,,,
222064_s_at,0.40123177,0.09677771,,,,
203769_s_at,0.4012392,-0.19964686,,,,
1564796_at,0.40126562,-0.10161387,,,,
208569_at,0.40129072,0.05652037,,,,
1560390_s_at,0.40131677,-0.04803516,,,,
226953_at,0.40134525,-0.05444133,,,,
235220_at,0.40136843,0.07882481,,,,
201676_x_at,0.40137446,0.09649931,,,,
209945_s_at,0.40140254,0.14668172,,,,
226698_at,0.4014066,-0.10546624,,,,
228915_at,0.4014197,-0.52217155,,,,
37566_at,0.40142672,-0.03726481,,,,
1554091_a_at,0.40143214,-0.09554051,,,,
226795_at,0.40144245,-0.17135974,,,,
1557166_at,0.40146133,0.09058067,,,,
228063_s_at,0.40147605,0.27401188,,,,
1569874_s_at,0.40149399,-0.04351712,,,,
232261_at,0.40153752,-0.04392892,,,,
222723_at,0.40154354,0.12868746,,,,
1553895_at,0.40154898,-0.06140114,,,,
202609_at,0.40158423,-0.22659973,,,,
201062_at,0.40159115,0.08379912,,,,
201801_s_at,0.40160425,-0.22461597,,,,
1556677_at,0.40161681,0.12523956,,,,
1569190_at,0.4016589,-0.14216458,,,,
235276_at,0.40171811,-0.27631321,,,,
228858_at,0.40172209,0.07372999,,,,
227432_s_at,0.40172887,0.16357789,,,,
225002_s_at,0.40173346,-0.12098786,,,,
201189_s_at,0.4017653,-0.23708255,,,,
211892_s_at,0.40177068,0.2287581,,,,
241469_at,0.40180672,0.16658895,,,,
217110_s_at,0.40181374,-0.34493995,,,,
237398_at,0.40183685,0.06844279,,,,
210138_at,0.40184269,0.44656502,,,,
1559620_at,0.40187786,-0.0715097,,,,
220149_at,0.40188687,-0.18279905,,,,
206327_s_at,0.40188916,0.07574169,,,,
238832_at,0.40190043,-0.06028613,,,,
228017_s_at,0.40190392,0.25604632,,,,
222420_s_at,0.40191131,0.16131096,,,,
212801_at,0.40192911,-0.16809737,,,,
217321_x_at,0.40196145,0.04405223,,,,
40225_at,0.4019972,-0.08695594,,,,
223014_at,0.40202097,-0.12757289,,,,
1560692_at,0.40202985,0.13325164,,,,
1566504_at,0.40204233,-0.04209312,,,,
206007_at,0.40208324,0.42406963,,,,
235405_at,0.40210926,0.2236651,,,,
225284_at,0.40212699,0.12784585,,,,
1560204_at,0.40214527,0.0652833,,,,
204023_at,0.40218279,0.18746482,,,,
234994_at,0.40219909,-0.39153933,,,,
230801_at,0.40220589,-0.0541971,,,,
32625_at,0.40220915,0.24484669,,,,
1561478_at,0.40222541,-0.04979247,,,,
1557578_at,0.40228362,0.11550895,,,,
200894_s_at,0.40230393,0.25489609,,,,
212233_at,0.40233027,0.29396774,,,,
1552667_a_at,0.40233151,-0.1035204,,,,
205084_at,0.40234132,0.1226607,,,,
209411_s_at,0.40235243,-0.1142088,,,,
214511_x_at,0.40243626,-0.23017731,,,,
208705_s_at,0.40245471,0.10330972,,,,
237797_at,0.40246474,0.0409498,,,,
206597_at,0.4024822,-0.0706988,,,,
243144_at,0.40251258,0.04991624,,,,
1552466_x_at,0.40251665,-0.0369942,,,,
232414_at,0.40253246,0.07111657,,,,
214120_at,0.40255351,0.15203175,,,,
211881_x_at,0.40256123,-0.33796398,,,,
236469_at,0.40256362,0.06825451,,,,
242847_at,0.40256483,0.10053739,,,,
208548_at,0.40260321,0.03695744,,,,
240944_at,0.40260863,-0.06069283,,,,
225406_at,0.40262345,0.20249084,,,,
218501_at,0.40266038,-0.20732395,,,,
207390_s_at,0.40266153,-0.16857716,,,,
1562458_at,0.40267,-0.05316062,,,,
226080_at,0.40267484,-0.13565213,,,,
203434_s_at,0.40267602,-0.3944539,,,,
232610_at,0.40267744,-0.04918879,,,,
1564521_x_at,0.40268881,0.0946764,,,,
238093_at,0.40269739,-0.05211685,,,,
224979_s_at,0.40270796,0.11900876,,,,
221896_s_at,0.40271255,0.12753205,,,,
216939_s_at,0.40272888,-0.05313273,,,,
223175_s_at,0.40275164,0.0729927,,,,
235206_at,0.40275933,0.10499403,,,,
219865_at,0.40278795,0.14558086,,,,
204515_at,0.40280397,0.29316933,,,,
225150_s_at,0.4028174,0.23097603,,,,
221703_at,0.402877,-0.15492735,,,,
244264_at,0.40288217,0.15588164,,,,
239273_s_at,0.40292053,-0.35303044,,,,
1569022_a_at,0.40292402,0.12439675,,,,
231302_at,0.40293702,-0.12169888,,,,
206184_at,0.40298555,-0.14330568,,,,
203994_s_at,0.40302878,-0.08861735,,,,
210760_x_at,0.40303487,0.05938192,,,,
215847_at,0.40303591,0.12980762,,,,
239054_at,0.40303779,-0.13176382,,,,
1569149_at,0.40308413,-0.10869396,,,,
235782_at,0.40309163,0.20802441,,,,
206663_at,0.40311597,-0.05989361,,,,
228791_at,0.40312982,-0.11700748,,,,
216968_at,0.40313845,-0.05837678,,,,
214134_at,0.40315444,-0.0359222,,,,
1556928_at,0.40315548,-0.04702348,,,,
208582_s_at,0.40319936,-0.05341674,,,,
1559138_a_at,0.403207,-0.04613627,,,,
221758_at,0.40323772,0.09556679,,,,
202400_s_at,0.40326538,-0.07052832,,,,
1569133_x_at,0.40328164,0.05490144,,,,
200970_s_at,0.40329487,0.10782388,,,,
1554062_at,0.40332515,0.39802679,,,,
1557557_at,0.40332789,-0.05236108,,,,
1569275_at,0.40333681,0.03947938,,,,
228439_at,0.40334978,-0.18031256,,,,
52169_at,0.40339685,0.10462222,,,,
227637_at,0.40340029,-0.10488168,,,,
213918_s_at,0.40340748,0.111167,,,,
229011_at,0.4034214,-0.31583951,,,,
232498_at,0.40345613,0.08386069,,,,
208478_s_at,0.40349155,-0.14452123,,,,
236385_at,0.40349951,-0.17855074,,,,
212244_at,0.403596,0.11812247,,,,
205944_s_at,0.40359884,-0.10975657,,,,
206550_s_at,0.40359902,0.16493053,,,,
244433_at,0.40367745,0.2195615,,,,
203230_at,0.40367913,-0.14362145,,,,
237467_at,0.40370644,-0.05798068,,,,
1562830_at,0.40372341,-0.05077814,,,,
204003_s_at,0.40374497,0.10827385,,,,
218375_at,0.40375766,0.1028673,,,,
223188_at,0.40376724,-0.07277009,,,,
1560013_at,0.40380118,0.09528679,,,,
234779_at,0.40380519,0.03229692,,,,
244337_at,0.40381028,-0.04213862,,,,
216377_x_at,0.40384339,-0.07484031,,,,
212164_at,0.40384507,-0.1042274,,,,
223375_at,0.40384937,-0.07447586,,,,
244552_at,0.4038581,0.21009328,,,,
204850_s_at,0.40388713,0.33092388,,,,
201322_at,0.40389641,-0.1078172,,,,
205252_at,0.40393761,0.08490356,,,,
240077_at,0.40395068,-0.0540019,,,,
238936_at,0.4039794,0.09640324,,,,
219256_s_at,0.40400523,-0.1849078,,,,
229606_at,0.404013,-0.18850163,,,,
218808_at,0.40404011,0.09123131,,,,
236343_at,0.40404134,-0.0692655,,,,
208961_s_at,0.40405667,-0.20604346,,,,
237359_at,0.40405685,-0.05766537,,,,
243503_at,0.40406162,0.08563078,,,,
244182_at,0.40408359,0.0632858,,,,
240309_at,0.40409863,0.053697,,,,
223813_at,0.40409868,0.09095005,,,,
232755_at,0.40411066,0.08610599,,,,
233716_at,0.4041374,0.04623176,,,,
202944_at,0.40413758,-0.10772051,,,,
211948_x_at,0.40415456,-0.12000526,,,,
209782_s_at,0.4041634,-0.16067345,,,,
225047_at,0.40417939,0.1351294,,,,
214300_s_at,0.40420048,-0.07556853,,,,
215043_s_at,0.40420712,0.33062519,,,,
220377_at,0.40427337,-0.09339709,,,,
200977_s_at,0.40430205,0.11687946,,,,
226935_s_at,0.40431719,-0.12257655,,,,
215998_at,0.40436298,-0.04869122,,,,
205656_at,0.40436684,0.19421708,,,,
219753_at,0.40437466,0.16139708,,,,
232384_s_at,0.40437979,0.06791222,,,,
235164_at,0.4044067,0.15542106,,,,
1564010_at,0.40445744,-0.08204205,,,,
203632_s_at,0.40446947,0.34721855,,,,
225864_at,0.40447467,0.29365769,,,,
214996_at,0.40448304,-0.09057741,,,,
1556884_a_at,0.40449766,0.03206288,,,,
215078_at,0.40457328,-0.14867541,,,,
220315_at,0.40457534,0.12863212,,,,
207698_at,0.40459269,-0.13394685,,,,
212009_s_at,0.40460151,-0.27902429,,,,
216851_at,0.4046124,-0.06072524,,,,
203163_at,0.40462371,-0.1140031,,,,
230919_at,0.40465809,0.11995298,,,,
65517_at,0.40466348,-0.23435184,,,,
237283_at,0.40466989,-0.04549717,,,,
206973_at,0.40468327,0.1160057,,,,
211644_x_at,0.4046861,-0.46683009,,,,
207564_x_at,0.40470645,-0.16834258,,,,
201400_at,0.40472128,0.08961879,,,,
230228_at,0.40477292,0.1329427,,,,
219102_at,0.40481606,-0.151472,,,,
216397_s_at,0.40481746,0.17353599,,,,
212318_at,0.4048178,-0.10620432,,,,
41386_i_at,0.40482475,-0.07862476,,,,
231900_at,0.40483858,-0.05471133,,,,
1555165_a_at,0.40486429,-0.09043783,,,,
228511_s_at,0.40489256,0.06378645,,,,
205603_s_at,0.40493175,-0.21624576,,,,
1552266_at,0.40494341,0.11549759,,,,
238327_at,0.40495446,0.189325,,,,
231778_at,0.40496838,0.11240608,,,,
221423_s_at,0.40498061,-0.12839429,,,,
223661_at,0.40498579,-0.20957465,,,,
231653_at,0.40500276,-0.05082414,,,,
210137_s_at,0.40502265,-0.11601881,,,,
1557682_a_at,0.40502927,0.14127058,,,,
214248_s_at,0.40503701,-0.14114364,,,,
1569408_at,0.40506377,-0.04044035,,,,
1569178_at,0.40507275,0.03727452,,,,
213654_at,0.40508413,-0.10327721,,,,
1557700_at,0.40509785,-0.08705562,,,,
239740_at,0.40510149,0.12524246,,,,
208657_s_at,0.40510173,0.09807944,,,,
214559_at,0.40511716,-0.04598595,,,,
229736_at,0.40511966,0.21384595,,,,
229617_x_at,0.40512052,-0.05647401,,,,
225309_at,0.40512088,0.12332724,,,,
1552511_a_at,0.40512698,-0.26986913,,,,
224373_s_at,0.40513152,-0.05127029,,,,
234574_at,0.40515962,-0.0533629,,,,
206753_at,0.40517716,0.4743879,,,,
231517_at,0.40519651,0.17961599,,,,
1564584_at,0.40522075,0.04320461,,,,
235613_at,0.40526722,0.17914743,,,,
239057_at,0.40527279,0.32362526,,,,
244197_x_at,0.40528464,0.14926008,,,,
210780_at,0.40534626,-0.07035485,,,,
243109_at,0.40536713,-0.25044461,,,,
1563532_at,0.40537141,-0.04828648,,,,
1554937_x_at,0.40537319,-0.0619766,,,,
208011_at,0.40539158,-0.04251738,,,,
213351_s_at,0.40540798,0.09940507,,,,
219951_s_at,0.40541606,0.15893571,,,,
244855_at,0.40542275,-0.05729494,,,,
1555846_a_at,0.40545755,-0.14822161,,,,
209824_s_at,0.40546065,-0.12990354,,,,
202578_s_at,0.4054726,-0.14184615,,,,
240574_at,0.4054972,0.18246355,,,,
211961_s_at,0.40552052,0.10891027,,,,
234204_at,0.40556298,0.05191752,,,,
232386_at,0.40557345,-0.1109619,,,,
208077_at,0.40557452,-0.04092612,,,,
237457_at,0.40557872,-0.05265968,,,,
209132_s_at,0.40557883,-0.12013093,,,,
205033_s_at,0.40558628,0.40029863,,,,
222617_s_at,0.40560401,0.11962984,,,,
214543_x_at,0.40561865,-0.18822632,,,,
241194_at,0.4056287,0.03558475,,,,
239404_at,0.40564493,-0.10203406,,,,
242840_at,0.40564901,0.04288547,,,,
219987_at,0.40564999,0.19180554,,,,
1553828_at,0.40566916,-0.28594764,,,,
228145_s_at,0.40567399,0.12732362,,,,
209585_s_at,0.4056856,0.13904704,,,,
207630_s_at,0.40572225,0.12960486,,,,
229129_at,0.40573732,0.18987005,,,,
206839_at,0.40573813,0.07802467,,,,
236199_at,0.40574498,-0.05816499,,,,
204249_s_at,0.40574753,0.20839934,,,,
1552493_s_at,0.40575697,-0.04277311,,,,
241397_at,0.40579263,0.1835095,,,,
244255_at,0.40580268,-0.04818637,,,,
220114_s_at,0.4058053,0.20399103,,,,
216125_s_at,0.4058172,0.16510796,,,,
240405_at,0.40582845,-0.05369385,,,,
218370_s_at,0.40583187,0.16941652,,,,
222113_s_at,0.40584018,0.15637189,,,,
1556749_at,0.40588686,-0.05501639,,,,
217151_at,0.40589539,0.04903397,,,,
227283_at,0.40592496,-0.17917091,,,,
203214_x_at,0.40592778,0.26432979,,,,
226863_at,0.40594084,0.4114651,,,,
235802_at,0.40596688,-0.08301667,,,,
218676_s_at,0.40598375,0.20933076,,,,
225224_at,0.40598921,-0.19471689,,,,
222522_x_at,0.4060117,0.14354792,,,,
244780_at,0.40603652,-0.40387034,,,,
216545_at,0.40606313,-0.06786104,,,,
230885_at,0.4060638,0.16569617,,,,
218293_x_at,0.40606888,-0.07524073,,,,
237819_at,0.40607304,-0.05134102,,,,
1554418_s_at,0.40607546,-0.04410151,,,,
217224_at,0.40609032,-0.04758605,,,,
224468_s_at,0.40614126,-0.16869954,,,,
1570215_at,0.40615438,-0.04926765,,,,
214305_s_at,0.4061702,0.13547199,,,,
220788_s_at,0.40619939,0.10264573,,,,
224042_at,0.4062256,-0.09341438,,,,
229760_at,0.40622914,-0.10418276,,,,
223083_s_at,0.40623962,-0.08162146,,,,
207967_at,0.40626803,-0.05895216,,,,
209890_at,0.40628038,-0.27373287,,,,
1566605_at,0.40629672,-0.07358765,,,,
239090_at,0.40630833,0.09938594,,,,
233623_at,0.40634824,-0.04705695,,,,
1554580_a_at,0.40635057,-0.04599556,,,,
1561247_at,0.40635701,0.03778845,,,,
1557895_at,0.40640681,0.12859599,,,,
236793_at,0.40644276,-0.0311035,,,,
214521_at,0.4064549,-0.08467095,,,,
237943_at,0.40645814,0.08673146,,,,
1553244_at,0.4064794,0.07339038,,,,
226419_s_at,0.40648507,-0.22941539,,,,
205552_s_at,0.40651131,-0.32197787,,,,
207798_s_at,0.40651866,-0.09484439,,,,
217217_at,0.40653602,0.06942731,,,,
205388_at,0.40654291,0.39942443,,,,
204279_at,0.40656823,-0.25809311,,,,
AFFX-HUMGAPDH/M33197_M_at,0.40657115,-0.13340788,,,,
217926_at,0.4065875,-0.1182975,,,,
204027_s_at,0.40661055,0.11887761,,,,
216489_at,0.40661385,-0.05296493,,,,
50374_at,0.40662706,0.12768552,,,,
226025_at,0.406644,0.1011565,,,,
214837_at,0.40668063,0.45921686,,,,
242891_at,0.40668143,-0.0607004,,,,
203899_s_at,0.40669736,-0.1028407,,,,
237651_x_at,0.40670281,0.18452866,,,,
1554335_at,0.40670767,-0.05972201,,,,
202166_s_at,0.40679027,0.13642459,,,,
231017_at,0.40680361,-0.10665386,,,,
213680_at,0.40680838,0.645726,,,,
223443_s_at,0.40680981,0.14369706,,,,
206153_at,0.40683048,-0.35556543,,,,
203869_at,0.4068514,0.15082341,,,,
227063_at,0.40686307,0.13510601,,,,
244024_at,0.40687498,0.11457192,,,,
219473_at,0.40692954,0.09540397,,,,
234363_at,0.40693634,-0.04560463,,,,
208533_at,0.40695153,-0.05739831,,,,
243852_at,0.40696937,0.07988,,,,
1558941_at,0.4069767,0.1298919,,,,
208747_s_at,0.40698475,0.29407752,,,,
214168_s_at,0.40698487,-0.16979758,,,,
220861_at,0.40698647,-0.05989818,,,,
1564656_at,0.40701021,0.05917209,,,,
242653_at,0.40701666,-0.03718403,,,,
1555778_a_at,0.40701853,0.35021317,,,,
217785_s_at,0.40704175,-0.18148658,,,,
221320_at,0.40707931,0.07423791,,,,
205356_at,0.40708209,0.19055328,,,,
231379_at,0.40712879,-0.05224479,,,,
215846_at,0.40716747,-0.04530993,,,,
210600_s_at,0.40718386,-0.04965722,,,,
228434_at,0.40722412,-0.34847082,,,,
210636_at,0.40723735,-0.06518888,,,,
1569894_at,0.40724829,-0.07016532,,,,
204991_s_at,0.40726059,0.13353613,,,,
226172_at,0.40727571,-0.06543109,,,,
234949_at,0.40728236,-0.10870107,,,,
206080_at,0.40729069,-0.09610013,,,,
1565680_at,0.40731788,-0.03971346,,,,
235520_at,0.40733014,0.16124632,,,,
1560754_at,0.40736298,0.10510147,,,,
1556536_at,0.40738489,-0.05318883,,,,
236677_at,0.4074611,-0.08516773,,,,
237956_s_at,0.40749074,-0.04758591,,,,
207216_at,0.40750723,-0.12095025,,,,
224300_x_at,0.40754081,0.36843707,,,,
225767_at,0.40754788,0.20299349,,,,
1560763_at,0.40755002,0.08045365,,,,
224526_at,0.40756652,-0.05293543,,,,
211356_x_at,0.40759766,0.41642561,,,,
201076_at,0.40763219,-0.10797494,,,,
230953_at,0.40763828,0.05569066,,,,
207825_s_at,0.40766931,-0.06755447,,,,
209514_s_at,0.40767528,-0.18404781,,,,
1562030_at,0.40767579,-0.06086254,,,,
221400_at,0.40772643,-0.07056005,,,,
212113_at,0.40779823,0.14924725,,,,
209118_s_at,0.40780485,0.22474101,,,,
1560742_at,0.40785097,-0.05747688,,,,
221617_at,0.4078725,-0.10205066,,,,
226297_at,0.40787877,0.11339661,,,,
220503_at,0.40791798,0.18658054,,,,
209159_s_at,0.40794568,-0.24374499,,,,
241905_at,0.4079462,0.18908625,,,,
202185_at,0.40797188,0.17587864,,,,
201761_at,0.40801042,0.18011694,,,,
221031_s_at,0.40802397,0.24253288,,,,
230715_at,0.4080371,0.15241874,,,,
223810_at,0.40803738,0.05218499,,,,
240605_at,0.40805927,-0.0382163,,,,
209252_at,0.40806071,-0.09540116,,,,
216266_s_at,0.4080641,-0.18163838,,,,
1556170_at,0.40808876,-0.03569376,,,,
235546_at,0.40812026,-0.11765438,,,,
230644_at,0.40812223,0.21241521,,,,
209787_s_at,0.40812356,0.12426214,,,,
238044_at,0.40812659,0.1770336,,,,
235650_at,0.40815717,0.07295561,,,,
1559303_at,0.40816281,-0.04781515,,,,
223702_x_at,0.40817936,0.33588908,,,,
213613_s_at,0.40824202,-0.06395846,,,,
232045_at,0.40825778,0.07829208,,,,
236059_at,0.40826758,-0.06169293,,,,
204161_s_at,0.4083036,0.26997147,,,,
1568736_s_at,0.40831234,0.17852529,,,,
1554520_at,0.4083419,0.08824144,,,,
202104_s_at,0.40835046,-0.10926233,,,,
240711_at,0.40835698,-0.09656455,,,,
238605_at,0.40836613,-0.17810683,,,,
1554507_at,0.40840349,0.08953157,,,,
210343_s_at,0.40843529,0.06850959,,,,
1553199_at,0.40845812,0.04116518,,,,
227786_at,0.40846674,0.12288262,,,,
211917_s_at,0.40850888,0.24391366,,,,
235762_at,0.40851575,0.21003284,,,,
1559034_at,0.40852993,-0.1554911,,,,
1557470_at,0.40854211,-0.10332252,,,,
1554969_x_at,0.40857149,-0.05235626,,,,
232933_at,0.40858831,-0.0576059,,,,
212322_at,0.40858991,0.14538654,,,,
221246_x_at,0.40860349,-0.1184426,,,,
202481_at,0.40862985,-0.21625144,,,,
235296_at,0.40863743,0.20825538,,,,
209225_x_at,0.40863854,0.09111758,,,,
215871_at,0.40867629,0.07365634,,,,
244437_at,0.40875501,-0.04257751,,,,
1569753_at,0.40876353,-0.03954246,,,,
209444_at,0.40876594,-0.12173053,,,,
220355_s_at,0.40879845,-0.12062302,,,,
241676_x_at,0.40881708,-0.03472517,,,,
208381_s_at,0.40881777,0.16926885,,,,
239504_at,0.40884025,-0.07276192,,,,
243582_at,0.40886694,-0.35897553,,,,
206668_s_at,0.40887331,0.1806834,,,,
243299_at,0.40887812,0.15733599,,,,
1557685_at,0.40894827,0.06826399,,,,
243542_at,0.40897039,0.07578566,,,,
221905_at,0.40899247,0.14990092,,,,
236734_at,0.40901199,-0.06204824,,,,
230017_at,0.40902803,-0.14366885,,,,
1567182_at,0.40904402,-0.03462986,,,,
238917_s_at,0.40905002,-0.14735515,,,,
222790_s_at,0.40906068,-0.13046641,,,,
1554781_at,0.40908446,0.14543165,,,,
201962_s_at,0.40908785,-0.13885462,,,,
243298_at,0.40909052,-0.07612942,,,,
227660_at,0.40917993,0.13791937,,,,
220435_at,0.40918637,0.35087055,,,,
201507_at,0.40919388,-0.08183053,,,,
215499_at,0.40920024,0.07797086,,,,
1560274_at,0.40920871,0.05909615,,,,
243567_at,0.40923484,0.05519807,,,,
1557699_x_at,0.40924729,-0.0466672,,,,
233019_at,0.40927483,0.13701443,,,,
243477_at,0.409303,0.09518836,,,,
222212_s_at,0.40930342,0.19358907,,,,
239975_at,0.40931767,-0.20707873,,,,
1562697_at,0.40932546,-0.07404163,,,,
226376_at,0.40935815,0.10901963,,,,
229989_at,0.40937093,0.09595258,,,,
231492_at,0.40938142,0.0568686,,,,
244723_at,0.40938331,0.13000242,,,,
213762_x_at,0.40938579,-0.10954231,,,,
210079_x_at,0.40939269,-0.08702816,,,,
238497_at,0.40940635,0.20675736,,,,
230491_at,0.40940968,0.15831827,,,,
241287_x_at,0.40943172,0.03402753,,,,
237029_at,0.40944647,0.18294531,,,,
207517_at,0.40948076,-0.29292415,,,,
209375_at,0.40949285,0.11900589,,,,
201795_at,0.4094989,-0.18945674,,,,
228744_at,0.40950561,0.10121958,,,,
214595_at,0.40952933,0.16440493,,,,
225278_at,0.40954053,0.17353958,,,,
204808_s_at,0.40955567,0.10409524,,,,
233455_at,0.4095944,-0.07163635,,,,
1561078_at,0.40962738,-0.0529227,,,,
223512_at,0.40965363,0.12050448,,,,
226515_at,0.40966551,-0.15636367,,,,
228886_at,0.40967491,0.15314385,,,,
214015_at,0.40969372,0.07497806,,,,
1560819_a_at,0.4097216,-0.04548216,,,,
205424_at,0.4097663,-0.05708037,,,,
1569670_at,0.40980567,-0.05171106,,,,
1555265_at,0.40982092,-0.04464343,,,,
203891_s_at,0.40986244,0.09563943,,,,
239989_at,0.40990157,0.13435712,,,,
1553694_a_at,0.40994292,-0.15202608,,,,
219046_s_at,0.40998244,0.12196444,,,,
212335_at,0.40999301,-0.13321032,,,,
31837_at,0.410069,-0.1024813,,,,
220063_at,0.41007995,-0.05823183,,,,
238548_at,0.41008323,0.06695958,,,,
233350_s_at,0.41008836,-0.09417182,,,,
211423_s_at,0.41011721,0.24301383,,,,
234551_at,0.41013436,0.0646919,,,,
236529_at,0.4101653,0.0696851,,,,
234941_s_at,0.41017865,-0.10795026,,,,
226039_at,0.41022299,-0.19379568,,,,
240927_at,0.41022668,0.09485497,,,,
229750_at,0.41022916,-0.07724206,,,,
1557081_at,0.41023345,-0.19694623,,,,
242469_at,0.41026139,-0.07649183,,,,
201934_at,0.41029371,-0.09463479,,,,
205001_s_at,0.41031948,0.53195389,,,,
1555369_at,0.41031976,-0.03959891,,,,
217905_at,0.41032224,0.10417396,,,,
217959_s_at,0.41035981,0.13063533,,,,
244190_at,0.41038165,-0.12340668,,,,
227477_at,0.41047238,0.14135762,,,,
1557261_at,0.41047716,0.13225137,,,,
1552662_a_at,0.41056347,-0.0482389,,,,
221337_s_at,0.41057292,-0.0448406,,,,
1558695_at,0.41057876,-0.10480992,,,,
202532_s_at,0.41057987,0.16927973,,,,
240079_at,0.41058151,-0.08068317,,,,
217031_at,0.41059197,-0.04582993,,,,
200841_s_at,0.41059769,-0.21486808,,,,
212602_at,0.41060165,0.12038569,,,,
208948_s_at,0.41061548,0.0963914,,,,
211764_s_at,0.41066547,0.12598078,,,,
233301_at,0.41066831,-0.05896423,,,,
225810_at,0.41069829,-0.13111176,,,,
217839_at,0.41070832,0.10891143,,,,
1563392_at,0.41071443,-0.07449187,,,,
1556972_at,0.41071838,-0.05098299,,,,
213491_x_at,0.41077859,0.10547682,,,,
216804_s_at,0.41079639,-0.16631355,,,,
223344_s_at,0.41081619,-0.25888071,,,,
228277_at,0.41081674,-0.11033093,,,,
1555483_x_at,0.41084034,-0.06993223,,,,
222294_s_at,0.41084719,-0.22084694,,,,
210236_at,0.41085142,0.17560065,,,,
222129_at,0.41088219,-0.13039099,,,,
1570315_at,0.41088417,-0.05319476,,,,
227839_at,0.41088473,0.15870085,,,,
222191_s_at,0.41092381,0.11126745,,,,
240236_at,0.41096278,-0.18166857,,,,
207215_at,0.41096569,-0.0581997,,,,
1555962_at,0.41097986,-0.29486288,,,,
1565696_at,0.41099133,0.063385,,,,
211466_at,0.41103524,0.23662228,,,,
224534_at,0.41106777,-0.26530603,,,,
1556903_at,0.41109893,-0.06667053,,,,
1557985_s_at,0.41111777,0.10189086,,,,
241196_at,0.41113062,-0.03891454,,,,
1561721_a_at,0.41114037,-0.03123351,,,,
1557514_a_at,0.4111438,-0.05000862,,,,
224690_at,0.41115623,0.19591825,,,,
1558185_at,0.41118169,-0.06027266,,,,
210435_at,0.41119998,0.04912938,,,,
241502_x_at,0.41126386,0.04385475,,,,
1567361_at,0.41127339,-0.04367929,,,,
208604_s_at,0.41130492,-0.07202583,,,,
204537_s_at,0.41133038,0.26482415,,,,
224436_s_at,0.41135052,0.14942874,,,,
210805_x_at,0.4113667,-0.08330156,,,,
211022_s_at,0.41136835,-0.18318831,,,,
231151_at,0.41137883,-0.05620655,,,,
237413_at,0.4113943,0.15100366,,,,
1552384_a_at,0.41140384,0.05148377,,,,
221822_at,0.41141158,-0.11335749,,,,
201597_at,0.41143898,0.08828849,,,,
206898_at,0.41144293,0.44777745,,,,
1567697_at,0.41145012,-0.04445152,,,,
217100_s_at,0.41146202,0.14838065,,,,
234844_at,0.41147237,0.03607887,,,,
1552841_s_at,0.41150247,-0.04746133,,,,
223350_x_at,0.41153138,-0.08006363,,,,
236288_at,0.41154077,0.13794363,,,,
1555514_a_at,0.41154495,0.18247265,,,,
240006_at,0.41154502,-0.06666053,,,,
237076_at,0.41155511,0.04992616,,,,
238273_at,0.41157582,0.11333555,,,,
1565269_s_at,0.41157783,-0.15403083,,,,
236524_at,0.41159549,0.19998135,,,,
220916_at,0.41160032,-0.05409237,,,,
230645_at,0.41160227,-0.34154668,,,,
232202_at,0.41163824,0.45237622,,,,
206682_at,0.41164971,-0.30008174,,,,
238040_at,0.41168797,0.07055038,,,,
213604_at,0.4116902,0.09620161,,,,
1553620_at,0.41174337,-0.04230898,,,,
208910_s_at,0.41174813,0.12439004,,,,
237152_at,0.41175093,0.04923294,,,,
203797_at,0.41175125,0.40920338,,,,
208640_at,0.41175558,-0.0932542,,,,
1568865_at,0.4117761,0.11928477,,,,
220805_at,0.41179299,-0.05445744,,,,
1561575_at,0.41180828,0.03425414,,,,
206040_s_at,0.41181208,0.10315783,,,,
231182_at,0.41181624,-0.13741332,,,,
203099_s_at,0.41181972,0.1511972,,,,
207974_s_at,0.41183027,-0.08653904,,,,
209840_s_at,0.41183244,-0.28873957,,,,
207374_at,0.41185896,-0.06812052,,,,
1558577_at,0.41187295,-0.0780137,,,,
230031_at,0.41187529,0.12903982,,,,
243698_at,0.41188127,-0.0395309,,,,
202736_s_at,0.41188881,-0.14507719,,,,
233863_at,0.41190084,-0.06007397,,,,
1552943_at,0.4119091,-0.07405128,,,,
225559_at,0.41191695,0.07598206,,,,
222370_x_at,0.4119224,-0.04652985,,,,
210571_s_at,0.41194203,0.22905114,,,,
1560997_at,0.41194269,-0.03182581,,,,
235235_s_at,0.4119733,-0.15589123,,,,
228848_at,0.41199574,-0.062756,,,,
232352_at,0.41199641,-0.09634478,,,,
221368_at,0.41200242,-0.05663273,,,,
207165_at,0.41202702,-0.24125358,,,,
227476_at,0.41203474,0.19931491,,,,
1568687_s_at,0.41203803,0.04920931,,,,
1553757_at,0.41213121,-0.05369665,,,,
210050_at,0.41214979,0.09755876,,,,
239779_at,0.41215388,0.0966311,,,,
215143_at,0.41215896,-0.32037967,,,,
209487_at,0.41216985,0.2195756,,,,
232235_at,0.41219318,0.38901614,,,,
232396_at,0.41220931,0.16013004,,,,
233650_at,0.41227014,-0.13627279,,,,
208213_s_at,0.41227597,0.11328658,,,,
208522_s_at,0.412279,-0.06294706,,,,
1570349_at,0.41229064,0.05124657,,,,
205874_at,0.41229767,-0.18695424,,,,
1552819_at,0.41230457,-0.05589095,,,,
240908_at,0.41230746,0.20280295,,,,
1559033_at,0.41231639,0.38175419,,,,
218280_x_at,0.41233269,0.29173711,,,,
234416_at,0.41239603,-0.0551918,,,,
241601_at,0.41239996,0.07658571,,,,
230539_at,0.41240801,0.07089835,,,,
1557174_a_at,0.41242824,0.25388878,,,,
202722_s_at,0.41245906,-0.19540382,,,,
242198_at,0.41246399,0.10486947,,,,
243056_at,0.41246675,0.07939029,,,,
209553_at,0.41247237,0.09604555,,,,
1559843_s_at,0.4124724,-0.04188666,,,,
242048_at,0.41248981,-0.07541708,,,,
210667_s_at,0.41250691,0.16655091,,,,
1564367_at,0.41252597,-0.04396009,,,,
201977_s_at,0.41256855,-0.12388437,,,,
206214_at,0.41259401,-0.25912549,,,,
204794_at,0.41260519,0.16467696,,,,
211376_s_at,0.41261791,0.15007052,,,,
202357_s_at,0.41263576,0.53114763,,,,
232003_at,0.41265064,-0.06460369,,,,
217533_x_at,0.41265806,-0.04789076,,,,
1556543_at,0.41269866,0.16007403,,,,
1564014_at,0.41272884,-0.04782052,,,,
206910_x_at,0.4127534,0.63849329,,,,
207761_s_at,0.41277633,0.32038567,,,,
229536_at,0.4127777,-0.04026994,,,,
37577_at,0.41278154,0.14786745,,,,
220725_x_at,0.41281861,-0.06035933,,,,
1562589_at,0.4128223,-0.04716478,,,,
224302_s_at,0.41282753,0.12577279,,,,
227489_at,0.41284274,0.17743578,,,,
212953_x_at,0.41284316,0.1011857,,,,
203508_at,0.41284644,-0.22014177,,,,
241659_at,0.41286315,-0.05808196,,,,
236735_at,0.4128771,-0.04204237,,,,
207887_s_at,0.41289296,-0.04529776,,,,
223243_s_at,0.41290064,0.18508931,,,,
239424_at,0.41290146,-0.04468505,,,,
1564093_at,0.41291735,-0.05592627,,,,
1563386_at,0.41294581,0.05835498,,,,
1554701_a_at,0.41296548,0.19550233,,,,
219989_s_at,0.41296986,0.04598951,,,,
1555430_at,0.41298273,-0.04920017,,,,
1557000_at,0.41298969,-0.05910327,,,,
1566901_at,0.41299293,0.14969361,,,,
214679_x_at,0.41300272,-0.09331979,,,,
223560_s_at,0.41302713,0.10255233,,,,
206952_at,0.41304606,0.61169155,,,,
242134_at,0.41308268,0.21058738,,,,
1568689_at,0.41315638,0.04734242,,,,
1557639_at,0.41318611,0.04758562,,,,
226216_at,0.41321912,0.1934519,,,,
1564338_at,0.41323256,0.04252135,,,,
207804_s_at,0.41324463,0.51884589,,,,
218012_at,0.41330258,-0.08366827,,,,
1564499_at,0.41335703,0.0390785,,,,
241205_at,0.41336102,0.05870164,,,,
220936_s_at,0.41336185,0.2219613,,,,
212003_at,0.41337002,-0.12102597,,,,
205240_at,0.41339518,-0.32047088,,,,
225077_at,0.41340279,0.07933636,,,,
228018_at,0.4134066,0.25671949,,,,
226998_at,0.41342487,0.13051882,,,,
1560695_at,0.41348203,0.03705223,,,,
236796_at,0.41348411,-0.09857958,,,,
218867_s_at,0.41349678,0.13990118,,,,
1560604_at,0.41351031,0.1062187,,,,
202184_s_at,0.41351528,0.12515955,,,,
220479_at,0.41352378,0.05959368,,,,
239908_at,0.41353636,0.07967417,,,,
222034_at,0.41355241,-0.14452719,,,,
205772_s_at,0.41355814,-0.04736239,,,,
1553398_at,0.4135899,-0.03786006,,,,
236261_at,0.41361371,0.18811776,,,,
215189_at,0.41362853,0.1006159,,,,
237557_at,0.4136315,0.05765139,,,,
221714_s_at,0.41378895,-0.05312454,,,,
1554660_a_at,0.41379587,0.11879731,,,,
221124_s_at,0.41380277,0.05389614,,,,
1559950_at,0.41382409,0.07538958,,,,
242923_at,0.41384986,0.18621557,,,,
232425_at,0.41387822,-0.07152205,,,,
1560184_at,0.41387924,0.02965926,,,,
1553573_s_at,0.4139123,-0.05935139,,,,
227678_at,0.41391703,0.15468287,,,,
219350_s_at,0.41391787,0.09426507,,,,
221169_s_at,0.41392091,-0.0753277,,,,
231888_at,0.41394487,0.05200082,,,,
230193_at,0.41395754,0.3959784,,,,
212611_at,0.41399803,-0.2613487,,,,
236248_x_at,0.41400869,0.10855486,,,,
1561703_at,0.41402739,-0.03897292,,,,
237731_at,0.41406806,-0.07062959,,,,
235052_at,0.41409722,0.1400676,,,,
228420_at,0.41410796,0.10375326,,,,
222094_at,0.41412551,0.07076884,,,,
205763_s_at,0.41412773,0.10970143,,,,
234435_at,0.4141932,-0.05291805,,,,
225841_at,0.41419761,0.21779918,,,,
229753_at,0.41423413,-0.04996821,,,,
241353_s_at,0.41425179,0.16649714,,,,
228387_at,0.41425579,0.21844974,,,,
237120_at,0.4143412,0.22269544,,,,
210145_at,0.41434845,-0.41944795,,,,
229255_x_at,0.41435198,0.0778363,,,,
241291_at,0.41438458,-0.03638114,,,,
228197_at,0.41443461,-0.06696411,,,,
229697_at,0.41444012,-0.08665816,,,,
235429_at,0.4144464,-0.15806548,,,,
217143_s_at,0.41445241,-0.25095631,,,,
229317_at,0.41445989,0.21707585,,,,
1555116_s_at,0.41447148,-0.05178154,,,,
1554403_a_at,0.41449491,-0.07460481,,,,
228350_at,0.41456642,0.05858857,,,,
1556898_at,0.41460201,-0.04565228,,,,
1557964_at,0.41465171,-0.05883065,,,,
1553530_a_at,0.41467043,-0.12698809,,,,
216847_at,0.41468595,0.05752077,,,,
1552948_at,0.41473312,0.05760506,,,,
204144_s_at,0.41478852,0.09398025,,,,
214755_at,0.41481781,-0.16003807,,,,
1558775_s_at,0.4148277,-0.14948924,,,,
219781_s_at,0.41484727,-0.05778946,,,,
213253_at,0.41485022,0.13963222,,,,
210812_at,0.41487001,-0.09833991,,,,
208179_x_at,0.41488645,-0.05129346,,,,
210832_x_at,0.41492313,-0.22376501,,,,
214022_s_at,0.41492562,-0.24291676,,,,
241510_at,0.41492609,0.0480551,,,,
220963_s_at,0.41492835,0.07264818,,,,
242165_at,0.41494688,-0.0526084,,,,
214975_s_at,0.41495291,-0.21962554,,,,
1566001_at,0.4149692,0.06942007,,,,
218011_at,0.41499192,0.08088443,,,,
236196_at,0.41499419,0.13685113,,,,
200705_s_at,0.41500065,0.08327169,,,,
229932_at,0.4150224,-0.10811233,,,,
204278_s_at,0.41503247,-0.11684375,,,,
221718_s_at,0.41503328,-0.20483144,,,,
213771_at,0.41504907,-0.08156645,,,,
224811_at,0.41507351,0.15461874,,,,
231415_at,0.41508693,-0.06705953,,,,
241934_at,0.41512147,-0.06343464,,,,
207384_at,0.41512754,-0.0687013,,,,
226958_s_at,0.4151323,0.0892622,,,,
226064_s_at,0.41514241,0.33132589,,,,
214665_s_at,0.41517322,-0.13891962,,,,
230609_at,0.41519574,-0.04943288,,,,
230642_at,0.41520391,-0.15849569,,,,
221798_x_at,0.41526371,-0.03539218,,,,
1557779_at,0.41526414,-0.08662606,,,,
233651_s_at,0.41526617,-0.14152941,,,,
214672_at,0.41528556,0.10711253,,,,
220329_s_at,0.41531814,0.173162,,,,
216384_x_at,0.41541293,-0.1117126,,,,
1565742_at,0.41541485,0.03401412,,,,
201198_s_at,0.41542803,0.09309603,,,,
203957_at,0.41543224,0.10974234,,,,
241072_s_at,0.41546716,-0.03825046,,,,
230794_at,0.41547978,-0.04230808,,,,
210956_at,0.41549406,-0.06900118,,,,
237611_at,0.41552104,-0.11452764,,,,
204034_at,0.41553782,-0.19165934,,,,
1557112_a_at,0.41553945,-0.0907106,,,,
241880_x_at,0.41557185,-0.03662221,,,,
210544_s_at,0.41558706,0.21263731,,,,
210063_at,0.41559124,0.24652294,,,,
225522_at,0.41564521,0.14625935,,,,
236663_at,0.41569467,-0.12069375,,,,
208629_s_at,0.4156973,-0.11720017,,,,
223667_at,0.41571415,0.16161865,,,,
215731_s_at,0.41574787,0.2115922,,,,
226535_at,0.41579585,-0.64832114,,,,
226674_at,0.41581263,0.11800059,,,,
207232_s_at,0.41581782,0.1003673,,,,
241070_at,0.41584073,0.0636156,,,,
1562217_at,0.41584407,-0.0590924,,,,
244503_at,0.41584597,0.10832771,,,,
1564152_at,0.41585523,-0.03804808,,,,
232472_at,0.41590135,0.11243195,,,,
1556959_at,0.41593622,-0.05368481,,,,
214900_at,0.41594284,-0.11206517,,,,
1559879_a_at,0.41595313,-0.04151687,,,,
227415_at,0.41600469,-0.22503938,,,,
225570_at,0.41603836,0.1234532,,,,
220325_at,0.41608471,-0.0815106,,,,
1553448_at,0.41608479,0.04123732,,,,
218700_s_at,0.41609347,0.17722145,,,,
1553439_at,0.41609982,-0.0558547,,,,
216961_s_at,0.4161087,-0.10348455,,,,
205490_x_at,0.41610937,-0.28537329,,,,
229583_at,0.41612223,-0.06653675,,,,
236848_s_at,0.41612651,-0.04878315,,,,
239871_at,0.4161317,-0.04000014,,,,
1566178_x_at,0.41614773,-0.06273189,,,,
224652_at,0.41615119,0.11740901,,,,
1559865_at,0.41615787,-0.02988596,,,,
206177_s_at,0.416166,0.8400492,,,,
1562231_at,0.4162497,-0.04898879,,,,
1554769_at,0.41625162,0.18780633,,,,
223834_at,0.41626988,-0.08323791,,,,
241778_at,0.41627387,-0.05771927,,,,
225081_s_at,0.4163433,0.21688536,,,,
1558670_at,0.41639689,-0.04960851,,,,
225893_at,0.41640022,0.08443472,,,,
222125_s_at,0.41640896,-0.17620192,,,,
202709_at,0.41643136,0.25801181,,,,
241828_x_at,0.41643742,-0.08129533,,,,
203768_s_at,0.41646993,-0.1358853,,,,
1559127_x_at,0.41649193,-0.06330104,,,,
214460_at,0.41654034,-0.16535049,,,,
206086_x_at,0.41656705,-0.10486456,,,,
238735_at,0.41656708,0.17841203,,,,
1561048_at,0.41658021,-0.12508777,,,,
1562509_at,0.41659056,-0.0646509,,,,
1560317_s_at,0.41663328,-0.03986667,,,,
60084_at,0.41663545,0.0789287,,,,
244302_at,0.41664417,0.03733827,,,,
1559235_a_at,0.41664789,-0.05879246,,,,
200786_at,0.4166996,0.11653308,,,,
1560756_at,0.41674022,-0.03728295,,,,
1566162_x_at,0.41677485,0.03776997,,,,
213399_x_at,0.41680294,0.10519682,,,,
1554800_at,0.41681544,-0.05892284,,,,
235275_at,0.41681707,0.16530657,,,,
205369_x_at,0.41688127,0.15743276,,,,
223986_x_at,0.41689313,0.11415008,,,,
238073_at,0.41693598,-0.27310379,,,,
203321_s_at,0.41694383,0.1189473,,,,
216521_s_at,0.41697558,-0.18199273,,,,
211485_s_at,0.41700683,0.23228446,,,,
202565_s_at,0.4170363,0.1727502,,,,
229263_at,0.41703801,0.12059497,,,,
203563_at,0.41704384,0.17303802,,,,
237225_at,0.41704819,0.12323184,,,,
230846_at,0.41706703,-0.13608159,,,,
227748_at,0.41708936,0.13854001,,,,
206860_s_at,0.41709391,0.10992894,,,,
223427_s_at,0.41713749,-0.3806396,,,,
32836_at,0.41715558,0.09382725,,,,
209050_s_at,0.41722272,-0.16124036,,,,
243758_at,0.41726941,0.06532923,,,,
219255_x_at,0.41729774,0.3763228,,,,
223541_at,0.41731833,0.33445359,,,,
1555543_a_at,0.41733087,-0.15754836,,,,
1562591_a_at,0.41735835,-0.04734042,,,,
238645_at,0.41736832,0.06861941,,,,
233662_at,0.41736985,-0.03173734,,,,
229086_at,0.41736999,0.11008566,,,,
207007_at,0.41737478,0.41282934,,,,
212198_s_at,0.41739648,-0.11670941,,,,
220626_at,0.41741808,0.61923775,,,,
1555123_at,0.41742557,-0.11402799,,,,
202889_x_at,0.4174382,-0.26518806,,,,
219086_at,0.41748253,0.08154458,,,,
204394_at,0.41750425,0.26991941,,,,
216017_s_at,0.41750576,-0.118626,,,,
215723_s_at,0.41751416,0.24554778,,,,
231993_at,0.41751567,-0.30507001,,,,
241504_at,0.41752917,-0.08376807,,,,
233239_at,0.41754458,0.0388081,,,,
226289_at,0.41755866,0.1582984,,,,
213044_at,0.4175593,0.09926893,,,,
1559515_at,0.4175629,0.03816187,,,,
216681_at,0.41760852,-0.04955989,,,,
203178_at,0.41767136,0.4281056,,,,
220813_at,0.41770989,0.13004189,,,,
233128_at,0.41772361,0.05508748,,,,
1563638_at,0.41775388,0.08968308,,,,
214096_s_at,0.41775413,0.15092827,,,,
205946_at,0.41776761,-0.06613803,,,,
220353_at,0.41778822,-0.06957624,,,,
222983_s_at,0.41779287,-0.10069367,,,,
222720_x_at,0.41780659,-0.1285195,,,,
223882_at,0.41782335,0.15387005,,,,
224354_at,0.41782904,0.03078566,,,,
213528_at,0.41784248,0.15984544,,,,
234099_at,0.41784329,-0.04935675,,,,
240041_at,0.41784737,0.12316225,,,,
1560850_at,0.41786799,-0.25941673,,,,
218442_at,0.4178718,0.08923525,,,,
225720_at,0.41787561,0.31842268,,,,
236141_at,0.41788015,0.23210919,,,,
231727_s_at,0.41788751,0.12714528,,,,
235320_at,0.41789705,0.17872867,,,,
229002_at,0.41790684,0.25998591,,,,
1556694_a_at,0.41794417,-0.0792987,,,,
1564423_a_at,0.41796414,-0.11276798,,,,
224971_at,0.41797097,0.09864996,,,,
202602_s_at,0.41800381,0.09140246,,,,
240155_x_at,0.41802658,0.156554,,,,
1566947_at,0.4180351,-0.0403919,,,,
234971_x_at,0.41804698,-0.14377162,,,,
242940_x_at,0.41804842,0.33203777,,,,
243424_at,0.41806727,0.10459785,,,,
1559341_at,0.41807597,-0.03064387,,,,
204726_at,0.41808241,-0.24876311,,,,
1564207_at,0.41808532,-0.1156056,,,,
1555341_at,0.41808899,0.04044433,,,,
221687_s_at,0.41809797,-0.08332767,,,,
200758_s_at,0.41809989,0.10445869,,,,
228383_at,0.41810348,-0.10896677,,,,
203810_at,0.41811953,0.16914628,,,,
240556_at,0.41813591,0.15445915,,,,
214946_x_at,0.41817103,0.0936703,,,,
218324_s_at,0.41817156,0.15087976,,,,
229409_s_at,0.41818233,0.08860827,,,,
230278_at,0.41819493,0.24136897,,,,
210774_s_at,0.41821425,0.09062976,,,,
233466_at,0.4182232,-0.06601519,,,,
1553961_s_at,0.4182257,0.15377683,,,,
211499_s_at,0.41824124,0.15391971,,,,
1554907_a_at,0.41824862,-0.07195424,,,,
239692_at,0.41828745,-0.05493696,,,,
228366_at,0.41830352,-0.14357701,,,,
219833_s_at,0.41831996,0.22196424,,,,
235214_at,0.41833425,-0.06804537,,,,
233377_at,0.41835498,-0.03900243,,,,
228136_s_at,0.41836323,0.06922759,,,,
225301_s_at,0.41836438,0.30261339,,,,
202645_s_at,0.418377,0.135801,,,,
217488_x_at,0.41838222,-0.08446393,,,,
219909_at,0.41843166,-0.34881452,,,,
1558121_at,0.4184338,-0.04191263,,,,
213752_at,0.41846412,0.12531341,,,,
241627_x_at,0.41846487,0.09665259,,,,
235839_at,0.41846694,-0.09256308,,,,
211087_x_at,0.41851274,-0.14569922,,,,
214712_at,0.41852662,0.06832607,,,,
1566633_at,0.41852929,-0.05398211,,,,
218580_x_at,0.4185616,-0.10768535,,,,
1564786_at,0.41861579,0.12121199,,,,
202226_s_at,0.41862654,-0.15505811,,,,
229625_at,0.41864332,-0.20252955,,,,
231283_at,0.41865344,-0.19391863,,,,
221857_s_at,0.41867605,0.089675,,,,
213678_at,0.41867809,-0.06328733,,,,
219897_at,0.41868072,-0.0536915,,,,
235640_at,0.41868719,0.09216234,,,,
225488_at,0.41869763,-0.0910704,,,,
202001_s_at,0.41872008,0.07643978,,,,
238895_at,0.41874753,-0.06371217,,,,
1555204_at,0.41881688,-0.05794948,,,,
1553834_at,0.4188496,-0.22490535,,,,
213912_at,0.41885295,0.23386187,,,,
1570601_at,0.41885583,-0.04810947,,,,
1553755_at,0.41887261,-0.06419022,,,,
208842_s_at,0.41889321,0.10642863,,,,
234327_at,0.41891346,-0.05198213,,,,
240385_at,0.41896106,-0.10915759,,,,
232840_at,0.418988,-0.05697924,,,,
222998_at,0.41900672,-0.16540836,,,,
33850_at,0.41906071,-0.10048086,,,,
230373_at,0.41907043,-0.05153321,,,,
1552724_at,0.41912109,-0.05345282,,,,
228506_at,0.41918472,0.23508171,,,,
241909_at,0.41919108,-0.02998655,,,,
205177_at,0.419211,0.32952963,,,,
230950_at,0.41923529,-0.06357771,,,,
1565887_at,0.41924695,0.06153122,,,,
244305_at,0.41924721,-0.06018971,,,,
243912_x_at,0.41926329,-0.04912238,,,,
217201_at,0.41928651,0.03117446,,,,
223338_s_at,0.41930652,-0.10896231,,,,
221668_s_at,0.41935145,0.05443449,,,,
1568935_at,0.4193945,0.04282939,,,,
1557954_at,0.41940625,-0.11876822,,,,
205117_at,0.4194177,-0.23821748,,,,
1552439_s_at,0.41943729,-0.08515055,,,,
204137_at,0.41944903,0.20071571,,,,
225744_at,0.41952782,-0.10034283,,,,
200989_at,0.41954668,0.12093571,,,,
216138_at,0.41958491,0.06252119,,,,
1569476_at,0.41959992,0.09588089,,,,
218632_at,0.4196099,-0.12365144,,,,
224669_at,0.41961886,-0.0864864,,,,
222287_at,0.41967871,0.31415453,,,,
232580_x_at,0.41969267,0.10030941,,,,
243583_at,0.41969573,-0.04708428,,,,
239143_x_at,0.41971631,0.15054868,,,,
223557_s_at,0.41971777,-0.26005321,,,,
243015_at,0.41972224,0.26808631,,,,
231523_at,0.41972742,-0.04280671,,,,
1553282_at,0.41974434,-0.03678342,,,,
224684_at,0.4197656,-0.08800792,,,,
241240_at,0.4198409,0.08869955,,,,
216547_at,0.41986452,-0.08463746,,,,
1569235_a_at,0.41987018,-0.04140431,,,,
1559133_at,0.41987826,0.05571802,,,,
222801_s_at,0.41989258,0.17264324,,,,
244826_at,0.41989418,0.21017313,,,,
202641_at,0.41992602,0.163014,,,,
214590_s_at,0.41994386,0.13741752,,,,
233023_at,0.41995025,0.0397922,,,,
203040_s_at,0.41998315,0.12712294,,,,
232333_at,0.42000546,0.15862416,,,,
216797_at,0.42001172,0.07347127,,,,
202464_s_at,0.42008003,-0.23179605,,,,
235283_at,0.42008358,0.11609048,,,,
218380_at,0.42013689,0.22728702,,,,
1555463_a_at,0.42013992,0.09253957,,,,
233137_at,0.4201458,-0.07536589,,,,
221799_at,0.42018856,0.09275807,,,,
207740_s_at,0.4201904,-0.16094212,,,,
1558948_a_at,0.42019089,-0.07750494,,,,
243989_at,0.42021452,0.04429328,,,,
243761_at,0.42026254,-0.07899536,,,,
201819_at,0.42026431,0.26420374,,,,
207724_s_at,0.42036023,0.12085937,,,,
243710_at,0.42040442,-0.04956941,,,,
227437_at,0.42044083,0.16419007,,,,
237621_at,0.42049552,-0.04884329,,,,
222714_s_at,0.42053131,-0.19549308,,,,
1554500_a_at,0.42058588,0.06966094,,,,
230789_at,0.42060927,0.24985127,,,,
203480_s_at,0.42063662,-0.09705954,,,,
244242_at,0.4206646,-0.08708054,,,,
221922_at,0.42070709,-0.29127844,,,,
223460_at,0.42071795,-0.08067544,,,,
217945_at,0.42074302,0.08600645,,,,
220507_s_at,0.42075402,0.52048053,,,,
1561256_at,0.42076307,-0.0428332,,,,
212308_at,0.42077436,-0.14644403,,,,
228755_at,0.42081543,-0.11182667,,,,
203817_at,0.42081908,0.25907096,,,,
205248_at,0.42081908,0.19194195,,,,
220302_at,0.42083652,0.1232527,,,,
223053_x_at,0.42084943,-0.1318851,,,,
241341_at,0.42086374,-0.06402466,,,,
222884_at,0.42087187,-0.11554963,,,,
237162_at,0.42088142,-0.06488231,,,,
208645_s_at,0.42091224,-0.04376518,,,,
201457_x_at,0.4209125,-0.14215763,,,,
235145_at,0.42093901,-0.08437003,,,,
233433_at,0.42094899,-0.04923499,,,,
220601_at,0.42101842,-0.05802634,,,,
224497_x_at,0.4210266,-0.1635739,,,,
214232_at,0.42117186,-0.06475037,,,,
225903_at,0.42121064,-0.13905307,,,,
1570588_at,0.42121545,-0.08898456,,,,
224417_at,0.42124653,-0.08347723,,,,
208365_s_at,0.42124673,0.11122422,,,,
201140_s_at,0.42126385,-0.09670731,,,,
237376_at,0.42132044,-0.0575163,,,,
201153_s_at,0.42133792,-0.10760742,,,,
37012_at,0.42135535,-0.14082218,,,,
206128_at,0.42135637,0.14237021,,,,
1552449_a_at,0.42139849,-0.13727244,,,,
1553991_s_at,0.42141,-0.1650216,,,,
204002_s_at,0.42142444,-0.15668024,,,,
233198_at,0.42143851,0.12989924,,,,
231515_at,0.42145063,0.06137194,,,,
211907_s_at,0.42146615,-0.18584258,,,,
1555580_at,0.42147018,0.04781528,,,,
1559485_at,0.42149243,0.07033314,,,,
234813_at,0.42149386,-0.04691357,,,,
1566720_at,0.4215091,-0.07399338,,,,
211355_x_at,0.42151008,0.39372391,,,,
1556770_a_at,0.42151171,0.15835174,,,,
221554_at,0.42152789,0.0871069,,,,
222336_at,0.42153938,0.08306784,,,,
242655_at,0.42156112,-0.10419383,,,,
210624_s_at,0.42156546,0.13077832,,,,
226979_at,0.42156753,-0.08494515,,,,
202584_at,0.42157916,-0.09163344,,,,
220798_x_at,0.42158728,0.09072327,,,,
225945_at,0.42161668,0.22349359,,,,
221688_s_at,0.4216507,-0.09841856,,,,
232668_at,0.42166031,0.19948578,,,,
214757_at,0.4216783,0.10367086,,,,
1569202_x_at,0.4217059,-0.07366768,,,,
218757_s_at,0.42173698,0.14606025,,,,
200744_s_at,0.42174977,-0.15570598,,,,
216506_x_at,0.42180081,0.08275536,,,,
1563679_at,0.42181272,-0.05037915,,,,
1568598_at,0.42182182,-0.16659137,,,,
228781_at,0.42182265,-0.16261254,,,,
221245_s_at,0.4218357,-0.32097872,,,,
204743_at,0.42185772,-0.10895601,,,,
223094_s_at,0.4218626,-0.20133886,,,,
227504_s_at,0.42186847,0.13091721,,,,
225811_at,0.42188099,0.11313629,,,,
1554777_at,0.42189309,0.18197826,,,,
214412_at,0.42191815,-0.04673414,,,,
1561262_at,0.42192074,0.11004576,,,,
231219_at,0.42193106,-0.07923963,,,,
227792_at,0.42194956,-0.14179238,,,,
241421_at,0.42197547,0.07173865,,,,
1556271_at,0.42198763,-0.05969428,,,,
226101_at,0.42199522,-0.12903272,,,,
1556935_at,0.42200035,0.12770663,,,,
213595_s_at,0.42202149,0.11322733,,,,
228612_at,0.42204375,0.13920071,,,,
238904_at,0.42204748,-0.04996257,,,,
1568589_at,0.42205091,-0.04146505,,,,
228320_x_at,0.42209537,0.15404983,,,,
224659_at,0.42210846,-0.14354755,,,,
1554778_at,0.42211854,0.04074888,,,,
1558093_s_at,0.42213564,-0.16240079,,,,
224709_s_at,0.42214955,-0.15477248,,,,
235815_at,0.42218231,0.15370683,,,,
203772_at,0.42218339,-0.10862985,,,,
212105_s_at,0.42220173,0.19368977,,,,
1560180_at,0.42221268,-0.06518906,,,,
207399_at,0.42228612,-0.06536456,,,,
204146_at,0.422346,0.22247091,,,,
243145_at,0.42237758,-0.04676219,,,,
211266_s_at,0.42238061,-0.07929291,,,,
236813_at,0.42243912,0.10499533,,,,
1557024_at,0.42247211,0.0309954,,,,
1555337_a_at,0.4224893,-0.15051019,,,,
226483_at,0.42253703,-0.17135847,,,,
1569750_at,0.42255362,-0.05032589,,,,
207722_s_at,0.4225704,-0.12816077,,,,
204565_at,0.42259099,0.17185483,,,,
234912_at,0.42264978,-0.07294511,,,,
1557673_at,0.42268218,-0.04884653,,,,
236603_at,0.42270886,-0.08561122,,,,
234602_x_at,0.42270905,0.03326693,,,,
206082_at,0.42270936,-0.25772009,,,,
236177_s_at,0.42271004,0.0599051,,,,
1559128_at,0.42271112,0.08759704,,,,
211949_s_at,0.42272875,-0.12749717,,,,
228020_at,0.42273691,0.15929469,,,,
1564044_at,0.4227831,-0.05616539,,,,
237336_at,0.42278768,-0.05766653,,,,
232024_at,0.42279258,-0.25112445,,,,
204127_at,0.4228243,0.20125492,,,,
1552562_at,0.42283745,0.12616388,,,,
216624_s_at,0.42284932,-0.07024492,,,,
230835_at,0.42288713,0.5923037,,,,
206577_at,0.42289707,-0.15111957,,,,
1556803_at,0.42289995,-0.05140976,,,,
1559426_at,0.42290714,-0.05585438,,,,
1563610_at,0.42292015,-0.03949932,,,,
201472_at,0.42294487,0.11015491,,,,
205557_at,0.4229659,0.17467862,,,,
201371_s_at,0.42297555,0.0650735,,,,
244607_at,0.4229883,0.07903773,,,,
244055_at,0.42299486,0.05063112,,,,
213169_at,0.42301498,0.27280177,,,,
229172_at,0.42303196,0.20839686,,,,
219432_at,0.4230422,0.19957966,,,,
201092_at,0.42304448,0.11448568,,,,
244320_at,0.4230538,0.08954235,,,,
209067_s_at,0.42310837,0.1055234,,,,
41858_at,0.42313757,-0.11100693,,,,
1566949_at,0.42315007,-0.04848024,,,,
224945_at,0.42316903,0.10362167,,,,
203885_at,0.42319646,0.10998424,,,,
201774_s_at,0.42324518,0.16278721,,,,
207400_at,0.42326885,-0.16146587,,,,
217353_at,0.42327815,-0.07642808,,,,
213302_at,0.42328313,0.14714906,,,,
224152_s_at,0.42330808,-0.12685804,,,,
202140_s_at,0.42334109,0.08653116,,,,
1555743_s_at,0.42334782,-0.07523435,,,,
1557811_a_at,0.42339314,-0.04151469,,,,
204619_s_at,0.42339768,0.30141114,,,,
1563223_a_at,0.42340769,0.03942353,,,,
1564280_x_at,0.42342778,-0.0434632,,,,
241053_at,0.4234628,0.05613955,,,,
236968_at,0.42349866,-0.0463315,,,,
232672_x_at,0.42351353,-0.05821485,,,,
209498_at,0.4235583,-0.52980328,,,,
211643_x_at,0.42357663,-0.4077169,,,,
225368_at,0.42357939,0.17204108,,,,
243835_at,0.42358175,-0.18233426,,,,
1565881_at,0.42359463,0.05385809,,,,
221657_s_at,0.42359751,0.09814986,,,,
33760_at,0.42360493,-0.10334325,,,,
208721_s_at,0.42360904,-0.20997465,,,,
216903_s_at,0.42363812,0.10999568,,,,
231070_at,0.42364001,-0.33333202,,,,
208608_s_at,0.42364576,-0.23068284,,,,
243522_at,0.42366186,-0.06563831,,,,
1562937_at,0.42366779,-0.05697399,,,,
236480_at,0.42367986,-0.17875045,,,,
232600_at,0.42368407,0.18288381,,,,
209086_x_at,0.423689,0.14606422,,,,
234776_at,0.42369116,-0.04083581,,,,
235056_at,0.42374505,0.20068285,,,,
222271_at,0.42377047,0.21326686,,,,
202718_at,0.42380244,0.35218652,,,,
242732_at,0.42381868,-0.08071179,,,,
233620_at,0.42384713,-0.03033673,,,,
205941_s_at,0.42385124,-0.40564717,,,,
221556_at,0.42389371,-0.16563502,,,,
228083_at,0.42390303,-0.14524724,,,,
229998_x_at,0.42391397,0.11378054,,,,
239003_at,0.42392085,0.04631326,,,,
213257_at,0.4239406,-0.10224966,,,,
211033_s_at,0.42397805,0.16947906,,,,
1565783_at,0.42397827,0.04484404,,,,
242182_x_at,0.42397992,-0.05191646,,,,
221036_s_at,0.42399032,-0.11314191,,,,
1563052_at,0.42399612,-0.03733718,,,,
242628_at,0.42406709,-0.05586133,,,,
1558144_at,0.42407112,-0.05365351,,,,
224006_at,0.42413,-0.04513718,,,,
213641_at,0.42414781,0.07141467,,,,
1558277_at,0.42415428,0.07531244,,,,
1560098_at,0.42415885,-0.04257719,,,,
230768_at,0.42417378,-0.09284943,,,,
219902_at,0.42417986,0.53855138,,,,
218431_at,0.42418161,0.08455137,,,,
212678_at,0.42420139,-0.11699182,,,,
236638_at,0.42424262,-0.09249568,,,,
237227_at,0.42426168,-0.11511451,,,,
206526_at,0.42426277,-0.16575015,,,,
54632_at,0.42428114,0.09117283,,,,
214674_at,0.4242823,-0.07147842,,,,
209176_at,0.42428286,0.11500602,,,,
1554177_a_at,0.42431399,0.08192453,,,,
209423_s_at,0.42439669,-0.07874293,,,,
237038_at,0.42441019,-0.08066939,,,,
229291_at,0.42442309,-0.06727776,,,,
51192_at,0.42444428,0.09791499,,,,
1563344_at,0.42445171,-0.05372196,,,,
234346_x_at,0.42445317,0.05808449,,,,
223741_s_at,0.42447211,0.22279201,,,,
205405_at,0.42448368,0.23460758,,,,
213685_at,0.42453246,-0.12146981,,,,
228683_s_at,0.42455246,0.11987517,,,,
242046_at,0.42458484,-0.0566015,,,,
215489_x_at,0.42465018,0.22865897,,,,
204702_s_at,0.42466029,-0.35896636,,,,
1561451_a_at,0.42466255,-0.04523665,,,,
241586_at,0.42467572,-0.10523798,,,,
201164_s_at,0.42471653,-0.09335466,,,,
1558680_s_at,0.42471868,-0.25783028,,,,
218310_at,0.42472291,0.11313417,,,,
1570425_s_at,0.42472306,-0.07263214,,,,
222404_x_at,0.42472755,0.13507281,,,,
231668_x_at,0.42474284,-0.04629615,,,,
231146_at,0.42474493,0.16611114,,,,
222240_s_at,0.42477562,0.22572789,,,,
223605_at,0.42480525,0.36993499,,,,
230833_at,0.42483,-0.04386561,,,,
225467_s_at,0.42484842,-0.11960504,,,,
235326_at,0.42487079,0.03887368,,,,
207271_x_at,0.42488319,-0.07607035,,,,
212707_s_at,0.42490348,-0.09808377,,,,
218931_at,0.42490721,-0.28575693,,,,
213625_at,0.42490949,0.07822259,,,,
234686_at,0.4249313,-0.04268039,,,,
1553139_s_at,0.42496725,-0.0731333,,,,
1552897_a_at,0.42497708,-0.13500366,,,,
1561924_at,0.42498136,-0.0460962,,,,
210736_x_at,0.42500914,-0.07967309,,,,
240810_at,0.42501599,-0.06005059,,,,
1559724_at,0.42501898,-0.04428268,,,,
211361_s_at,0.42504039,0.4100359,,,,
211707_s_at,0.42505803,0.16520853,,,,
238289_at,0.42506191,0.06324225,,,,
208490_x_at,0.42512661,0.21631219,,,,
207548_at,0.42518394,0.1893765,,,,
213466_at,0.42518894,-0.0776357,,,,
212525_s_at,0.42522102,-0.10317069,,,,
217045_x_at,0.42522398,-0.05384465,,,,
1560773_at,0.42525064,0.04134352,,,,
228438_at,0.42527208,0.26698397,,,,
202634_at,0.42528519,0.1322077,,,,
227994_x_at,0.42535536,-0.15684757,,,,
239945_at,0.42540151,0.05851032,,,,
237417_at,0.42542722,-0.04236748,,,,
226817_at,0.4254275,0.32083601,,,,
212590_at,0.42543452,0.21431284,,,,
203671_at,0.42546324,0.12913357,,,,
1556086_at,0.4254829,-0.0336657,,,,
224575_at,0.42550098,0.08737437,,,,
240867_at,0.42551172,-0.06729879,,,,
215570_s_at,0.42553283,-0.10298097,,,,
214307_at,0.42553726,0.43404462,,,,
232427_at,0.42554684,0.09567468,,,,
238615_at,0.42556258,-0.23427939,,,,
224786_at,0.42558803,0.12025734,,,,
239051_at,0.42558862,0.06992749,,,,
210406_s_at,0.42559716,0.08551502,,,,
219402_s_at,0.42559967,-0.17873085,,,,
239157_at,0.42561,-0.0820017,,,,
1552903_at,0.42561282,-0.07697087,,,,
1564679_at,0.42563174,0.04507412,,,,
227933_at,0.42565652,0.18539383,,,,
1560810_at,0.42566631,0.04400538,,,,
200665_s_at,0.42569852,0.17764541,,,,
233843_at,0.42571761,-0.08965088,,,,
228705_at,0.42574643,-0.19449483,,,,
206304_at,0.42575333,-0.14285126,,,,
226502_at,0.42576883,0.10671274,,,,
223473_at,0.42577187,0.10565195,,,,
241527_at,0.42577813,0.04210591,,,,
1554283_at,0.42578431,0.16124865,,,,
206287_s_at,0.42580077,0.65359265,,,,
242748_at,0.42580668,-0.07194357,,,,
231761_at,0.42580973,-0.05869692,,,,
226899_at,0.42581236,-0.18347592,,,,
203903_s_at,0.42583064,-0.45074137,,,,
237728_at,0.42583584,0.06350697,,,,
1557122_s_at,0.42589192,-0.18837651,,,,
1559590_at,0.4259003,0.30953787,,,,
224995_at,0.42594589,-0.21685493,,,,
1560814_a_at,0.42595415,0.18098029,,,,
202425_x_at,0.42597028,-0.16084373,,,,
215970_at,0.42597632,-0.0514667,,,,
224031_at,0.42598867,-0.04799512,,,,
213063_at,0.42601285,0.09887124,,,,
215863_at,0.42601503,-0.05524382,,,,
235912_at,0.42602957,-0.11578035,,,,
234293_x_at,0.42604373,0.07094682,,,,
205201_at,0.42606496,0.20164693,,,,
227935_s_at,0.42609131,-0.15179161,,,,
206375_s_at,0.42610973,0.27917513,,,,
223715_at,0.42614007,-0.10445056,,,,
233797_s_at,0.42615527,-0.04034946,,,,
243993_at,0.42615689,0.12417086,,,,
213734_at,0.42616623,-0.12044877,,,,
203199_s_at,0.42616643,-0.13299314,,,,
227290_at,0.42618663,-0.19633628,,,,
218908_at,0.426234,-0.13306477,,,,
226700_at,0.42625424,-0.09118425,,,,
224926_at,0.42625983,-0.06873474,,,,
232909_s_at,0.42627434,0.11396087,,,,
224919_at,0.42630986,-0.11018745,,,,
1565002_at,0.42635066,-0.04889983,,,,
227156_at,0.42635381,-0.19090493,,,,
211944_at,0.42637204,-0.11343685,,,,
1569076_a_at,0.42637927,-0.09477275,,,,
202528_at,0.42638341,-0.23434604,,,,
210108_at,0.42640804,-0.29341946,,,,
227374_at,0.426409,0.12037947,,,,
222441_x_at,0.42641374,-0.15931238,,,,
1553608_a_at,0.42641508,0.11863982,,,,
202519_at,0.42641716,-0.13681292,,,,
210365_at,0.42642344,-0.10509561,,,,
233981_at,0.42647177,0.05283167,,,,
1554441_a_at,0.42647965,0.10196904,,,,
241657_at,0.42648009,-0.03785087,,,,
1556327_a_at,0.42648368,-0.04934348,,,,
243204_at,0.42648959,-0.03710245,,,,
214349_at,0.42649874,-0.06683561,,,,
224614_at,0.42650261,-0.11343295,,,,
224762_at,0.42652179,-0.27259162,,,,
1563138_at,0.4265245,-0.07010864,,,,
208026_at,0.42653405,0.04459652,,,,
237057_at,0.42655231,-0.10305877,,,,
244873_s_at,0.42656747,0.09538331,,,,
234230_at,0.42671965,0.04177649,,,,
1564358_at,0.42675341,0.11379773,,,,
220041_at,0.4267552,-0.21067292,,,,
1559508_at,0.42676215,-0.05585809,,,,
231506_at,0.42676589,-0.04141749,,,,
1564121_at,0.42680457,-0.05267956,,,,
234457_at,0.42683128,-0.0285982,,,,
241997_at,0.42687448,-0.06402354,,,,
224223_s_at,0.42692885,-0.05440385,,,,
224574_at,0.42694863,0.11589265,,,,
214082_at,0.42695612,0.09331573,,,,
230075_at,0.42698229,0.21609366,,,,
237352_at,0.42704578,-0.07683315,,,,
227279_at,0.4270515,0.22021904,,,,
232168_x_at,0.42705726,0.08068214,,,,
230630_at,0.42710658,0.21630167,,,,
225578_at,0.42711661,-0.17003909,,,,
242978_x_at,0.42711696,-0.12179557,,,,
232804_at,0.42714261,-0.06766993,,,,
238656_at,0.42714912,-0.1321188,,,,
232655_at,0.42715557,-0.05061721,,,,
222431_at,0.42716418,0.1226791,,,,
238150_at,0.42723481,-0.07201927,,,,
237168_at,0.42727487,0.15274149,,,,
1557274_at,0.42728732,-0.05534953,,,,
209566_at,0.42729381,0.1358034,,,,
209183_s_at,0.42730116,0.23142362,,,,
218275_at,0.42730354,0.17356721,,,,
1557345_at,0.42730591,-0.0392537,,,,
223934_at,0.42731022,0.05014239,,,,
240761_at,0.42736928,-0.0566776,,,,
218571_s_at,0.42738145,0.10482146,,,,
215765_at,0.42738303,0.0869561,,,,
240123_at,0.42742373,-0.05670804,,,,
235327_x_at,0.42744039,0.09656761,,,,
232365_at,0.42747277,-0.06588438,,,,
225975_at,0.42747353,0.29456737,,,,
219289_at,0.42749622,0.10271264,,,,
226059_at,0.42750092,0.16493362,,,,
212243_at,0.42750464,0.09891318,,,,
243442_x_at,0.42751216,-0.08762922,,,,
1554314_at,0.42751679,0.19500256,,,,
227175_at,0.42752556,-0.13921225,,,,
226450_at,0.4275485,0.17532458,,,,
1561327_at,0.42756128,0.05935237,,,,
215840_at,0.42756897,-0.04081038,,,,
1557744_at,0.42758662,-0.06743779,,,,
231105_at,0.42759187,-0.04965169,,,,
213579_s_at,0.42760153,0.10526266,,,,
213580_at,0.42760184,-0.03391363,,,,
238748_at,0.42765745,-0.03790354,,,,
241075_at,0.42768404,-0.06485023,,,,
227238_at,0.42768643,0.33627066,,,,
224250_s_at,0.42778363,-0.11922495,,,,
225462_at,0.42778598,0.12194791,,,,
221088_s_at,0.42778646,0.27223311,,,,
1560494_a_at,0.42780318,-0.03242388,,,,
225431_x_at,0.42787525,-0.21868439,,,,
242005_at,0.42788543,-0.10165157,,,,
209546_s_at,0.42793544,-0.31048636,,,,
243064_at,0.42794121,0.05370812,,,,
1556877_at,0.4279719,-0.0393526,,,,
200597_at,0.42799878,0.11124567,,,,
236969_at,0.42800664,0.09099876,,,,
1561606_at,0.42801363,-0.03298228,,,,
213859_x_at,0.42802391,-0.10378257,,,,
1563279_at,0.4280516,-0.04987954,,,,
222569_at,0.42807368,0.10755335,,,,
219524_s_at,0.42807843,-0.0459318,,,,
236681_at,0.42808618,0.23299935,,,,
229569_at,0.42812382,-0.23913471,,,,
242686_at,0.42812666,-0.04782676,,,,
1554808_at,0.42818312,-0.05208864,,,,
1562890_at,0.42819257,-0.05474154,,,,
207638_at,0.4282031,0.09703169,,,,
235262_at,0.42821936,0.0402745,,,,
225620_at,0.42823883,-0.08196289,,,,
202825_at,0.42825334,0.15209662,,,,
1555195_at,0.42825534,-0.03800255,,,,
214027_x_at,0.42826882,0.19787021,,,,
1555916_at,0.4282762,-0.07307235,,,,
218080_x_at,0.42839531,-0.10630847,,,,
1557078_at,0.42841577,-0.2136538,,,,
224356_x_at,0.42841956,-0.23936313,,,,
235981_at,0.42843875,0.32768894,,,,
238353_at,0.42846219,-0.16391546,,,,
204903_x_at,0.42848011,-0.11106461,,,,
206708_at,0.42848387,-0.09252913,,,,
209247_s_at,0.42851777,-0.11386507,,,,
215163_at,0.42852453,0.05640701,,,,
230045_at,0.42853995,-0.16134166,,,,
210276_s_at,0.42858174,0.12709588,,,,
226517_at,0.42860491,-0.29309217,,,,
239419_at,0.42860795,0.05645719,,,,
231310_at,0.42862657,0.18875208,,,,
227952_at,0.42863002,0.4756457,,,,
211561_x_at,0.42863054,-0.13827549,,,,
202427_s_at,0.42863358,0.171858,,,,
234049_at,0.42865662,0.11526715,,,,
236933_at,0.42866644,0.07322825,,,,
220942_x_at,0.42868383,0.13198695,,,,
214476_at,0.42871989,-0.49232454,,,,
1555933_at,0.42872803,-0.07132909,,,,
205413_at,0.42874519,0.32970376,,,,
208174_x_at,0.42876012,-0.09113678,,,,
213363_at,0.42877592,-0.07009094,,,,
203253_s_at,0.42883775,0.13261787,,,,
238458_at,0.42889058,0.3017876,,,,
218445_at,0.42891647,0.17946625,,,,
206228_at,0.42893267,-0.09771047,,,,
226420_at,0.42898306,-0.40458899,,,,
227505_at,0.42899039,-0.12218075,,,,
1554360_at,0.42900272,-0.09321704,,,,
1563792_at,0.42905353,-0.17989865,,,,
1560723_at,0.42906424,0.06170711,,,,
221576_at,0.42909113,0.08007893,,,,
203992_s_at,0.42910845,0.17274215,,,,
216406_at,0.42913945,-0.03540015,,,,
236205_at,0.42916611,0.35673611,,,,
209687_at,0.42916788,0.40550866,,,,
1559695_a_at,0.42917851,-0.04603327,,,,
206234_s_at,0.4291799,-0.07106667,,,,
1562074_a_at,0.4291867,-0.05097552,,,,
225210_s_at,0.42923261,0.10291875,,,,
210203_at,0.4292403,0.13869144,,,,
243802_at,0.42924999,-0.0850384,,,,
214964_at,0.42928127,0.10563655,,,,
213032_at,0.42928773,0.25184103,,,,
635_s_at,0.42942385,-0.09074196,,,,
222740_at,0.42943936,0.2023278,,,,
222598_s_at,0.42944284,-0.11600493,,,,
233481_at,0.42947376,-0.04864047,,,,
205160_at,0.42949305,0.17553429,,,,
229562_at,0.42950046,0.1034566,,,,
228563_at,0.42950791,0.21705227,,,,
227874_at,0.42951297,0.32053737,,,,
241622_at,0.42954265,-0.04085286,,,,
219900_s_at,0.42955368,-0.06083503,,,,
228084_at,0.42955463,0.14846767,,,,
228647_at,0.42955558,0.17827845,,,,
213606_s_at,0.42956308,-0.20900121,,,,
200090_at,0.4295928,0.09366124,,,,
240223_at,0.42961251,-0.05027694,,,,
213003_s_at,0.42961442,0.10036742,,,,
243932_at,0.42965207,0.11518695,,,,
240593_x_at,0.42969733,0.05649155,,,,
210251_s_at,0.4297036,0.15056345,,,,
234318_x_at,0.42972621,-0.06218605,,,,
227908_at,0.42975341,0.1642185,,,,
227099_s_at,0.42975447,0.22949167,,,,
218967_s_at,0.42976887,-0.24002958,,,,
230676_s_at,0.42978134,-0.15879041,,,,
244233_at,0.42980083,0.05353391,,,,
222940_at,0.42980669,0.32326487,,,,
237705_at,0.42980968,0.03763536,,,,
236365_at,0.42982304,-0.10991538,,,,
207097_s_at,0.42982897,0.52918157,,,,
222760_at,0.42983469,0.27244597,,,,
1556670_at,0.42983905,-0.05752795,,,,
224041_at,0.42984244,0.08808556,,,,
228630_at,0.42992266,0.17064462,,,,
204933_s_at,0.42995531,-0.30866989,,,,
214413_at,0.42996484,0.45997968,,,,
1560582_a_at,0.42996884,0.05982664,,,,
232025_at,0.43001066,-0.11135224,,,,
1552961_at,0.43004234,-0.05072551,,,,
1569003_at,0.43004367,0.16635408,,,,
1566805_at,0.43005647,0.02972745,,,,
243904_at,0.43005718,-0.16021044,,,,
227055_at,0.43010797,-0.41191376,,,,
244108_at,0.43011056,0.07530008,,,,
204455_at,0.43011896,0.46772148,,,,
233844_at,0.43013021,-0.06613033,,,,
222804_x_at,0.43020379,0.14575156,,,,
212820_at,0.43023793,-0.17614805,,,,
230358_at,0.43023806,-0.06007343,,,,
205931_s_at,0.43023915,0.29656049,,,,
222612_at,0.43031326,0.11990339,,,,
1566461_at,0.43031439,0.03932652,,,,
218269_at,0.43031862,0.13379138,,,,
234650_at,0.43032041,0.078315,,,,
209596_at,0.4303218,0.38077643,,,,
227528_s_at,0.43033477,0.09401457,,,,
1559567_at,0.43035107,-0.0507478,,,,
238651_at,0.43036912,0.18014877,,,,
224621_at,0.4303792,-0.0830073,,,,
219070_s_at,0.43039045,0.09082653,,,,
202667_s_at,0.4304169,0.08444882,,,,
215535_s_at,0.4304432,0.10862722,,,,
200794_x_at,0.43046848,-0.07337776,,,,
213287_s_at,0.43047674,0.20418711,,,,
203101_s_at,0.43048932,-0.11577561,,,,
209294_x_at,0.43049599,-0.14368537,,,,
1557481_a_at,0.43054839,-0.03910104,,,,
242331_x_at,0.43056351,0.09489386,,,,
237344_at,0.43058157,-0.048704,,,,
1557099_at,0.4305941,-0.05473301,,,,
209333_at,0.43061752,0.09949301,,,,
229952_at,0.43062337,0.15763579,,,,
242660_at,0.430644,0.14457568,,,,
224908_s_at,0.43064738,0.12876511,,,,
233001_at,0.43066201,-0.06563034,,,,
204864_s_at,0.43068138,0.20410497,,,,
207709_at,0.43069378,0.11893013,,,,
1555140_a_at,0.43070132,-0.12495743,,,,
1569781_at,0.43071721,-0.04581338,,,,
228038_at,0.43072162,0.48459667,,,,
1563068_at,0.4307613,-0.04705374,,,,
215616_s_at,0.43077597,0.07346304,,,,
242531_at,0.4307984,-0.03804582,,,,
216581_at,0.43079847,-0.07283263,,,,
215220_s_at,0.43079963,0.22044724,,,,
230181_at,0.4308251,0.05614553,,,,
201344_at,0.43082686,0.1537957,,,,
210353_s_at,0.43085878,-0.07713627,,,,
215582_x_at,0.43085887,-0.05805818,,,,
1555964_at,0.43087093,0.13648312,,,,
234753_x_at,0.43087935,0.06870435,,,,
1558477_at,0.43088747,-0.04604783,,,,
221120_at,0.43088902,0.03635891,,,,
207328_at,0.43090211,0.09364675,,,,
200093_s_at,0.43091858,0.09105951,,,,
233875_at,0.43095334,0.04162774,,,,
214876_s_at,0.43096809,0.12856127,,,,
1557618_at,0.43097692,-0.03885407,,,,
204200_s_at,0.43098481,-0.13045816,,,,
242527_at,0.43102055,-0.050279,,,,
218743_at,0.43104491,0.07785581,,,,
210104_at,0.43107035,-0.13078511,,,,
41577_at,0.4310775,0.23105225,,,,
238029_s_at,0.43111274,0.34174406,,,,
207045_at,0.43115515,0.07990511,,,,
237491_at,0.43115612,-0.10306125,,,,
228362_s_at,0.43116902,-0.16326505,,,,
231319_x_at,0.4311726,-0.18290123,,,,
234763_at,0.43118071,-0.04857363,,,,
201984_s_at,0.4311896,0.22796734,,,,
1558436_a_at,0.4312135,-0.03320704,,,,
1558937_s_at,0.4312198,0.08134497,,,,
224842_at,0.4312306,0.10648566,,,,
229913_at,0.43126191,0.08640455,,,,
37117_at,0.43128104,-0.29218052,,,,
200666_s_at,0.4313322,0.12814833,,,,
238263_at,0.43134174,0.09862892,,,,
227084_at,0.43139956,0.26752473,,,,
212673_at,0.43142459,-0.11191677,,,,
225387_at,0.4314358,-0.2577271,,,,
1558356_at,0.43144818,0.07907084,,,,
227330_x_at,0.43146208,-0.18463978,,,,
241102_at,0.43150301,-0.0534984,,,,
217368_at,0.43152898,-0.07654672,,,,
211300_s_at,0.43155192,-0.21799324,,,,
240632_at,0.43161667,-0.04110497,,,,
1556488_s_at,0.43163655,-0.08402983,,,,
217684_at,0.43164192,-0.06659625,,,,
1562865_at,0.43166218,-0.0442884,,,,
1560018_at,0.43167375,-0.0386099,,,,
235362_at,0.43168191,0.17390503,,,,
238017_at,0.43172794,-0.62083099,,,,
205560_at,0.431728,0.23638986,,,,
213645_at,0.4317302,0.15407855,,,,
222440_s_at,0.43174454,-0.05928698,,,,
231625_at,0.4317727,0.2531287,,,,
234947_s_at,0.43178591,0.11988537,,,,
220202_s_at,0.43179061,-0.12052674,,,,
220619_at,0.43184373,-0.04332628,,,,
1562537_at,0.43185115,-0.04195426,,,,
1566487_at,0.43185851,0.03665965,,,,
235897_at,0.43192897,-0.09345952,,,,
238969_at,0.43194159,-0.25287295,,,,
207654_x_at,0.431971,-0.13129982,,,,
233563_s_at,0.43197763,-0.09847103,,,,
213209_at,0.43199855,-0.11636192,,,,
1558378_a_at,0.43200861,-0.36422667,,,,
231551_at,0.43201115,-0.04054144,,,,
223598_at,0.43201789,0.13452102,,,,
224974_at,0.43205055,0.12752819,,,,
216679_at,0.4320509,-0.05791165,,,,
235111_at,0.43205562,-0.11497579,,,,
1555808_a_at,0.43205814,-0.10547131,,,,
209096_at,0.43208399,0.12216884,,,,
235855_at,0.43208809,-0.07341627,,,,
208406_s_at,0.43217004,-0.06985117,,,,
218620_s_at,0.43217669,-0.0838853,,,,
1563662_at,0.43219862,0.04860965,,,,
214984_at,0.43221328,-0.04851215,,,,
224572_s_at,0.43221395,-0.13676857,,,,
227269_s_at,0.43224327,-0.06318181,,,,
239942_at,0.432261,-0.25900077,,,,
1556121_at,0.43229874,0.184909,,,,
231232_at,0.43230988,-0.13772182,,,,
234876_at,0.43231392,-0.05876286,,,,
236176_at,0.43231649,-0.06709836,,,,
213305_s_at,0.43231694,-0.1261108,,,,
211630_s_at,0.43232827,-0.11937578,,,,
201119_s_at,0.43233315,-0.10000242,,,,
206935_at,0.4323493,0.27110524,,,,
209369_at,0.43235373,0.47706202,,,,
1570025_at,0.43237184,-0.06040223,,,,
223192_at,0.43241117,0.07799979,,,,
238824_at,0.43248185,-0.13376644,,,,
244690_at,0.43248786,0.05422355,,,,
1556182_x_at,0.43250347,-0.16549415,,,,
203024_s_at,0.43250856,0.10038649,,,,
236270_at,0.43257156,0.15068877,,,,
230698_at,0.43257641,-0.11055251,,,,
232539_at,0.43257672,0.05732828,,,,
221356_x_at,0.4326297,-0.05030434,,,,
241844_x_at,0.43264786,-0.13545101,,,,
208395_s_at,0.43266119,-0.08532489,,,,
219158_s_at,0.43268222,0.14571695,,,,
224015_s_at,0.43273559,-0.10288212,,,,
1568711_a_at,0.43279918,0.02742563,,,,
240404_at,0.43281351,0.05381973,,,,
212447_at,0.43282208,-0.08382577,,,,
1559530_at,0.43284612,-0.05115957,,,,
243170_at,0.43296869,0.11810202,,,,
223170_at,0.43297339,-0.25037416,,,,
206739_at,0.43300131,0.1109464,,,,
202069_s_at,0.43300445,0.11813576,,,,
227683_x_at,0.43302184,-0.13896355,,,,
239432_at,0.43304423,-0.10906105,,,,
214545_s_at,0.43304934,0.17069713,,,,
204767_s_at,0.43306386,0.15378879,,,,
218194_at,0.43306545,0.11856444,,,,
217468_at,0.43307607,0.08879875,,,,
207303_at,0.43308865,-0.05526675,,,,
225103_at,0.43312211,-0.16488311,,,,
217719_at,0.43314883,-0.09526,,,,
220969_s_at,0.4332265,-0.12785224,,,,
241557_x_at,0.43326617,-0.03124535,,,,
203002_at,0.43336787,0.16100168,,,,
220586_at,0.43337805,0.04159309,,,,
221815_at,0.43338642,-0.21797186,,,,
210322_x_at,0.43339284,0.10312724,,,,
236819_at,0.43340382,-0.05900124,,,,
219672_at,0.43342676,-0.06436469,,,,
236690_at,0.4334385,-0.0517436,,,,
212578_x_at,0.43347927,0.06680164,,,,
243504_at,0.43352595,-0.03272373,,,,
202969_at,0.43353577,0.1730748,,,,
215442_s_at,0.4335637,-0.03545731,,,,
241310_at,0.43356829,0.21090112,,,,
219211_at,0.43357168,0.15950933,,,,
241217_x_at,0.43357397,0.03683169,,,,
235688_s_at,0.43357768,0.11349586,,,,
206063_x_at,0.43364223,-0.05723423,,,,
224978_s_at,0.43365,0.08708118,,,,
1555503_a_at,0.43365422,-0.04932785,,,,
210768_x_at,0.43366428,0.14921088,,,,
202713_s_at,0.43369185,0.09593207,,,,
221316_at,0.43370719,-0.04369764,,,,
222425_s_at,0.43370974,0.11934852,,,,
208162_s_at,0.43381017,0.04655955,,,,
215886_x_at,0.43381048,-0.13620857,,,,
230675_at,0.43385255,-0.06075087,,,,
212668_at,0.43387065,-0.09334815,,,,
234926_s_at,0.4338879,-0.10568494,,,,
1556136_at,0.43388986,0.07803882,,,,
225370_at,0.43390727,0.09117724,,,,
203431_s_at,0.43390984,-0.21461141,,,,
213703_at,0.43393294,-0.21383548,,,,
212067_s_at,0.43393881,0.27092379,,,,
209381_x_at,0.43394431,-0.1199764,,,,
212692_s_at,0.43394506,-0.13930673,,,,
234199_at,0.43397467,0.05205158,,,,
1559450_at,0.43400479,0.12663248,,,,
1557305_at,0.43402404,0.04478207,,,,
236407_at,0.43403576,-0.08530603,,,,
1558706_a_at,0.43404067,0.09677508,,,,
239148_at,0.43407102,0.27654688,,,,
229416_at,0.43407169,-0.06991607,,,,
1560974_s_at,0.43410337,-0.03983417,,,,
230360_at,0.43413875,-0.29199765,,,,
1561998_at,0.43414526,0.03568023,,,,
210965_x_at,0.43417807,0.06386501,,,,
212414_s_at,0.43417976,0.19554,,,,
242518_at,0.43424753,-0.0895865,,,,
231662_at,0.43426279,0.3043833,,,,
209198_s_at,0.43427296,0.22727532,,,,
215920_s_at,0.43433537,0.09593055,,,,
1558999_x_at,0.43433965,0.05634334,,,,
234026_at,0.43436217,-0.07496478,,,,
240889_at,0.43438241,-0.056976,,,,
214658_at,0.43439466,0.11053174,,,,
222178_s_at,0.434404,-0.03681741,,,,
1557498_a_at,0.43445797,-0.04462753,,,,
219646_at,0.43446156,0.14483475,,,,
213274_s_at,0.43448734,-0.2202651,,,,
203568_s_at,0.43449503,0.12442859,,,,
224405_at,0.43451593,-0.09973806,,,,
209026_x_at,0.43453594,0.12537865,,,,
232925_at,0.43455749,0.1418426,,,,
239603_x_at,0.43457218,-0.07831185,,,,
243126_x_at,0.43458502,0.03150722,,,,
221065_s_at,0.43458529,-0.11068935,,,,
218852_at,0.43459206,-0.14280986,,,,
201343_at,0.43459307,-0.08800368,,,,
1553732_s_at,0.43460711,0.11577788,,,,
221293_s_at,0.43461057,-0.0980068,,,,
226946_at,0.43461135,0.27601585,,,,
216271_x_at,0.43465742,-0.06587779,,,,
210318_at,0.43470177,-0.04983252,,,,
1557879_at,0.43471777,-0.06521084,,,,
1554466_a_at,0.43471975,-0.12660816,,,,
241210_at,0.43475244,0.05838721,,,,
230963_at,0.4347984,-0.14509885,,,,
233750_s_at,0.4348215,-0.12312888,,,,
1552489_s_at,0.43485271,0.03754049,,,,
206146_s_at,0.43485638,-0.05427183,,,,
225514_at,0.43485947,-0.08783867,,,,
1557026_at,0.43486618,-0.04812771,,,,
205320_at,0.43494487,0.08087073,,,,
228363_at,0.43497873,-0.13969857,,,,
226690_at,0.43498073,-0.08707346,,,,
240242_at,0.43499127,-0.27122189,,,,
240330_at,0.43500055,-0.04293062,,,,
1564996_at,0.43501639,-0.04057139,,,,
205727_at,0.43503752,-0.07976301,,,,
1554765_a_at,0.43505503,-0.04186068,,,,
226918_at,0.43506622,-0.10826593,,,,
231849_at,0.43508306,0.31566438,,,,
1561471_at,0.43511353,-0.04081416,,,,
214516_at,0.43516204,0.05750386,,,,
41397_at,0.43517074,0.06632601,,,,
204590_x_at,0.43517573,0.06992438,,,,
204685_s_at,0.43519662,0.27429246,,,,
230346_x_at,0.43520742,-0.06991735,,,,
216962_at,0.43520811,-0.20206906,,,,
215241_at,0.4352119,0.13849497,,,,
227765_at,0.43526017,0.17677643,,,,
237523_at,0.43527789,0.0468711,,,,
233448_s_at,0.43528948,0.04701896,,,,
212484_at,0.43530461,0.11775067,,,,
208318_s_at,0.43530973,0.20566202,,,,
242622_x_at,0.43531802,0.07137603,,,,
204749_at,0.43532568,0.32151386,,,,
1569410_at,0.43532614,0.42823759,,,,
1553286_at,0.43533348,0.10219534,,,,
216695_s_at,0.43534463,0.04850025,,,,
236929_at,0.43534583,-0.08944233,,,,
218573_at,0.43534702,0.21053799,,,,
230039_at,0.43541075,-0.08114465,,,,
207449_s_at,0.43541116,-0.06550026,,,,
1555420_a_at,0.43544269,-0.19571256,,,,
224987_at,0.43545376,0.10992556,,,,
1570536_at,0.43545952,-0.04789066,,,,
1556395_at,0.43546907,0.16922944,,,,
227356_at,0.43547426,0.13681317,,,,
223280_x_at,0.43549325,-0.22989772,,,,
225549_at,0.43550729,-0.07870127,,,,
215135_at,0.43551969,-0.05648572,,,,
1557688_at,0.43556891,-0.08348489,,,,
1561557_at,0.43557667,-0.06349288,,,,
207014_at,0.43559653,-0.19972588,,,,
1562950_at,0.43559994,-0.05909046,,,,
244118_at,0.43560111,-0.04098608,,,,
217772_s_at,0.43562237,-0.14498061,,,,
232456_at,0.43562258,0.09512806,,,,
214309_s_at,0.43562691,-0.05769523,,,,
226243_at,0.43564088,0.11036995,,,,
237514_at,0.43570453,-0.04315561,,,,
240854_x_at,0.43575749,-0.06937303,,,,
226232_at,0.4357597,0.12389837,,,,
240631_at,0.43577038,-0.03660397,,,,
1558537_x_at,0.43580433,-0.0457454,,,,
216618_at,0.43583187,-0.04120501,,,,
1554340_a_at,0.43584811,0.08173745,,,,
213642_at,0.4358572,0.10831977,,,,
209130_at,0.43586372,-0.09687912,,,,
1560610_at,0.43587646,-0.04348262,,,,
1570206_at,0.43587897,-0.06970625,,,,
243934_at,0.43589846,0.07715534,,,,
224435_at,0.43591404,0.21222235,,,,
1561539_at,0.43595475,0.08451837,,,,
228066_at,0.43596625,0.10163209,,,,
221262_s_at,0.43597069,-0.06596644,,,,
207125_at,0.43597711,0.11945267,,,,
207213_s_at,0.43598783,-0.11047058,,,,
231293_at,0.43600802,-0.0725241,,,,
211817_s_at,0.4360995,-0.11196849,,,,
224268_x_at,0.43614202,-0.05833194,,,,
212116_at,0.43614361,0.09335232,,,,
221847_at,0.43614531,0.09644927,,,,
212516_at,0.43623178,-0.10345292,,,,
212019_at,0.43625319,0.18523686,,,,
240747_at,0.43625821,0.04550503,,,,
231790_at,0.43625941,0.49653203,,,,
235193_at,0.43628316,0.18412378,,,,
206829_x_at,0.43628386,0.12480078,,,,
230333_at,0.4362915,0.23269618,,,,
221891_x_at,0.43630445,0.048172,,,,
227858_at,0.43631943,0.07586765,,,,
207240_s_at,0.43632235,0.15681233,,,,
237405_at,0.43632297,-0.04647634,,,,
224827_at,0.43638228,0.14024526,,,,
1553688_at,0.43639429,0.06021431,,,,
212696_s_at,0.43639942,0.08819435,,,,
1554547_at,0.436402,0.28912525,,,,
204521_at,0.43641726,0.21822927,,,,
203818_s_at,0.43641865,0.08715928,,,,
237272_at,0.43644264,-0.04219994,,,,
221141_x_at,0.43646469,0.07092146,,,,
1558211_s_at,0.43647765,0.04745735,,,,
213611_at,0.43648381,0.27623082,,,,
228477_at,0.43648573,-0.14260227,,,,
236007_at,0.43650688,0.18719938,,,,
219453_at,0.43651172,0.08154702,,,,
237317_at,0.43654429,0.08187389,,,,
227775_at,0.43654943,-0.10362313,,,,
210951_x_at,0.43656206,-0.17401173,,,,
213812_s_at,0.43656623,-0.14870927,,,,
233953_at,0.43657499,0.24662468,,,,
243723_at,0.43657525,-0.04185695,,,,
215697_at,0.43660422,-0.05335437,,,,
223932_at,0.43662663,-0.06708149,,,,
242054_s_at,0.4366358,0.38098359,,,,
236997_at,0.43667438,-0.06259807,,,,
205572_at,0.43668101,0.24769397,,,,
219265_at,0.43668779,-0.11957021,,,,
232753_at,0.43671249,0.10417205,,,,
220157_x_at,0.43671711,0.08402838,,,,
232898_at,0.43672442,-0.20333248,,,,
221704_s_at,0.43674487,-0.1653966,,,,
1560467_at,0.43677775,-0.04794271,,,,
1561448_at,0.43683176,0.04513843,,,,
1560081_at,0.43683293,-0.08484482,,,,
1555612_s_at,0.43691757,0.35627477,,,,
216399_s_at,0.43694995,0.10497259,,,,
239146_at,0.43702458,-0.13165553,,,,
1561276_at,0.43705854,0.04215962,,,,
217988_at,0.43707053,0.16020799,,,,
225125_at,0.43709764,-0.11601694,,,,
215168_at,0.43710321,-0.02869691,,,,
204490_s_at,0.43713556,-0.29449968,,,,
211323_s_at,0.43715533,-0.15827384,,,,
225963_at,0.43716562,0.12031797,,,,
1568970_at,0.43718295,-0.03611438,,,,
214571_at,0.43719634,0.05135939,,,,
232369_at,0.43720335,0.17044016,,,,
1564709_at,0.43723382,-0.05040163,,,,
63009_at,0.43724804,0.09350313,,,,
235807_at,0.43726591,-0.05144613,,,,
235453_at,0.43727832,0.13178323,,,,
220633_s_at,0.43727961,-0.07724147,,,,
213509_x_at,0.43729829,-0.26913856,,,,
213788_s_at,0.43734733,-0.1015101,,,,
1562106_at,0.43739716,0.05170841,,,,
1565774_at,0.43746939,-0.04018603,,,,
202201_at,0.43747242,0.1685625,,,,
206056_x_at,0.43750523,0.08733677,,,,
217615_at,0.43750618,0.06801691,,,,
217281_x_at,0.43753549,-0.34303517,,,,
200808_s_at,0.43754422,-0.18526691,,,,
226785_at,0.4375923,0.14713223,,,,
240191_at,0.43760546,0.0714365,,,,
229257_at,0.4376107,-0.09410829,,,,
235487_at,0.4376366,0.07776893,,,,
211806_s_at,0.43764032,-0.18914903,,,,
222717_at,0.43765758,0.31394957,,,,
235979_at,0.43766353,0.29775298,,,,
1569376_s_at,0.43766809,-0.03824922,,,,
1568755_a_at,0.4376751,-0.03894509,,,,
222085_at,0.43768568,0.09041244,,,,
242781_at,0.43769726,-0.11128548,,,,
1570263_at,0.43771231,-0.04332754,,,,
219339_s_at,0.43771977,-0.08061891,,,,
239359_at,0.43773571,-0.13079976,,,,
1563690_at,0.43773761,0.0354,,,,
210082_at,0.43774373,0.11319007,,,,
241735_at,0.43775214,-0.04400628,,,,
218456_at,0.4377795,0.1725698,,,,
1560448_at,0.43778346,-0.04450347,,,,
209475_at,0.43778997,0.11596057,,,,
232303_at,0.4378013,-0.05676257,,,,
234101_at,0.43782615,0.04234832,,,,
243292_at,0.43787175,-0.15942269,,,,
204952_at,0.4378752,0.3516008,,,,
220480_at,0.43791202,0.0732564,,,,
243627_at,0.43793089,0.03515492,,,,
238588_at,0.43793684,-0.0387293,,,,
228841_at,0.43797648,-0.12370937,,,,
211340_s_at,0.43798588,0.20541242,,,,
218965_s_at,0.43805405,0.09301052,,,,
211634_x_at,0.43805523,-0.28089259,,,,
213689_x_at,0.43806251,0.21167388,,,,
204089_x_at,0.43807101,0.09665142,,,,
212007_at,0.43807156,0.09101943,,,,
32042_at,0.43808666,0.10312321,,,,
234678_at,0.43809135,-0.03538491,,,,
216616_at,0.43809499,-0.04607795,,,,
238006_at,0.43810085,0.07365689,,,,
235495_at,0.43810213,-0.0699956,,,,
228856_at,0.43813655,0.10727572,,,,
228476_at,0.43815825,0.11981572,,,,
201589_at,0.43819676,0.1081135,,,,
212039_x_at,0.43822842,-0.05186993,,,,
201566_x_at,0.43825712,0.21015264,,,,
207772_s_at,0.43826809,-0.06395863,,,,
222317_at,0.43833376,-0.29577525,,,,
244078_at,0.43836273,-0.09851071,,,,
218900_at,0.43838117,-0.17342586,,,,
244109_at,0.43839912,0.04804916,,,,
229544_at,0.43840644,-0.1900292,,,,
205096_at,0.43843533,0.07845666,,,,
241646_s_at,0.43844508,0.073288,,,,
233264_at,0.43846189,0.07999454,,,,
221286_s_at,0.43846316,-0.19535375,,,,
233094_at,0.43847633,0.03726608,,,,
209449_at,0.43847887,0.12568181,,,,
1562909_at,0.4384865,-0.03836655,,,,
1558813_at,0.43849274,-0.03813889,,,,
227827_at,0.43849779,0.33096461,,,,
1555751_a_at,0.43850485,-0.11233236,,,,
35265_at,0.43852695,0.07709158,,,,
1553566_at,0.4385337,-0.04571152,,,,
202292_x_at,0.43854667,-0.08586527,,,,
240480_at,0.4386142,-0.2921594,,,,
205382_s_at,0.43862583,-0.37431353,,,,
208148_at,0.43863592,0.16959246,,,,
222980_at,0.43867412,-0.08180727,,,,
237305_at,0.43868838,0.10116565,,,,
236025_at,0.43869128,-0.06400876,,,,
241834_at,0.43872218,0.19055226,,,,
37966_at,0.43873179,-0.17294464,,,,
241748_x_at,0.43873521,0.06867087,,,,
1560538_at,0.43876422,0.07538236,,,,
234493_at,0.4387842,-0.04035483,,,,
237991_at,0.43878463,0.05875528,,,,
211070_x_at,0.43881172,0.12795564,,,,
1568760_at,0.43883108,0.04484835,,,,
240137_at,0.43886629,-0.21713821,,,,
238363_at,0.43886909,0.04504844,,,,
224271_x_at,0.43889513,0.05974706,,,,
210105_s_at,0.43891093,0.23101253,,,,
216950_s_at,0.43892018,-0.209214,,,,
214014_at,0.43893958,0.15840093,,,,
212936_at,0.43901383,0.13367696,,,,
202627_s_at,0.4390215,-0.31012508,,,,
218131_s_at,0.43904925,0.0926225,,,,
224496_s_at,0.4390589,0.18456033,,,,
202796_at,0.4390716,-0.14590392,,,,
207031_at,0.43907191,0.17588954,,,,
212629_s_at,0.43912575,-0.12712636,,,,
216612_x_at,0.43912895,0.03919729,,,,
215569_at,0.43915482,0.08225795,,,,
243512_x_at,0.43918359,0.17350902,,,,
1562938_at,0.43919296,0.05186041,,,,
213159_at,0.43922358,0.09462266,,,,
213323_s_at,0.43925586,-0.07326626,,,,
224047_at,0.43926902,-0.07606079,,,,
204274_at,0.43929696,-0.10812582,,,,
212800_at,0.43931758,0.17652832,,,,
241923_x_at,0.4393435,0.04266285,,,,
1568849_at,0.43936201,-0.06865732,,,,
201680_x_at,0.43942362,-0.09340992,,,,
207197_at,0.4394303,0.04851146,,,,
200908_s_at,0.43943622,-0.13945674,,,,
201014_s_at,0.43950648,0.14268249,,,,
1562712_at,0.4395129,-0.0428137,,,,
205370_x_at,0.43951875,0.09467825,,,,
231789_at,0.43953948,0.1589356,,,,
207163_s_at,0.43957121,-0.12666784,,,,
216030_s_at,0.4396413,-0.07004015,,,,
1557885_at,0.43966109,-0.05818658,,,,
203572_s_at,0.4396639,-0.12098609,,,,
1556416_s_at,0.43966565,0.10933679,,,,
1554607_at,0.43966672,0.06739052,,,,
243155_at,0.43968121,-0.03566487,,,,
1562572_at,0.43969791,0.05199819,,,,
1569366_a_at,0.43973774,0.12513405,,,,
241264_at,0.43978499,-0.03431678,,,,
212734_x_at,0.43980974,-0.0627812,,,,
233845_at,0.43981472,-0.03250523,,,,
211465_x_at,0.43984636,-0.21453659,,,,
204694_at,0.43990624,0.20534112,,,,
1555202_a_at,0.43990708,0.14449475,,,,
226869_at,0.43997356,0.19099291,,,,
211325_x_at,0.43998118,-0.07554067,,,,
1560516_at,0.43999806,0.03461195,,,,
243214_at,0.4400303,-0.04988033,,,,
212656_at,0.44004809,0.09618708,,,,
1557919_a_at,0.44005119,-0.05494087,,,,
224812_at,0.44008095,0.16854149,,,,
212396_s_at,0.44009043,0.1226638,,,,
202610_s_at,0.44010774,0.10207315,,,,
200947_s_at,0.44011234,0.15247409,,,,
212363_x_at,0.44011626,-0.05885869,,,,
236665_at,0.44013174,0.13694732,,,,
231380_at,0.44015631,-0.19542094,,,,
218812_s_at,0.44016764,0.13297102,,,,
1558152_at,0.44021785,-0.19446164,,,,
1556145_a_at,0.44023764,0.06194274,,,,
224944_at,0.44028816,0.12841061,,,,
218860_at,0.44030319,-0.07888909,,,,
225422_at,0.44030658,0.10078028,,,,
219480_at,0.44034509,0.06125766,,,,
201848_s_at,0.44037097,0.27497888,,,,
201181_at,0.44037691,0.10029247,,,,
235002_at,0.44039153,-0.06933094,,,,
202635_s_at,0.44040362,0.13485282,,,,
224822_at,0.44040613,0.19688243,,,,
225484_at,0.44040759,0.13782461,,,,
221410_x_at,0.44041974,0.13894278,,,,
218631_at,0.44042245,-0.20062558,,,,
1564823_at,0.44043007,0.05309953,,,,
241711_at,0.44045876,0.05141836,,,,
221111_at,0.44046242,0.07058204,,,,
240423_at,0.44046502,0.10572648,,,,
218990_s_at,0.44047732,-0.35357662,,,,
227760_at,0.44053958,0.28210992,,,,
223815_at,0.44057637,0.05078091,,,,
243255_at,0.44057665,0.07143479,,,,
225698_at,0.44057757,-0.1702946,,,,
221954_at,0.44060898,0.11358161,,,,
241051_at,0.44063679,-0.04463735,,,,
227097_at,0.44064187,0.07898693,,,,
244604_at,0.44065029,0.110183,,,,
200731_s_at,0.44066553,-0.15993758,,,,
1566428_at,0.44067011,0.03075179,,,,
1555338_s_at,0.4407162,0.07188694,,,,
1560178_at,0.44072882,-0.06678961,,,,
231365_at,0.44075676,0.20534149,,,,
207462_at,0.44075767,-0.06122377,,,,
1558601_at,0.44077725,0.04286949,,,,
224106_at,0.44078233,-0.06855951,,,,
214151_s_at,0.44078472,0.13759654,,,,
218114_at,0.44081083,-0.07732496,,,,
220070_at,0.440829,0.18155518,,,,
223903_at,0.4408555,-0.05448747,,,,
238217_at,0.4408708,-0.05282151,,,,
242447_at,0.4409345,0.32478287,,,,
222978_at,0.44093496,0.09514929,,,,
235816_s_at,0.440951,-0.08554703,,,,
1556801_at,0.4409926,-0.04959243,,,,
1561918_at,0.4409964,-0.05458992,,,,
230690_at,0.44101529,-0.11452086,,,,
239285_at,0.44101795,-0.12258042,,,,
222134_at,0.44104589,-0.20608924,,,,
224151_s_at,0.44106231,0.18831843,,,,
223394_at,0.44107724,-0.12236593,,,,
204019_s_at,0.4411039,-0.24795966,,,,
233913_at,0.44111771,-0.05006752,,,,
1554885_a_at,0.44113016,0.13038828,,,,
212156_at,0.44113613,-0.06399431,,,,
228912_at,0.44114731,-0.50672698,,,,
222042_x_at,0.4412359,-0.0628023,,,,
208992_s_at,0.44127184,0.12893444,,,,
239165_at,0.44127906,-0.08392273,,,,
224073_at,0.44129739,0.05352218,,,,
1565778_at,0.44130677,0.06204294,,,,
217616_at,0.44132242,0.04624693,,,,
206331_at,0.44133946,0.18542918,,,,
235703_at,0.44137238,0.05095391,,,,
237613_at,0.44137459,-0.03696902,,,,
1557217_a_at,0.44137508,0.09527083,,,,
238743_at,0.44140905,-0.10518542,,,,
1553970_s_at,0.44140908,-0.32848157,,,,
235261_at,0.4414393,0.20759101,,,,
238790_at,0.44144766,0.15456598,,,,
226827_at,0.44148937,-0.12454623,,,,
1556715_at,0.44149679,-0.07988776,,,,
214437_s_at,0.44152223,0.15876623,,,,
242283_at,0.44154675,0.25549501,,,,
201056_at,0.4415494,0.09303386,,,,
224192_at,0.44155567,-0.04726594,,,,
230221_at,0.44156796,0.07776576,,,,
221552_at,0.4415744,-0.18954167,,,,
1568764_x_at,0.44158489,-0.17639485,,,,
220593_s_at,0.44159624,0.06522321,,,,
216385_at,0.44161678,-0.0563119,,,,
225384_at,0.44161995,0.14370644,,,,
222137_at,0.44163404,-0.0692584,,,,
1562287_at,0.44164628,-0.03013694,,,,
240953_at,0.44168378,-0.04927052,,,,
205804_s_at,0.44169269,-0.17985347,,,,
209120_at,0.44177007,0.17672099,,,,
222847_s_at,0.44178557,-0.30415669,,,,
207347_at,0.44179295,0.1019449,,,,
227855_at,0.44184595,0.10098888,,,,
229127_at,0.44185947,0.29133983,,,,
217757_at,0.44187032,0.23748039,,,,
209789_at,0.44187226,0.21992585,,,,
207394_at,0.44190713,-0.17470366,,,,
240028_at,0.44190826,0.04294123,,,,
1565639_a_at,0.44192672,0.10747152,,,,
207361_at,0.44194291,0.11548112,,,,
227303_at,0.44194496,0.07370801,,,,
223593_at,0.44198902,0.22220555,,,,
203907_s_at,0.44200021,0.12740353,,,,
210957_s_at,0.44201984,-0.11013161,,,,
209009_at,0.44204726,-0.09281675,,,,
236253_at,0.44207249,0.062755,,,,
242264_at,0.44211745,0.18778816,,,,
210950_s_at,0.44212046,-0.16214544,,,,
215334_at,0.44212224,-0.05786823,,,,
226777_at,0.44212461,0.40952651,,,,
210441_at,0.44216509,-0.05124617,,,,
218414_s_at,0.4421821,-0.10542764,,,,
235930_at,0.44230789,0.10659739,,,,
227841_at,0.44231619,-0.07355331,,,,
201070_x_at,0.4423298,0.12312199,,,,
219221_at,0.44233671,-0.16917482,,,,
1552524_at,0.44237187,-0.0622216,,,,
222061_at,0.44239234,-0.09869606,,,,
219636_s_at,0.44242404,-0.21249678,,,,
241774_at,0.44242421,0.12253815,,,,
231937_at,0.44242426,0.08064166,,,,
239418_x_at,0.44243154,-0.05295955,,,,
204573_at,0.4424452,0.14713421,,,,
239685_at,0.44245589,-0.05748453,,,,
1554178_a_at,0.44246071,0.12452774,,,,
1554814_at,0.4424795,-0.04533794,,,,
232872_at,0.44250324,-0.03860059,,,,
224114_at,0.4425381,0.03617352,,,,
1569818_at,0.44253971,-0.03118572,,,,
232822_x_at,0.44254495,-0.04422642,,,,
213313_at,0.4425486,0.10641519,,,,
228863_at,0.44255144,0.22733677,,,,
240196_at,0.44258936,-0.0375723,,,,
228462_at,0.44260327,0.42755264,,,,
243598_at,0.44261261,0.07818969,,,,
227593_at,0.44261271,0.16572672,,,,
242483_at,0.44261986,-0.04439723,,,,
1557349_at,0.44262053,-0.05470579,,,,
1552745_at,0.44263782,-0.0673821,,,,
1557034_s_at,0.44265146,-0.07836016,,,,
237673_at,0.44266463,-0.04422678,,,,
54037_at,0.44267083,-0.11435168,,,,
225688_s_at,0.442681,0.23618708,,,,
227987_at,0.44268265,0.16735988,,,,
225883_at,0.44269313,-0.10608622,,,,
1561956_at,0.44270519,0.08009963,,,,
212788_x_at,0.44274405,-0.05433302,,,,
238228_at,0.44274806,-0.17613063,,,,
207023_x_at,0.44276264,0.20970656,,,,
223304_at,0.44276713,0.11899338,,,,
225151_at,0.44278577,0.08506179,,,,
214104_at,0.44278625,0.25353236,,,,
231490_at,0.44282841,-0.03730863,,,,
233836_at,0.44285879,0.05611143,,,,
243995_at,0.44286528,0.11090253,,,,
215632_at,0.4429063,0.03394479,,,,
226688_at,0.442946,0.13763041,,,,
242909_at,0.44298885,0.32237785,,,,
235878_at,0.44299783,-0.11541347,,,,
216216_at,0.44300028,-0.03481644,,,,
208129_x_at,0.44300297,0.0831119,,,,
204610_s_at,0.4430061,-0.13549873,,,,
238163_at,0.44305515,0.108749,,,,
202746_at,0.44305753,0.38888189,,,,
219346_at,0.44306082,-0.14402259,,,,
204553_x_at,0.44306282,-0.07014816,,,,
1557474_at,0.44307222,-0.12739512,,,,
1558371_a_at,0.44310789,-0.11171638,,,,
240441_at,0.44311219,-0.05410428,,,,
217386_at,0.44314114,0.03966348,,,,
201743_at,0.4431879,-0.26983692,,,,
211023_at,0.44319429,0.08198695,,,,
1553237_x_at,0.44320808,-0.05437706,,,,
224649_x_at,0.44327142,0.13612941,,,,
236675_at,0.44329976,-0.09246587,,,,
200817_x_at,0.4433385,0.04842595,,,,
204131_s_at,0.44339234,-0.15171343,,,,
221913_at,0.44340114,-0.07067595,,,,
1559295_at,0.44341815,-0.05638753,,,,
204843_s_at,0.44343455,-0.12528156,,,,
211079_s_at,0.44344756,0.08951862,,,,
235693_at,0.4434561,0.22955792,,,,
215609_at,0.44347937,0.07182546,,,,
213404_s_at,0.44353862,-0.10253607,,,,
204056_s_at,0.44355138,0.08430533,,,,
200679_x_at,0.44356954,-0.12301988,,,,
213468_at,0.44357019,0.07497896,,,,
237219_at,0.44357808,0.04589074,,,,
205712_at,0.44359329,-0.17322887,,,,
1565150_at,0.44360585,-0.08456691,,,,
231156_at,0.44361084,0.40012934,,,,
235704_at,0.44366497,0.16713184,,,,
238421_at,0.44366587,-0.157301,,,,
208799_at,0.44373239,0.10340542,,,,
239585_at,0.44379789,-0.05988317,,,,
236830_at,0.44380155,-0.06902844,,,,
211746_x_at,0.44380291,0.08618645,,,,
1560821_at,0.44384516,-0.04179099,,,,
211480_s_at,0.44385413,0.149941,,,,
232807_at,0.44391448,0.07797937,,,,
235683_at,0.44392335,0.2639781,,,,
226605_at,0.44393855,-0.1538084,,,,
210581_x_at,0.44396092,-0.16847992,,,,
240234_at,0.44396126,0.04565455,,,,
237744_at,0.44397552,-0.05784924,,,,
215694_at,0.44399763,0.07466222,,,,
237216_at,0.44400551,-0.1034675,,,,
216429_at,0.44404819,-0.06038411,,,,
215944_at,0.44404873,-0.03270124,,,,
1563079_at,0.44406593,-0.05430236,,,,
220857_at,0.44412322,-0.04924862,,,,
237587_at,0.44412433,-0.05925393,,,,
240598_at,0.44417878,0.08391137,,,,
220901_at,0.44419669,-0.0415142,,,,
241532_at,0.44423582,-0.03271258,,,,
224912_at,0.44423918,-0.11439278,,,,
1554579_a_at,0.44424047,0.07041765,,,,
228232_s_at,0.44429023,-0.33039968,,,,
202461_at,0.44429998,0.1059657,,,,
238443_at,0.44432821,0.16750937,,,,
201166_s_at,0.44433545,-0.06830848,,,,
244575_at,0.44438261,0.05741301,,,,
215478_at,0.44438745,0.03549175,,,,
231339_at,0.44441058,-0.04393095,,,,
233785_at,0.44442643,-0.0585109,,,,
207933_at,0.44443603,-0.06035309,,,,
233467_s_at,0.44443867,-0.07660153,,,,
206796_at,0.44443941,0.17361994,,,,
224117_at,0.44445622,-0.07409593,,,,
200627_at,0.44446193,-0.06633927,,,,
1561678_at,0.44447715,-0.04578491,,,,
242302_at,0.44448036,-0.0559516,,,,
232040_at,0.44448252,-0.17578138,,,,
229710_at,0.44449816,-0.12902482,,,,
244127_at,0.44451845,-0.05035012,,,,
231162_at,0.44452067,0.09946797,,,,
227828_s_at,0.44452908,0.31847509,,,,
205219_s_at,0.44454566,0.11277805,,,,
224116_at,0.44455036,0.03536916,,,,
205745_x_at,0.44456753,0.12735859,,,,
231138_at,0.44459543,-0.04155259,,,,
320_at,0.44461437,0.13531516,,,,
1553506_at,0.4446317,-0.03985938,,,,
241634_at,0.44467095,-0.05015196,,,,
1555785_a_at,0.44467616,0.10568996,,,,
231187_at,0.44470235,0.16534204,,,,
242204_at,0.44472189,0.19886326,,,,
210930_s_at,0.44472801,0.13541919,,,,
244587_at,0.44474812,-0.05844263,,,,
206454_s_at,0.44475255,-0.04565398,,,,
227114_at,0.44478948,-0.06015628,,,,
234083_at,0.44480574,-0.04221275,,,,
217150_s_at,0.44482329,0.15996021,,,,
230499_at,0.44486688,-0.18904548,,,,
209406_at,0.44489735,0.24359172,,,,
241830_at,0.44491207,-0.05499917,,,,
214251_s_at,0.44492824,-0.16104024,,,,
200625_s_at,0.44498322,-0.09193146,,,,
210976_s_at,0.44498935,0.15019603,,,,
1554890_a_at,0.44500869,0.12059167,,,,
204981_at,0.44502828,-0.24334782,,,,
204517_at,0.44503308,0.14702479,,,,
222806_s_at,0.44504473,0.13212649,,,,
220919_s_at,0.44506405,0.06349986,,,,
218409_s_at,0.44511014,0.13160184,,,,
218695_at,0.44512229,0.17255749,,,,
214937_x_at,0.44512967,0.12757186,,,,
203708_at,0.44534047,0.31502847,,,,
219308_s_at,0.44536658,-0.1802556,,,,
1558540_s_at,0.44538493,-0.13943486,,,,
229049_at,0.44538608,-0.04469341,,,,
243860_at,0.44538615,0.04687789,,,,
241345_at,0.44541293,0.07008233,,,,
220110_s_at,0.44546844,-0.19756107,,,,
231141_at,0.44547458,0.08605984,,,,
202738_s_at,0.44549064,-0.09343683,,,,
204916_at,0.44551426,-0.27805218,,,,
244355_at,0.44552139,-0.05151941,,,,
211450_s_at,0.44554569,0.15509178,,,,
212108_at,0.4455634,-0.08653116,,,,
1558739_at,0.44556713,0.12733211,,,,
218021_at,0.44557085,0.1532973,,,,
1553535_a_at,0.44557593,-0.154275,,,,
209407_s_at,0.44557941,-0.1223141,,,,
240850_at,0.44558388,-0.04109051,,,,
233262_at,0.44560386,0.10772993,,,,
222501_s_at,0.44561812,-0.11053879,,,,
207401_at,0.44563007,0.35174666,,,,
223835_x_at,0.44565407,-0.04715269,,,,
237418_at,0.44566607,-0.04611715,,,,
222544_s_at,0.44567063,0.17677,,,,
243408_at,0.44567423,0.06765318,,,,
240320_at,0.44570708,-0.06342954,,,,
238892_at,0.44571426,0.09339533,,,,
1552418_at,0.4457169,-0.05814253,,,,
235158_at,0.44574362,0.11160379,,,,
227288_at,0.44575565,-0.13224171,,,,
220929_at,0.4457567,-0.09142566,,,,
208210_at,0.44575682,-0.07107731,,,,
217427_s_at,0.44578696,-0.08720674,,,,
1564138_at,0.44580603,-0.052467,,,,
234048_s_at,0.44581143,0.04789796,,,,
240844_at,0.44582375,0.03739393,,,,
217504_at,0.44582489,0.38780682,,,,
211084_x_at,0.44582989,0.1474298,,,,
235599_at,0.44583444,0.18835205,,,,
239336_at,0.44586667,0.1381805,,,,
239675_at,0.4459059,0.15825788,,,,
1555314_at,0.4459174,-0.03791194,,,,
201626_at,0.44596657,0.18469041,,,,
202176_at,0.44602865,0.07329021,,,,
204473_s_at,0.44607906,0.07683213,,,,
234833_at,0.44612288,0.0290826,,,,
1565772_at,0.44614211,-0.05437888,,,,
208147_s_at,0.44618183,0.80035757,,,,
216361_s_at,0.44618964,0.17399445,,,,
1560982_at,0.4462166,-0.08269878,,,,
1559348_a_at,0.44622038,-0.0639234,,,,
1553034_at,0.44622379,0.11291996,,,,
1552388_at,0.44623973,-0.09761856,,,,
207402_at,0.44626224,0.09534715,,,,
239944_at,0.44627675,-0.14274224,,,,
242139_s_at,0.44629396,-0.10680599,,,,
202378_s_at,0.44631136,0.10891803,,,,
235737_at,0.44634635,0.28442538,,,,
223624_at,0.44641012,0.13364684,,,,
1555858_at,0.44641238,-0.15880973,,,,
1563978_at,0.44645236,0.04596863,,,,
230215_at,0.44651974,0.04877201,,,,
218106_s_at,0.44653627,0.1137513,,,,
222055_at,0.44654089,0.0677664,,,,
216151_at,0.44654091,-0.03354258,,,,
213517_at,0.44656155,0.17209346,,,,
1556204_a_at,0.44658713,0.06508272,,,,
1552519_at,0.44659391,-0.23523781,,,,
212890_at,0.44661106,0.11567823,,,,
210366_at,0.44662017,0.53453931,,,,
215727_x_at,0.44663339,-0.04910694,,,,
229289_at,0.44663467,-0.11397718,,,,
1564299_at,0.44666031,-0.03826487,,,,
222796_at,0.44666348,0.13140169,,,,
210284_s_at,0.44669269,-0.13477714,,,,
244804_at,0.44669642,0.13801636,,,,
240271_at,0.44671501,-0.09757531,,,,
1560352_at,0.44674013,-0.03100453,,,,
1558066_s_at,0.44674799,-0.09596584,,,,
230935_at,0.44676471,0.22457149,,,,
208871_at,0.44677232,-0.06233885,,,,
227686_at,0.44681089,0.08912591,,,,
219700_at,0.44686088,0.25319368,,,,
200050_at,0.44687884,0.09266544,,,,
206519_x_at,0.44687994,-0.09897115,,,,
214843_s_at,0.44689312,-0.14456668,,,,
218076_s_at,0.44689635,-0.08762728,,,,
1552257_a_at,0.4469095,-0.12119022,,,,
224445_s_at,0.4469279,0.09307774,,,,
210316_at,0.44695584,0.05777498,,,,
231566_at,0.44697423,-0.05315322,,,,
1557027_at,0.44698663,0.05890876,,,,
220899_at,0.44699055,-0.04137081,,,,
233095_at,0.44700309,0.11236757,,,,
238667_at,0.44703381,0.06551196,,,,
231453_at,0.44704782,-0.0337141,,,,
33322_i_at,0.44704865,-0.37886379,,,,
243161_x_at,0.44705495,0.20978939,,,,
1553333_at,0.44708881,-0.2239912,,,,
217636_at,0.44711886,-0.04879871,,,,
240549_at,0.44714267,0.13916524,,,,
222267_at,0.44715331,-0.07970126,,,,
238410_x_at,0.44716109,0.04191055,,,,
244692_at,0.4471655,-0.12234927,,,,
222273_at,0.44725498,0.15154637,,,,
1561105_at,0.44727866,-0.03119667,,,,
233333_x_at,0.44728866,-0.06707801,,,,
1561113_at,0.44728916,0.04583502,,,,
235380_at,0.44729778,-0.07860897,,,,
227703_s_at,0.44731653,-0.27798861,,,,
206774_at,0.44733597,-0.05516884,,,,
1554089_s_at,0.44735289,0.10414549,,,,
1564627_at,0.4473714,0.04347212,,,,
205046_at,0.44743841,0.20001679,,,,
242213_at,0.44745435,0.09078806,,,,
205329_s_at,0.44747166,0.10973332,,,,
219601_s_at,0.44747397,-0.04433452,,,,
215149_at,0.44748938,-0.04803549,,,,
207269_at,0.44750212,0.14407622,,,,
240800_x_at,0.4475144,0.08202661,,,,
240359_at,0.44752879,-0.04472296,,,,
215115_x_at,0.4475493,0.14031985,,,,
1555765_a_at,0.44762676,-0.22997193,,,,
242230_at,0.4476318,0.13564266,,,,
209105_at,0.44765412,0.1171803,,,,
1557519_at,0.44766251,-0.03564789,,,,
213422_s_at,0.44767459,0.20647213,,,,
241772_at,0.44769714,0.12021948,,,,
213795_s_at,0.44770473,0.11191867,,,,
237139_at,0.44773572,-0.05137162,,,,
240204_at,0.44773803,-0.03827647,,,,
211658_at,0.44776686,0.10788613,,,,
235566_at,0.44776936,-0.10896332,,,,
200671_s_at,0.44782124,-0.16386701,,,,
202936_s_at,0.4478439,0.37458451,,,,
228968_at,0.44786442,0.12055111,,,,
224253_at,0.44788682,-0.0853541,,,,
225009_at,0.44792595,-0.18147006,,,,
239754_at,0.44792788,-0.0905626,,,,
215020_at,0.44793586,-0.13323024,,,,
230650_at,0.44794446,-0.37188887,,,,
1559009_at,0.44797012,0.05926339,,,,
1552669_at,0.4479781,-0.0444735,,,,
233188_at,0.44804786,-0.03765897,,,,
204139_x_at,0.4480509,-0.07151409,,,,
203038_at,0.4480582,0.19540634,,,,
1565130_at,0.44807311,-0.03847293,,,,
229065_at,0.44810609,0.25315089,,,,
240646_at,0.4481402,-0.09402249,,,,
221004_s_at,0.44814933,-0.23315972,,,,
1553168_at,0.44815562,-0.05622149,,,,
206608_s_at,0.44818442,-0.07441194,,,,
225754_at,0.44820407,0.10603044,,,,
227680_at,0.44829072,0.1108568,,,,
203511_s_at,0.44829718,0.09303619,,,,
242037_at,0.44831917,-0.22117292,,,,
208435_s_at,0.4483271,-0.05447409,,,,
228826_at,0.44832759,-0.14633306,,,,
237667_at,0.44832948,-0.05168885,,,,
215936_s_at,0.44834103,0.14412523,,,,
218137_s_at,0.44834578,0.1236503,,,,
239449_at,0.44836389,-0.15100206,,,,
206544_x_at,0.44839067,-0.18368487,,,,
242675_x_at,0.44840448,0.0710422,,,,
205002_at,0.44840722,0.13423012,,,,
225246_at,0.44842256,-0.12714105,,,,
204596_s_at,0.44844109,-0.15423674,,,,
214851_at,0.44850804,-0.04668126,,,,
225951_s_at,0.44854886,0.15088344,,,,
1570506_at,0.44863626,0.12012271,,,,
221433_at,0.44868321,-0.13614961,,,,
221838_at,0.44868422,0.14113144,,,,
208712_at,0.4487252,-0.22807606,,,,
221438_s_at,0.44878156,0.03700512,,,,
238765_at,0.44881697,0.12892187,,,,
235059_at,0.44881988,0.20119865,,,,
201631_s_at,0.4488326,-0.22823571,,,,
237088_at,0.44883589,-0.04615707,,,,
208057_s_at,0.44887875,-0.05623568,,,,
239253_at,0.44890511,-0.18265905,,,,
214066_x_at,0.44891361,-0.09468401,,,,
1559971_at,0.44891946,0.04166641,,,,
231007_at,0.44893551,-0.21154044,,,,
209640_at,0.44894995,-0.09653555,,,,
210086_at,0.44899291,-0.11284236,,,,
209615_s_at,0.44899778,-0.1567475,,,,
212205_at,0.44900023,-0.12017365,,,,
229905_at,0.44900461,-0.13640659,,,,
241179_at,0.4490289,-0.061751,,,,
217052_x_at,0.44903583,-0.04963692,,,,
203566_s_at,0.44904255,0.14622072,,,,
224088_at,0.44910993,-0.10298517,,,,
238191_at,0.44922359,0.14698068,,,,
229795_at,0.44922771,0.22863788,,,,
232138_at,0.44924134,0.19571898,,,,
201521_s_at,0.44927366,0.16039088,,,,
241741_at,0.44932424,0.17108273,,,,
240439_at,0.44936708,0.05117302,,,,
227543_at,0.44939754,-0.09785834,,,,
1565610_at,0.44939884,-0.05566874,,,,
202973_x_at,0.44941385,-0.22571131,,,,
206888_s_at,0.44942214,-0.08214419,,,,
206022_at,0.44942911,0.30433803,,,,
1552456_a_at,0.44943154,-0.05170713,,,,
231718_at,0.44947078,-0.09037598,,,,
211756_at,0.44947079,0.39922115,,,,
220710_at,0.44947603,0.04635561,,,,
229842_at,0.44949006,-0.38823203,,,,
226971_at,0.44951446,-0.07099552,,,,
212631_at,0.44951659,-0.11829166,,,,
239017_at,0.4495302,0.14560805,,,,
207123_s_at,0.44954043,0.07700143,,,,
238943_at,0.44955313,-0.09573949,,,,
1552929_at,0.44955996,0.04497877,,,,
1561597_x_at,0.44957876,-0.07012869,,,,
243578_at,0.44963536,-0.04448926,,,,
238858_at,0.44971478,0.08263118,,,,
1555175_a_at,0.44972014,-0.34989265,,,,
214271_x_at,0.44972459,-0.08042759,,,,
240018_at,0.44975665,0.06435493,,,,
235518_at,0.44976174,-0.19754975,,,,
208788_at,0.44976412,-0.14245551,,,,
237412_at,0.44976527,-0.04633565,,,,
230337_at,0.44977457,0.17679323,,,,
240005_at,0.44979334,-0.07248333,,,,
212926_at,0.44980286,0.13470942,,,,
211468_s_at,0.44985923,0.07636567,,,,
209211_at,0.44987701,-0.41637884,,,,
242511_at,0.45000193,-0.04939278,,,,
209591_s_at,0.45002929,0.35757458,,,,
219678_x_at,0.45004351,0.10060158,,,,
228141_at,0.45004389,0.2807848,,,,
233024_at,0.45005483,-0.04936606,,,,
1559065_a_at,0.45008868,0.31468208,,,,
1569816_at,0.4500918,-0.04162194,,,,
1555410_at,0.45009225,-0.05765141,,,,
232679_at,0.45011092,0.09702854,,,,
234070_at,0.45012668,-0.04777739,,,,
238732_at,0.45013901,-0.12086826,,,,
213033_s_at,0.45014045,0.21660001,,,,
233766_at,0.45014048,-0.03886217,,,,
1560775_at,0.45015475,0.06674861,,,,
232058_at,0.4501561,-0.14456273,,,,
233888_s_at,0.45016395,-0.13978306,,,,
1553804_a_at,0.45016492,-0.04515396,,,,
229956_at,0.45019272,0.14082752,,,,
242880_at,0.45021659,-0.03670315,,,,
228247_at,0.45023824,-0.12752137,,,,
1552301_a_at,0.45024495,0.13076994,,,,
231303_at,0.45027211,-0.03762083,,,,
242560_at,0.45030256,0.15134405,,,,
238834_at,0.450304,-0.07291285,,,,
240461_at,0.45032271,0.04526542,,,,
222359_x_at,0.45035064,0.04798551,,,,
1569961_at,0.45037105,-0.05368048,,,,
206286_s_at,0.45040831,-0.45558624,,,,
201920_at,0.45041408,-0.12501988,,,,
230948_at,0.45041806,-0.09803497,,,,
1556639_at,0.45042681,-0.06474204,,,,
238177_at,0.45045798,-0.07232164,,,,
224444_s_at,0.45048336,0.17374466,,,,
211870_s_at,0.45049618,-0.07366488,,,,
235178_x_at,0.45055219,-0.06468638,,,,
1557664_at,0.45057233,-0.04273568,,,,
220267_at,0.45060443,0.05473865,,,,
1553821_at,0.45060582,-0.03538884,,,,
236894_at,0.45063819,-0.08338551,,,,
209604_s_at,0.45066958,0.55027582,,,,
223457_at,0.4506764,0.13907085,,,,
244558_at,0.45071172,-0.03465156,,,,
201144_s_at,0.45074084,0.09929771,,,,
225858_s_at,0.45075635,-0.12660742,,,,
209841_s_at,0.45076506,-0.28741588,,,,
219934_s_at,0.45077441,0.26550285,,,,
203696_s_at,0.45080791,0.11318948,,,,
209897_s_at,0.45081023,-0.26931066,,,,
1552491_at,0.45087679,-0.08311986,,,,
230352_at,0.45090068,-0.17178359,,,,
206674_at,0.45090608,-0.09566064,,,,
243112_at,0.45090655,-0.06889427,,,,
209731_at,0.45092034,-0.13606548,,,,
243419_at,0.45095993,-0.03503327,,,,
229591_at,0.45099488,-0.062365,,,,
220289_s_at,0.45099754,0.22838846,,,,
211710_x_at,0.45101665,-0.07725994,,,,
218381_s_at,0.45101995,-0.08271879,,,,
208456_s_at,0.45102097,0.21148685,,,,
201191_at,0.45102098,0.09891806,,,,
211733_x_at,0.4510349,0.11865882,,,,
222121_at,0.45106566,0.21037139,,,,
223538_at,0.45106567,0.14496599,,,,
236005_at,0.45108897,-0.04204388,,,,
236470_at,0.45108949,-0.08438148,,,,
214090_at,0.45109033,-0.15275836,,,,
201869_s_at,0.45119959,0.15528691,,,,
236132_at,0.45124399,0.09892228,,,,
231797_at,0.45124422,0.05265793,,,,
218518_at,0.45124906,0.16678079,,,,
1560926_at,0.45125668,-0.14604477,,,,
220538_at,0.45127807,0.05821867,,,,
222106_at,0.45132928,0.21675626,,,,
239805_at,0.45143233,-0.25801054,,,,
243617_at,0.45143787,-0.12787843,,,,
226653_at,0.45147473,0.29389625,,,,
1568656_at,0.45149552,-0.07573306,,,,
213494_s_at,0.45151945,-0.18929009,,,,
215174_at,0.45152644,0.07640868,,,,
1553133_at,0.45158459,-0.18000599,,,,
225067_at,0.4515998,-0.08074861,,,,
1553679_s_at,0.45161678,-0.13683311,,,,
238330_s_at,0.45166011,-0.05527014,,,,
243947_s_at,0.45174293,0.0722592,,,,
226717_at,0.45175149,-0.13891947,,,,
219533_at,0.45175832,0.04204095,,,,
244142_at,0.45177574,0.04675463,,,,
233384_at,0.45181799,0.05059729,,,,
231733_at,0.45183177,0.18452954,,,,
225899_x_at,0.45186897,-0.17765173,,,,
223775_at,0.45187245,-0.20077358,,,,
234817_at,0.45187991,-0.04665123,,,,
1570373_at,0.45188873,-0.04841508,,,,
202647_s_at,0.45189692,-0.1252085,,,,
217683_at,0.45190976,-0.03863716,,,,
1563133_at,0.45191399,0.03826062,,,,
206235_at,0.45193464,-0.10927254,,,,
229783_at,0.45194891,-0.06382104,,,,
225541_at,0.45195675,0.19353377,,,,
212948_at,0.45200742,-0.07088809,,,,
40465_at,0.45201128,0.06508612,,,,
201022_s_at,0.45203136,0.08356724,,,,
223928_s_at,0.45204942,0.2830078,,,,
236225_at,0.45205067,-0.33686473,,,,
45714_at,0.45206669,-0.17493496,,,,
201725_at,0.4520749,0.11606926,,,,
240621_at,0.45208857,-0.04297282,,,,
238534_at,0.45208988,-0.12589456,,,,
236764_at,0.45210213,0.10150899,,,,
233076_at,0.45214324,0.07391542,,,,
208943_s_at,0.45217141,0.07607267,,,,
1566698_at,0.45221149,-0.05410192,,,,
201918_at,0.45221181,0.17183583,,,,
242378_at,0.45222051,-0.05810628,,,,
209815_at,0.45226697,-0.25206944,,,,
1553914_at,0.45227653,-0.04923288,,,,
228246_s_at,0.4522784,0.05530546,,,,
200962_at,0.45235085,-0.27884643,,,,
240568_at,0.45235676,-0.06100267,,,,
214684_at,0.452382,0.14298244,,,,
209230_s_at,0.45239845,-0.1836476,,,,
1568648_a_at,0.45240992,0.14394311,,,,
208322_s_at,0.45242553,0.23349086,,,,
215817_at,0.45243652,-0.0440511,,,,
209976_s_at,0.45243964,0.82252234,,,,
1552873_s_at,0.45245146,-0.05972866,,,,
208391_s_at,0.45246908,-0.04935419,,,,
244163_at,0.45248632,-0.1937819,,,,
1554883_a_at,0.45249239,0.13445467,,,,
204701_s_at,0.45250971,0.07240791,,,,
1558517_s_at,0.45251922,0.16373568,,,,
205848_at,0.45252707,0.4160568,,,,
214013_s_at,0.45253906,-0.0625434,,,,
241488_at,0.4525553,-0.05329697,,,,
240826_at,0.45260215,-0.06039209,,,,
1560900_a_at,0.45260425,-0.03799331,,,,
236317_at,0.45260901,0.06738797,,,,
243586_at,0.45260929,-0.08545188,,,,
204285_s_at,0.45261036,-0.32225623,,,,
204766_s_at,0.45263948,0.12289696,,,,
226468_at,0.45264175,0.1023245,,,,
218955_at,0.45266016,0.08451506,,,,
218818_at,0.45267202,-0.11792606,,,,
239494_at,0.45270434,-0.04881188,,,,
1556356_at,0.4527173,0.06379742,,,,
45572_s_at,0.45279072,-0.08618814,,,,
212904_at,0.45280172,0.09774993,,,,
207010_at,0.45284441,0.12975355,,,,
244523_at,0.45285635,-0.15289663,,,,
235765_at,0.45287765,0.11608573,,,,
1555400_at,0.45290853,-0.04123572,,,,
210364_at,0.45292058,0.05818348,,,,
202318_s_at,0.45296295,0.09870953,,,,
229886_at,0.45303052,0.18875599,,,,
243560_at,0.45303451,0.06098237,,,,
235120_at,0.45306519,0.08275619,,,,
226687_at,0.45309687,0.14956109,,,,
214274_s_at,0.45311426,0.19720728,,,,
214966_at,0.45312163,0.0515309,,,,
1561155_at,0.45312278,0.1115664,,,,
1558019_at,0.45313665,0.15640329,,,,
1556019_at,0.4531569,0.06252364,,,,
236699_at,0.45315922,0.14585713,,,,
1555373_at,0.45319333,0.04743941,,,,
239663_x_at,0.45324252,-0.07317026,,,,
237817_at,0.45325336,0.08120541,,,,
214386_at,0.45326423,-0.04889978,,,,
227453_at,0.45326756,-0.10243766,,,,
215032_at,0.45327771,0.05315134,,,,
228478_at,0.45328371,-0.13494918,,,,
215467_x_at,0.45333713,0.07135314,,,,
209762_x_at,0.45334801,-0.14793202,,,,
206528_at,0.45335036,-0.12981026,,,,
217251_x_at,0.45341515,-0.06879864,,,,
211148_s_at,0.45345501,0.19582788,,,,
217385_at,0.45345766,-0.03909309,,,,
239708_at,0.45345999,0.14693601,,,,
224319_s_at,0.45346308,0.08791131,,,,
211030_s_at,0.45348148,-0.11720901,,,,
210515_at,0.45350031,-0.11908428,,,,
219541_at,0.45351748,-0.16112829,,,,
206196_s_at,0.45352747,-0.17157422,,,,
243384_at,0.45353574,-0.047728,,,,
1557357_at,0.45354821,0.06555592,,,,
218682_s_at,0.45354932,0.08273752,,,,
230658_at,0.45358563,-0.04506246,,,,
239375_at,0.45360163,-0.0651061,,,,
235209_at,0.45361049,-0.341438,,,,
211584_s_at,0.4536167,-0.08450242,,,,
1566502_at,0.45362177,0.05191634,,,,
205215_at,0.45364636,0.09033223,,,,
224999_at,0.45365434,0.24254464,,,,
206660_at,0.4536866,0.05757176,,,,
201758_at,0.4536948,0.07324934,,,,
1563719_a_at,0.4536955,-0.0615255,,,,
227728_at,0.45372544,0.11260146,,,,
211462_s_at,0.45374209,0.08147764,,,,
235998_at,0.45375769,-0.07176493,,,,
242389_at,0.45378658,0.18468681,,,,
200728_at,0.45379267,-0.08191044,,,,
228490_at,0.45382392,-0.20797997,,,,
201364_s_at,0.45383148,-0.11972386,,,,
223349_s_at,0.45384888,0.17791959,,,,
204920_at,0.45385489,0.59869402,,,,
239136_at,0.4538654,-0.16078373,,,,
201944_at,0.45388699,-0.13251504,,,,
237590_at,0.45390086,0.04558114,,,,
223010_s_at,0.45393412,-0.10500041,,,,
218502_s_at,0.45397506,0.41699503,,,,
1570503_at,0.45397657,-0.05817087,,,,
231750_at,0.45401699,0.08545451,,,,
209496_at,0.45403838,0.33086687,,,,
202540_s_at,0.45407378,0.14768861,,,,
235444_at,0.45411017,0.13507071,,,,
208776_at,0.45419244,0.14097543,,,,
228051_at,0.45419462,-0.33671921,,,,
202725_at,0.45420539,0.07776664,,,,
223826_s_at,0.45426309,0.09600984,,,,
223172_s_at,0.45426612,-0.14216821,,,,
202733_at,0.45427587,-0.18642126,,,,
202923_s_at,0.45431708,0.18838467,,,,
224952_at,0.4543215,0.25150172,,,,
232111_at,0.45433279,-0.17390647,,,,
242027_at,0.45435105,-0.05275442,,,,
1552761_at,0.45435801,0.08202423,,,,
236015_at,0.45438167,-0.0363692,,,,
223008_s_at,0.45442419,-0.11245135,,,,
219011_at,0.45445305,0.15620305,,,,
231475_at,0.45446917,-0.0553908,,,,
215383_x_at,0.45446934,0.07806744,,,,
237357_at,0.45454001,0.03703875,,,,
204000_at,0.45454994,0.14918087,,,,
238285_at,0.4545621,-0.0440434,,,,
233902_at,0.45462442,0.16311952,,,,
205900_at,0.45465567,0.42856976,,,,
218552_at,0.45468141,0.25072267,,,,
209820_s_at,0.45468832,0.08416525,,,,
220405_at,0.45470416,-0.0402749,,,,
231947_at,0.45470553,0.21268251,,,,
212068_s_at,0.45471023,-0.09270705,,,,
233849_s_at,0.4547338,0.1424574,,,,
239311_at,0.45474333,0.08059859,,,,
223807_at,0.45475164,0.08604051,,,,
219581_at,0.45477529,0.13759372,,,,
209304_x_at,0.45478459,-0.14439379,,,,
234058_at,0.45478857,-0.049869,,,,
239667_at,0.45479901,0.06747801,,,,
232229_at,0.45480305,-0.10019422,,,,
1565601_at,0.45481474,-0.04579374,,,,
239792_at,0.45488045,-0.11291184,,,,
203840_at,0.45488387,0.12315447,,,,
203942_s_at,0.45493019,-0.12613276,,,,
210074_at,0.45500942,0.2697324,,,,
202129_s_at,0.45504956,-0.17346234,,,,
219938_s_at,0.45505239,0.17946947,,,,
243244_at,0.45506139,0.06750198,,,,
222814_s_at,0.45511184,-0.12897241,,,,
233486_at,0.45511934,-0.16234824,,,,
1564626_at,0.4551396,-0.05057166,,,,
224330_s_at,0.4551829,0.0852296,,,,
212004_at,0.45518503,-0.0885609,,,,
200828_s_at,0.45522068,-0.08643445,,,,
234105_at,0.45523326,0.12945985,,,,
225775_at,0.4552539,0.17747348,,,,
203823_at,0.45530642,0.09961,,,,
1569758_at,0.45531177,-0.04063907,,,,
233661_at,0.4553262,-0.04632247,,,,
220411_x_at,0.45532731,0.08315419,,,,
240001_at,0.45534609,-0.05958244,,,,
241617_x_at,0.45540075,-0.15540011,,,,
240973_s_at,0.45545993,0.04611041,,,,
229655_at,0.45546002,0.22757923,,,,
225425_s_at,0.45548009,0.12257709,,,,
216734_s_at,0.45549802,-0.05036409,,,,
239767_at,0.45550171,-0.04177452,,,,
1561292_at,0.45550522,-0.05436875,,,,
225299_at,0.45552675,0.27700607,,,,
208998_at,0.45558104,-0.26092215,,,,
204374_s_at,0.4556021,0.1652068,,,,
242443_at,0.45561966,0.10216149,,,,
239058_at,0.45564043,-0.19496179,,,,
213116_at,0.4556435,-0.21126154,,,,
227829_at,0.45566493,0.18232503,,,,
1553500_at,0.45568894,0.09158272,,,,
1559697_a_at,0.45569954,0.05614172,,,,
229878_at,0.45570647,0.12301342,,,,
212022_s_at,0.45573357,-0.22800958,,,,
215160_x_at,0.45577325,-0.10910535,,,,
244487_at,0.45579323,0.11350248,,,,
226490_at,0.45580387,0.20109039,,,,
1552856_at,0.45580754,-0.04402702,,,,
227299_at,0.45581257,-0.11499907,,,,
38703_at,0.45586432,0.09747505,,,,
244729_at,0.45588079,-0.05229395,,,,
244079_at,0.45589924,0.04462836,,,,
231609_at,0.45590176,0.11448234,,,,
222644_s_at,0.45590547,-0.13809916,,,,
209899_s_at,0.45592518,0.15270896,,,,
205708_s_at,0.45592641,-0.14937166,,,,
1563805_a_at,0.4559492,0.11470869,,,,
221726_at,0.4559682,-0.10530517,,,,
225233_at,0.45597769,-0.14469267,,,,
1563189_at,0.45602597,0.03373861,,,,
1564264_at,0.45602903,-0.03806693,,,,
211652_s_at,0.45605255,0.50054154,,,,
1554666_at,0.45608368,-0.05544725,,,,
200930_s_at,0.45608388,-0.0606796,,,,
226836_at,0.45608637,-0.10037134,,,,
241712_at,0.45609973,0.06109671,,,,
210162_s_at,0.45610711,0.13061885,,,,
204564_at,0.45610734,0.1109597,,,,
214567_s_at,0.45611048,-0.19634808,,,,
210820_x_at,0.4561278,0.11463012,,,,
229696_at,0.45614817,0.08806857,,,,
1552677_a_at,0.45616471,0.07286664,,,,
204720_s_at,0.45617855,-0.298825,,,,
221792_at,0.45618777,-0.11548027,,,,
1562238_at,0.45618823,0.0445036,,,,
220361_at,0.45621886,0.11096841,,,,
243452_at,0.45622213,-0.07193994,,,,
229160_at,0.45627061,0.32914724,,,,
1553682_at,0.45636219,-0.07238735,,,,
236420_s_at,0.45636237,-0.13835717,,,,
235036_at,0.45638909,-0.172269,,,,
235355_at,0.45639441,0.28897393,,,,
227469_at,0.45641114,0.04770244,,,,
237385_at,0.45641288,-0.04858411,,,,
207372_s_at,0.45643504,-0.05850462,,,,
230463_at,0.45643807,-0.10110245,,,,
237334_at,0.45647314,0.08794891,,,,
201755_at,0.45650008,-0.17133239,,,,
1559478_at,0.45651159,-0.05936619,,,,
1553663_a_at,0.45653656,-0.06992723,,,,
1552701_a_at,0.45655008,-0.2236892,,,,
225826_at,0.45655261,0.15000564,,,,
210174_at,0.45655852,-0.31998254,,,,
215146_s_at,0.45656812,0.2434351,,,,
1559438_at,0.45657516,-0.06925285,,,,
213787_s_at,0.45658502,-0.21176741,,,,
1553826_a_at,0.45659549,-0.06143918,,,,
238269_at,0.45659984,-0.04066575,,,,
216494_at,0.45660377,-0.05870585,,,,
1564150_a_at,0.45665674,-0.09617244,,,,
33132_at,0.45669112,-0.13042414,,,,
212899_at,0.4567197,-0.13935675,,,,
228711_at,0.45672832,0.11623371,,,,
213074_at,0.45675232,0.14028209,,,,
231856_at,0.45675995,-0.28489729,,,,
219757_s_at,0.45678378,0.10587711,,,,
224126_at,0.45680288,-0.03132759,,,,
239008_at,0.45680916,-0.06734219,,,,
201114_x_at,0.45684929,0.0858171,,,,
234808_x_at,0.45687084,-0.02672117,,,,
243811_at,0.45688971,-0.04276541,,,,
223788_at,0.45690178,-0.06769165,,,,
1563162_at,0.45690876,0.0342239,,,,
240435_at,0.45691404,-0.08728614,,,,
236712_at,0.45692823,0.12505981,,,,
218642_s_at,0.45695048,-0.13281234,,,,
1554423_a_at,0.45697288,-0.13476064,,,,
229048_at,0.45699329,0.04952255,,,,
226911_at,0.45701693,0.23384085,,,,
244664_at,0.45702756,0.09866691,,,,
225845_at,0.45702877,0.13472326,,,,
1557060_at,0.45708768,-0.05603736,,,,
1552543_a_at,0.45713445,-0.15577062,,,,
218196_at,0.45716107,-0.15104473,,,,
229272_at,0.45718109,-0.15357336,,,,
240388_at,0.45719289,-0.05302037,,,,
222482_at,0.45719823,-0.16460084,,,,
207354_at,0.4572044,0.35992779,,,,
242861_at,0.45721127,-0.0467302,,,,
240056_at,0.45722455,0.04981726,,,,
217894_at,0.45723389,0.15387233,,,,
219629_at,0.45723683,-0.12955936,,,,
201329_s_at,0.45728643,-0.23776905,,,,
233532_x_at,0.45729898,-0.10596778,,,,
220249_at,0.45730994,-0.05518663,,,,
242917_at,0.45731118,-0.14139539,,,,
1569594_a_at,0.45732107,0.1039039,,,,
219419_at,0.4573328,0.08922188,,,,
215139_at,0.45738054,-0.07846761,,,,
226122_at,0.45739646,0.18541713,,,,
241971_at,0.45740312,-0.04203995,,,,
222390_at,0.45742297,0.07172188,,,,
221048_x_at,0.45743381,0.08784348,,,,
206903_at,0.45744089,0.03936043,,,,
244684_at,0.45745858,-0.05635676,,,,
208816_x_at,0.45748335,0.13972081,,,,
225238_at,0.45751261,-0.19964251,,,,
225420_at,0.45757327,0.27904248,,,,
1568997_at,0.45759816,0.08446433,,,,
202241_at,0.45761555,-0.17868587,,,,
238781_at,0.45763379,-0.12498749,,,,
225155_at,0.457698,-0.17621496,,,,
1570650_at,0.4577045,-0.04704141,,,,
232972_at,0.45770961,-0.04384207,,,,
226463_at,0.45771447,-0.11318889,,,,
230923_at,0.45773638,0.0535491,,,,
1555396_s_at,0.45775928,-0.09399747,,,,
205689_at,0.45776287,-0.11201022,,,,
1561573_at,0.4577939,0.20035456,,,,
1553683_s_at,0.45779693,0.12254112,,,,
233577_at,0.45779995,-0.03562965,,,,
206290_s_at,0.45780311,-0.17116769,,,,
213869_x_at,0.45781773,0.21564962,,,,
207460_at,0.45784831,-0.14027036,,,,
235955_at,0.45785313,0.25731965,,,,
203604_at,0.45788367,0.1632459,,,,
204872_at,0.45795562,-0.21590444,,,,
1556405_s_at,0.45796232,-0.04683392,,,,
239018_at,0.45797115,0.0903245,,,,
212689_s_at,0.45800224,0.15227546,,,,
217408_at,0.45802046,0.08791327,,,,
202892_at,0.45806186,0.09681282,,,,
81811_at,0.45812649,0.11845538,,,,
239801_at,0.45814084,0.09063958,,,,
215432_at,0.45815857,-0.06868213,,,,
232547_at,0.45819884,0.12767966,,,,
201883_s_at,0.45821799,0.12408915,,,,
210404_x_at,0.45823281,0.19424916,,,,
229906_at,0.45823496,-0.10779378,,,,
1555501_s_at,0.45827108,0.15344536,,,,
230737_s_at,0.4582723,0.144432,,,,
1553074_at,0.45828317,-0.10847626,,,,
221897_at,0.45828997,-0.14440959,,,,
240181_at,0.4583088,0.10003161,,,,
233014_at,0.45836843,0.1188758,,,,
222809_x_at,0.45837746,0.16498923,,,,
1552278_a_at,0.45840176,0.18906296,,,,
213888_s_at,0.45840713,-0.26788752,,,,
1570168_at,0.45841651,-0.03492182,,,,
204404_at,0.45843845,-0.3344415,,,,
215447_at,0.4584419,0.15292258,,,,
1552763_at,0.45847742,0.03565905,,,,
207940_x_at,0.45848893,-0.04899476,,,,
206922_at,0.45853144,-0.04959371,,,,
232208_at,0.45854693,-0.0830033,,,,
241420_at,0.4585571,0.15362692,,,,
232094_at,0.45856268,0.14488581,,,,
206051_at,0.45856801,-0.20479317,,,,
241367_at,0.45859653,-0.0656619,,,,
214503_x_at,0.45863125,-0.04049797,,,,
224711_at,0.45864126,-0.09346188,,,,
235466_s_at,0.45864906,0.16988415,,,,
201534_s_at,0.45866599,-0.12605892,,,,
217558_at,0.45868874,0.45249453,,,,
1559270_at,0.45869343,0.05446809,,,,
209524_at,0.4586962,0.24651187,,,,
228925_at,0.45871273,0.20023271,,,,
223481_s_at,0.45871945,-0.15209268,,,,
238898_at,0.45873052,0.35476695,,,,
240265_at,0.45873352,-0.13402124,,,,
1554795_a_at,0.45876909,0.1545796,,,,
208097_s_at,0.45878143,-0.13549541,,,,
213651_at,0.45878346,-0.1315952,,,,
204228_at,0.45879827,0.09772783,,,,
40562_at,0.4588196,-0.10352292,,,,
212024_x_at,0.45882234,0.07930101,,,,
234535_at,0.45885509,-0.04345434,,,,
238514_at,0.45889101,0.11490378,,,,
1569988_at,0.45889534,-0.02859024,,,,
217265_at,0.45890573,-0.04098891,,,,
227778_at,0.45893335,-0.09532361,,,,
243189_at,0.4590212,0.09425361,,,,
209490_s_at,0.45902379,0.07660518,,,,
226081_at,0.45903981,-0.10241556,,,,
226931_at,0.45909351,0.32745878,,,,
217525_at,0.45911313,0.31060343,,,,
229266_at,0.45913175,0.2504748,,,,
223421_at,0.45916453,0.15634789,,,,
228772_at,0.45917102,0.29220521,,,,
1562894_at,0.45917346,-0.04592931,,,,
233059_at,0.45920789,-0.41593253,,,,
201598_s_at,0.45921568,-0.09800213,,,,
241805_at,0.45921931,-0.14567425,,,,
241550_at,0.45924023,0.21653521,,,,
240641_at,0.45927385,0.04519456,,,,
223606_x_at,0.45929896,-0.14376318,,,,
208690_s_at,0.45932272,-0.17125948,,,,
243373_at,0.45932672,-0.02759882,,,,
239920_at,0.45935697,-0.06583803,,,,
210787_s_at,0.45935734,-0.16688262,,,,
227136_s_at,0.45938249,-0.20280505,,,,
231716_at,0.45942303,-0.09646352,,,,
207239_s_at,0.45942565,-0.17085669,,,,
1554986_a_at,0.45945232,-0.12836987,,,,
200752_s_at,0.45946551,-0.13000078,,,,
224472_x_at,0.45949054,-0.08702744,,,,
237814_at,0.45952585,-0.03782153,,,,
230809_at,0.45955435,0.12382927,,,,
236260_at,0.45957996,-0.05435701,,,,
206048_at,0.45958147,-0.07695996,,,,
240494_at,0.45958522,0.05683915,,,,
233580_at,0.45961483,-0.04804357,,,,
223532_at,0.459628,0.13720515,,,,
221375_at,0.4596511,-0.05124263,,,,
224075_s_at,0.45969904,-0.05216154,,,,
230159_at,0.45976011,-0.04796551,,,,
244509_at,0.45976476,-0.13098362,,,,
1561141_at,0.45977225,-0.15870205,,,,
202067_s_at,0.4597809,-0.19304595,,,,
1569102_at,0.45978664,-0.04713997,,,,
1570445_a_at,0.45979706,0.13463789,,,,
205990_s_at,0.4598008,0.28293275,,,,
222100_at,0.45980489,0.22417776,,,,
219101_x_at,0.4598076,0.09977752,,,,
210120_s_at,0.45981255,-0.07344319,,,,
224197_s_at,0.45981769,0.10036228,,,,
224424_x_at,0.45983774,-0.04860084,,,,
244709_at,0.45985831,-0.07425013,,,,
208574_at,0.45986769,0.06603692,,,,
227145_at,0.4598696,0.28265703,,,,
1561759_at,0.45990092,0.08556702,,,,
210255_at,0.45992064,0.18611576,,,,
232903_at,0.45992089,-0.11139957,,,,
1554206_at,0.45994559,0.12543645,,,,
221893_s_at,0.45997634,-0.11633903,,,,
244593_at,0.4600007,-0.08186164,,,,
1559277_at,0.46000707,-0.22631652,,,,
213236_at,0.46004773,0.16011743,,,,
220554_at,0.46005038,0.33275622,,,,
1563173_at,0.46005256,0.0399689,,,,
200826_at,0.4600705,0.09814712,,,,
1569188_s_at,0.46009299,0.05162656,,,,
224138_at,0.46013361,0.03394167,,,,
1559550_s_at,0.46015223,0.05639985,,,,
207476_at,0.46016395,0.09098164,,,,
234471_s_at,0.46017547,-0.12427356,,,,
235804_at,0.4602292,0.08942643,,,,
204982_at,0.46028257,-0.12544016,,,,
240113_at,0.46028715,0.05040481,,,,
216590_at,0.46031248,-0.18191429,,,,
233386_at,0.46033593,0.12035597,,,,
209780_at,0.46034781,0.16244826,,,,
223780_s_at,0.46036697,-0.11102389,,,,
208525_s_at,0.46036922,-0.03443406,,,,
244317_at,0.46037054,-0.1674559,,,,
207930_at,0.46037322,-0.05639517,,,,
1555450_a_at,0.46038768,-0.12533033,,,,
225207_at,0.46039596,0.29242677,,,,
216603_at,0.46040667,-0.08987364,,,,
238997_at,0.46042776,-0.08346651,,,,
206538_at,0.46043467,0.09081028,,,,
240816_at,0.46046234,0.03503804,,,,
204750_s_at,0.46046721,0.34250369,,,,
241184_x_at,0.46047346,0.04399097,,,,
208942_s_at,0.46048609,0.07741704,,,,
228188_at,0.4604972,-0.20073316,,,,
240797_at,0.46050989,-0.07510068,,,,
1570568_at,0.46054409,-0.04932354,,,,
228160_at,0.46055852,0.19426932,,,,
229515_at,0.46059924,0.17602988,,,,
209669_s_at,0.46062973,0.10008857,,,,
239184_at,0.46063024,-0.14070507,,,,
229155_at,0.46063984,0.1493969,,,,
1557742_a_at,0.46068192,0.02754018,,,,
1566294_at,0.46068372,-0.04028773,,,,
243233_at,0.46069472,0.15445405,,,,
237600_at,0.46071107,0.09170706,,,,
209113_s_at,0.460721,-0.15731359,,,,
223408_s_at,0.46073057,0.10742282,,,,
1564357_at,0.46075834,-0.03516866,,,,
220762_s_at,0.46075897,-0.07908208,,,,
221833_at,0.46076173,0.16126839,,,,
206127_at,0.46076772,-0.10740604,,,,
1553402_a_at,0.46076885,0.10288837,,,,
227086_at,0.46076937,-0.09501149,,,,
1569751_at,0.46077983,0.04369672,,,,
233276_at,0.46079706,0.16247376,,,,
239765_at,0.46081374,-0.188637,,,,
1554730_at,0.46084428,-0.06037878,,,,
228086_at,0.46085276,0.10457522,,,,
227508_at,0.46086314,0.15132905,,,,
215703_at,0.46086422,-0.18219661,,,,
209446_s_at,0.46086554,0.19649137,,,,
208328_s_at,0.46094913,0.15947816,,,,
234299_s_at,0.46096174,-0.14934861,,,,
1558450_at,0.46097158,-0.0513192,,,,
222654_at,0.46099405,0.12618782,,,,
225159_s_at,0.46099746,0.10795439,,,,
240446_at,0.46101813,-0.07526017,,,,
216255_s_at,0.46107196,-0.12451478,,,,
1552868_at,0.46107489,-0.04925434,,,,
224630_at,0.46108505,0.072575,,,,
220375_s_at,0.46109869,0.06137824,,,,
230180_at,0.4611007,0.19621174,,,,
1555890_at,0.46115635,-0.23536552,,,,
239421_at,0.46123219,0.08278697,,,,
210676_x_at,0.46125779,-0.11133198,,,,
202418_at,0.46127996,0.12822504,,,,
216064_s_at,0.46128716,0.14744452,,,,
1566481_at,0.461291,-0.03380958,,,,
232538_at,0.46130108,0.17634081,,,,
1561415_at,0.46131315,0.02774221,,,,
203866_at,0.46131408,-0.09505764,,,,
228949_at,0.46131744,-0.22764507,,,,
222609_s_at,0.46132609,0.09684944,,,,
238455_at,0.46132959,0.27787417,,,,
205567_at,0.4613428,0.17696729,,,,
235248_at,0.46134639,-0.10060038,,,,
239915_at,0.46135221,-0.07036187,,,,
1552474_a_at,0.46137967,0.25902469,,,,
231642_at,0.4613803,-0.04770896,,,,
236450_at,0.46139331,-0.04272407,,,,
209543_s_at,0.46140811,0.1603201,,,,
203695_s_at,0.46144519,0.18159558,,,,
243493_at,0.46147201,0.04517359,,,,
1555542_at,0.46147877,0.05478509,,,,
226695_at,0.46149396,0.45067601,,,,
1557737_s_at,0.46152218,0.06571428,,,,
243844_at,0.46154038,0.09052405,,,,
223462_at,0.46155507,0.07438705,,,,
235978_at,0.4615597,0.28739369,,,,
202979_s_at,0.46156861,-0.13673717,,,,
227257_s_at,0.46158919,-0.15693753,,,,
201675_at,0.46159234,-0.15145028,,,,
218074_at,0.46165139,-0.08109941,,,,
1562023_at,0.46165167,-0.04279902,,,,
223628_at,0.46165645,0.12888662,,,,
239843_at,0.46170034,0.13578542,,,,
203618_at,0.46173455,-0.06194303,,,,
244047_at,0.46173938,-0.08436485,,,,
201324_at,0.46174083,-0.24100008,,,,
221953_s_at,0.46175504,-0.11620409,,,,
215888_at,0.46178429,0.10056393,,,,
206988_at,0.46180413,0.2052583,,,,
222193_at,0.46180994,0.07440982,,,,
211998_at,0.46182692,0.17420047,,,,
1569001_at,0.46184684,-0.06536677,,,,
219270_at,0.46185351,-0.16947676,,,,
222757_s_at,0.46188768,0.16994954,,,,
219223_at,0.46192097,0.11420349,,,,
240554_at,0.46192114,0.07689014,,,,
228009_x_at,0.46196454,0.08856137,,,,
203031_s_at,0.46198384,0.14056155,,,,
243797_at,0.46199482,0.06197437,,,,
200975_at,0.46201097,-0.11626444,,,,
226945_at,0.46202406,-0.07963075,,,,
1560890_at,0.46203634,0.0327281,,,,
234419_x_at,0.46203687,-0.09868775,,,,
208005_at,0.46205264,0.06320355,,,,
227983_at,0.46207369,0.12893738,,,,
217520_x_at,0.46207403,0.16046227,,,,
240847_at,0.46207712,0.03125715,,,,
237967_at,0.46207927,0.03020231,,,,
236539_at,0.46208539,-0.23345246,,,,
227206_at,0.46209665,-0.06743515,,,,
1554839_at,0.46214401,-0.04587163,,,,
226242_at,0.46217615,0.11181484,,,,
210474_s_at,0.46221453,-0.10582087,,,,
244058_at,0.46227473,0.13806728,,,,
221625_at,0.4622999,0.07328843,,,,
211371_at,0.46232338,-0.04315851,,,,
215067_x_at,0.46233296,0.11035306,,,,
227622_at,0.46234625,0.11746087,,,,
218923_at,0.46237947,-0.12622325,,,,
217842_at,0.46241978,0.09668182,,,,
224996_at,0.46243047,-0.16236285,,,,
215750_at,0.46243881,-0.10776687,,,,
1554595_at,0.46244809,-0.09596252,,,,
1561278_at,0.46245527,-0.04240471,,,,
228834_at,0.46246124,0.20595115,,,,
205492_s_at,0.46247591,-0.08042853,,,,
217900_at,0.4625283,-0.09692291,,,,
230562_at,0.46255771,-0.04223962,,,,
226452_at,0.4625621,0.19271534,,,,
1557180_at,0.46256988,0.02865831,,,,
242029_at,0.4625793,0.07784477,,,,
1555573_at,0.46258009,0.1355316,,,,
234958_at,0.46258383,-0.05547617,,,,
1562317_at,0.46258679,0.03343228,,,,
210342_s_at,0.46259661,-0.06115867,,,,
1555847_a_at,0.46259714,-0.18419503,,,,
239961_at,0.46265813,0.04669613,,,,
241151_at,0.46266686,-0.02718423,,,,
242351_at,0.46267748,-0.03866564,,,,
230394_at,0.4627105,0.1468348,,,,
201688_s_at,0.46274262,-0.34070046,,,,
243136_at,0.46277065,0.0617351,,,,
241756_at,0.46277434,0.0937944,,,,
231223_at,0.46282073,-0.04722047,,,,
229616_s_at,0.46282712,-0.13448353,,,,
233166_at,0.46284256,-0.03384557,,,,
210987_x_at,0.46286502,-0.14339261,,,,
213937_s_at,0.46287639,-0.11426158,,,,
215068_s_at,0.46297997,0.11013782,,,,
214362_at,0.46298018,-0.04390062,,,,
239312_at,0.46311429,-0.03629651,,,,
1560107_at,0.4631263,0.03662946,,,,
232739_at,0.46314688,-0.137228,,,,
236778_at,0.46318572,-0.05846418,,,,
215636_at,0.46324596,-0.03781566,,,,
1561870_at,0.46325015,-0.03491499,,,,
202239_at,0.46331121,-0.15354417,,,,
1555963_x_at,0.46332818,-0.28843547,,,,
1562549_at,0.46333229,-0.05041636,,,,
218471_s_at,0.46334817,0.11659624,,,,
206019_at,0.46339337,-0.07489733,,,,
238773_at,0.46339444,-0.07798525,,,,
216956_s_at,0.46339631,-0.05204765,,,,
222015_at,0.46340184,-0.08524717,,,,
1560213_at,0.46341285,-0.05576906,,,,
206311_s_at,0.46344118,-0.21832021,,,,
230588_s_at,0.463442,0.13579878,,,,
205842_s_at,0.46344493,-0.15173055,,,,
228338_at,0.46345814,0.28454431,,,,
244506_at,0.46351988,0.10931111,,,,
1566749_at,0.4635339,-0.02813016,,,,
205122_at,0.46355091,0.32187917,,,,
215813_s_at,0.46356823,-0.22157938,,,,
241142_at,0.46357523,0.0372083,,,,
242014_at,0.46362386,0.07135992,,,,
229131_at,0.46363379,0.09883454,,,,
231128_at,0.46363615,0.04973631,,,,
1558579_at,0.46367381,0.11479904,,,,
228361_at,0.46369358,-0.13605255,,,,
1553739_at,0.46370108,-0.04372412,,,,
35156_at,0.46371053,0.09784631,,,,
1555196_at,0.46372139,-0.05898189,,,,
1556181_at,0.46373375,-0.13972086,,,,
210153_s_at,0.463735,-0.10159024,,,,
1559513_a_at,0.46374345,-0.04823811,,,,
238155_at,0.46377157,-0.10144246,,,,
234525_at,0.46377805,-0.0479367,,,,
1569917_at,0.46379931,-0.04277082,,,,
218888_s_at,0.46381321,0.26997688,,,,
216052_x_at,0.46383251,-0.09849071,,,,
230224_at,0.46386613,-0.10170288,,,,
209164_s_at,0.46390996,0.17439207,,,,
203335_at,0.46391239,0.24325563,,,,
220236_at,0.46392065,0.0608509,,,,
216522_at,0.46392463,-0.03995078,,,,
209825_s_at,0.46392673,0.16350665,,,,
1556346_at,0.4639307,-0.06430294,,,,
229177_at,0.46397792,-0.35147827,,,,
1553715_s_at,0.46398384,-0.13997483,,,,
200025_s_at,0.46400011,0.04112159,,,,
244404_at,0.46403432,0.13444837,,,,
227442_at,0.46404769,-0.10292384,,,,
218850_s_at,0.46405821,-0.12339901,,,,
206736_x_at,0.46407777,-0.05017233,,,,
1566110_at,0.4641048,-0.0473522,,,,
219785_s_at,0.46411964,0.13678194,,,,
217195_at,0.46413878,-0.0419311,,,,
239788_at,0.4641618,-0.05708185,,,,
218814_s_at,0.46417146,0.04342472,,,,
209188_x_at,0.4642075,-0.11930228,,,,
241275_at,0.46425397,-0.03632285,,,,
243309_at,0.46429388,0.17439794,,,,
206436_at,0.46434699,-0.11677691,,,,
1569681_at,0.46435734,-0.0622071,,,,
212669_at,0.46439869,-0.11782875,,,,
215058_at,0.46443879,0.18002882,,,,
201440_at,0.46445478,0.06373937,,,,
239923_at,0.46445555,0.13968506,,,,
213247_at,0.4644563,-0.20848019,,,,
211653_x_at,0.46446072,0.32188106,,,,
220493_at,0.46448748,0.06042119,,,,
231943_at,0.46456769,-0.14639656,,,,
236937_at,0.46463532,0.12590181,,,,
1556613_s_at,0.46463743,0.15672342,,,,
243970_at,0.46464371,0.03472557,,,,
235079_at,0.46470972,0.26618455,,,,
1554071_at,0.46471271,0.03270408,,,,
215521_at,0.46472459,-0.0433006,,,,
218548_x_at,0.46474798,-0.07738111,,,,
228783_at,0.46476023,-0.18412917,,,,
1556942_at,0.46476822,0.04622387,,,,
238658_at,0.46477148,0.1364845,,,,
211840_s_at,0.46479871,-0.06358728,,,,
216988_s_at,0.46483428,-0.11273954,,,,
1558785_a_at,0.4648822,0.06937502,,,,
240991_at,0.46488345,-0.14840705,,,,
210888_s_at,0.46489955,0.5537197,,,,
210628_x_at,0.46490139,-0.10348864,,,,
241351_at,0.46491243,-0.04530827,,,,
203777_s_at,0.46491766,0.09193732,,,,
217338_at,0.46493515,-0.06087713,,,,
1553317_s_at,0.46495177,-0.14221837,,,,
219167_at,0.46498452,0.18130374,,,,
201055_s_at,0.46499188,-0.09361728,,,,
213375_s_at,0.46502288,0.22357433,,,,
223051_at,0.46507694,-0.12479008,,,,
207813_s_at,0.4651229,0.129415,,,,
234796_at,0.46514734,-0.04166935,,,,
244645_at,0.4651514,0.0337367,,,,
1562638_at,0.46517076,-0.04623967,,,,
204156_at,0.46519193,-0.14861349,,,,
213786_at,0.46520203,0.1433632,,,,
204424_s_at,0.46521328,-0.36754873,,,,
227878_s_at,0.46521719,0.10516099,,,,
208981_at,0.46525917,-0.18768193,,,,
239629_at,0.4652895,0.21338293,,,,
222213_x_at,0.46530301,0.0433095,,,,
1562434_at,0.46530618,0.0613112,,,,
210112_at,0.46534537,-0.09386725,,,,
213011_s_at,0.46541672,-0.10240107,,,,
219273_at,0.46544054,-0.10945352,,,,
1567245_at,0.46546651,-0.03705934,,,,
239514_at,0.46548222,0.03859813,,,,
1564881_at,0.46548603,-0.03794678,,,,
235790_at,0.46552589,-0.03834286,,,,
208343_s_at,0.46555231,-0.28557179,,,,
229016_s_at,0.4656547,0.17193891,,,,
222442_s_at,0.46568437,-0.13129562,,,,
201193_at,0.46568552,0.13811306,,,,
210530_s_at,0.46571219,0.14963317,,,,
202984_s_at,0.46577769,-0.11125497,,,,
1556814_a_at,0.46579904,0.11320357,,,,
239341_at,0.46581435,-0.04780415,,,,
202524_s_at,0.46581643,-0.20525994,,,,
242242_at,0.46581906,-0.06419471,,,,
205489_at,0.4658254,0.16828463,,,,
204324_s_at,0.46587407,0.25960045,,,,
208743_s_at,0.4659544,-0.09027857,,,,
217257_at,0.4659724,0.18594551,,,,
243306_s_at,0.46597551,0.06104928,,,,
1554791_a_at,0.4659796,0.10134762,,,,
1564598_a_at,0.46598788,-0.05151403,,,,
232242_at,0.46601187,0.13097126,,,,
222373_at,0.46602058,-0.03839088,,,,
235465_at,0.46604788,0.12783208,,,,
214645_at,0.46607084,-0.03906973,,,,
211008_s_at,0.4661358,-0.04784131,,,,
1559051_s_at,0.46618401,-0.16394281,,,,
1563484_at,0.4662717,-0.0407766,,,,
1554954_at,0.46629084,-0.06634286,,,,
227473_at,0.46629579,-0.13753044,,,,
225003_at,0.46630574,-0.17528283,,,,
1561965_at,0.46632893,0.05302063,,,,
230938_x_at,0.46633679,0.11985478,,,,
1560212_a_at,0.46633743,-0.04715437,,,,
227022_at,0.46634967,0.17676,,,,
227050_at,0.46637149,0.05754477,,,,
210703_at,0.46638649,-0.03265458,,,,
1558116_x_at,0.46643904,0.15452345,,,,
213081_at,0.46644062,0.05873542,,,,
211734_s_at,0.46644269,-0.32813993,,,,
238469_at,0.46644965,0.19105385,,,,
232133_at,0.46647974,0.06152097,,,,
202908_at,0.46650296,0.13223203,,,,
241719_at,0.46653944,-0.05183286,,,,
1555103_s_at,0.46655651,0.1302944,,,,
229735_s_at,0.46656431,0.08614201,,,,
215945_s_at,0.46656499,-0.2405414,,,,
234231_at,0.46659527,0.06036512,,,,
225548_at,0.466615,-0.27883164,,,,
1563771_a_at,0.4666165,-0.03997913,,,,
204805_s_at,0.46661694,0.14114913,,,,
237386_at,0.46666054,0.07622453,,,,
1566630_at,0.4666702,-0.04655432,,,,
218828_at,0.46669763,0.08970481,,,,
231346_s_at,0.4667239,-0.05499754,,,,
205755_at,0.46679048,0.63733127,,,,
237519_at,0.46681645,0.05173552,,,,
208514_at,0.46683061,-0.04976547,,,,
242617_at,0.46683742,-0.09378356,,,,
1562579_at,0.46688629,-0.02890054,,,,
215574_at,0.46690979,0.0709455,,,,
219645_at,0.46691473,-0.1892876,,,,
221483_s_at,0.46691547,-0.08375084,,,,
202552_s_at,0.46694677,0.17132166,,,,
228701_at,0.46697193,-0.05335384,,,,
1563561_at,0.46700385,-0.0344926,,,,
243103_at,0.46701281,0.08922537,,,,
229695_at,0.46702448,-0.15926572,,,,
215706_x_at,0.46705065,-0.12680063,,,,
1561562_at,0.46705782,0.02851785,,,,
230798_at,0.46707645,0.04507221,,,,
51228_at,0.46707954,0.10192239,,,,
235400_at,0.46708895,0.15726696,,,,
213710_s_at,0.4670922,-0.09031187,,,,
212598_at,0.46710099,-0.10520179,,,,
239532_at,0.46712451,-0.05391792,,,,
238520_at,0.46713262,0.24681343,,,,
218018_at,0.46715758,0.11145207,,,,
1563182_at,0.46715776,-0.15143353,,,,
1566127_at,0.46716046,0.05041243,,,,
1562167_a_at,0.46718443,0.04956725,,,,
242276_at,0.46720718,0.10358008,,,,
208172_s_at,0.4672076,-0.06304314,,,,
233112_at,0.46735618,0.12626497,,,,
231175_at,0.46739925,0.30608858,,,,
243416_at,0.4674264,0.12904527,,,,
1566452_at,0.46747151,-0.05182802,,,,
227916_x_at,0.46747923,0.11708097,,,,
1566658_at,0.46748127,-0.04140535,,,,
243849_at,0.46750213,0.06623861,,,,
229624_at,0.46755131,0.06291113,,,,
225452_at,0.4676513,0.10423165,,,,
224832_at,0.46767139,-0.1629633,,,,
1559987_at,0.46768989,-0.05189601,,,,
206411_s_at,0.46769652,-0.08749774,,,,
227651_at,0.46770465,0.11416969,,,,
213439_x_at,0.4677097,-0.06935381,,,,
215173_at,0.46773331,-0.04646893,,,,
226507_at,0.46773384,-0.11314386,,,,
212553_at,0.46773891,0.09961486,,,,
204576_s_at,0.46775782,0.09991664,,,,
219261_at,0.46776531,0.0728923,,,,
1570566_at,0.46777742,-0.04969193,,,,
216856_s_at,0.46783154,-0.10442506,,,,
218748_s_at,0.46783809,-0.17945165,,,,
217803_at,0.46783918,0.08327388,,,,
214201_x_at,0.46784763,0.08153357,,,,
228785_at,0.46790878,0.12210351,,,,
41644_at,0.46793948,0.13935052,,,,
226615_at,0.46796689,0.19548978,,,,
203262_s_at,0.46797128,-0.1014813,,,,
211221_at,0.46798672,0.0536455,,,,
232685_at,0.46804341,0.0722952,,,,
226643_s_at,0.46805229,-0.18665117,,,,
216167_at,0.46810656,-0.04136351,,,,
207561_s_at,0.46812557,-0.05618265,,,,
1566586_at,0.46815155,-0.04579383,,,,
224895_at,0.46819066,-0.12887855,,,,
218007_s_at,0.46819484,-0.13465156,,,,
234789_at,0.46819572,0.03630989,,,,
201868_s_at,0.46826528,0.13207841,,,,
236687_at,0.46827287,0.05014793,,,,
241675_s_at,0.46828371,-0.03552484,,,,
232776_at,0.46835127,-0.08463567,,,,
204291_at,0.46836387,0.15600418,,,,
202978_s_at,0.46837072,-0.10086772,,,,
235775_at,0.4683845,-0.26250527,,,,
226870_at,0.46838597,-0.13792982,,,,
224097_s_at,0.46838711,0.20746463,,,,
229302_at,0.46839126,0.21535751,,,,
226621_at,0.46840962,0.27317743,,,,
211304_x_at,0.46847669,0.04628334,,,,
216694_at,0.4684853,-0.05705296,,,,
201922_at,0.46854803,-0.09728679,,,,
1566653_at,0.46856677,-0.03751873,,,,
202231_at,0.46859282,0.078001,,,,
216660_at,0.46859398,0.03890612,,,,
1554755_a_at,0.46860764,-0.06507352,,,,
201228_s_at,0.46861924,-0.0763608,,,,
213562_s_at,0.46862078,-0.31942818,,,,
218415_at,0.46862685,0.07746768,,,,
204300_at,0.46864575,0.11068767,,,,
218009_s_at,0.46865437,0.20660723,,,,
238041_at,0.46869636,-0.13532476,,,,
223238_s_at,0.46873069,-0.11457604,,,,
202470_s_at,0.46873808,0.12837728,,,,
1553415_at,0.46875917,0.0702761,,,,
204689_at,0.46878996,0.25226722,,,,
1554096_a_at,0.46879171,0.11971242,,,,
218156_s_at,0.46883187,0.14348396,,,,
237854_at,0.4688528,0.05581288,,,,
238401_at,0.4689046,0.08643373,,,,
219481_at,0.46893262,0.11341901,,,,
201456_s_at,0.46895701,0.11812026,,,,
232421_at,0.46901022,0.07352701,,,,
228619_x_at,0.46901865,0.14366003,,,,
202299_s_at,0.46907858,0.06945345,,,,
235076_at,0.46911234,0.08917928,,,,
225987_at,0.46911463,0.38615041,,,,
225218_at,0.46912332,-0.09364094,,,,
204198_s_at,0.46913994,-0.22367131,,,,
221663_x_at,0.469149,0.04864146,,,,
1561654_at,0.46917517,-0.07508063,,,,
232206_at,0.46918154,-0.15440623,,,,
1553859_at,0.46920935,-0.04356085,,,,
217909_s_at,0.46926557,-0.11860117,,,,
1555177_at,0.46926766,-0.0315487,,,,
239545_at,0.4692741,0.18538296,,,,
1560078_at,0.46929614,-0.05120715,,,,
201417_at,0.46930454,0.18204947,,,,
227864_s_at,0.46930486,-0.13931662,,,,
222033_s_at,0.46931281,0.11678638,,,,
202003_s_at,0.4693221,0.24489991,,,,
222883_at,0.46933273,0.09225961,,,,
242051_at,0.46941065,0.25476227,,,,
231632_at,0.46942992,0.12387983,,,,
221475_s_at,0.46943232,-0.07223538,,,,
231200_at,0.46943262,-0.15569193,,,,
229070_at,0.46945081,0.31481469,,,,
1554495_s_at,0.46945423,-0.03935356,,,,
224407_s_at,0.46946888,0.24691181,,,,
223199_at,0.46947258,-0.11691116,,,,
207106_s_at,0.46948331,-0.10459622,,,,
205414_s_at,0.46950814,-0.24884342,,,,
208761_s_at,0.46956176,0.07248059,,,,
220709_at,0.46956507,0.1058192,,,,
229840_at,0.46959362,0.06520985,,,,
216248_s_at,0.46963037,0.2115098,,,,
210099_at,0.46964566,0.04760736,,,,
43977_at,0.46967094,0.07986847,,,,
243264_s_at,0.46967919,0.13070054,,,,
213804_at,0.46970125,-0.0819192,,,,
1553062_at,0.46970168,-0.07072634,,,,
40640_at,0.46972598,-0.0394773,,,,
212165_at,0.46974466,-0.1001241,,,,
212144_at,0.46974928,-0.08217337,,,,
41160_at,0.46975182,0.08396491,,,,
1556148_s_at,0.46980119,0.08211184,,,,
216772_at,0.46983393,0.05865253,,,,
1565132_at,0.46986839,-0.0422139,,,,
218091_at,0.4698731,0.08256171,,,,
231954_at,0.46987467,0.12977227,,,,
238375_at,0.46991142,-0.03950186,,,,
205164_at,0.46992081,0.19053701,,,,
1557608_a_at,0.46992367,-0.04965638,,,,
224723_x_at,0.47001509,0.13276903,,,,
238267_s_at,0.47005017,-0.0762578,,,,
201502_s_at,0.47007499,-0.14575803,,,,
225323_at,0.47008549,-0.07618166,,,,
201909_at,0.47009223,0.72896212,,,,
215812_s_at,0.47012417,-0.16996609,,,,
224866_at,0.47020949,-0.18374201,,,,
1562908_at,0.47021196,-0.03650412,,,,
202572_s_at,0.47022639,0.09218736,,,,
228237_at,0.47023212,0.0792774,,,,
1569371_at,0.47024807,-0.03625528,,,,
241894_at,0.47025442,0.07228155,,,,
1560464_at,0.47026739,0.06885799,,,,
235784_at,0.47030427,0.0531197,,,,
238160_at,0.47035858,0.44619979,,,,
210830_s_at,0.47038421,0.18310213,,,,
1557398_at,0.47039065,-0.06016283,,,,
1570276_a_at,0.47041205,0.05149349,,,,
207917_at,0.47041537,0.0677045,,,,
1560348_at,0.47042081,-0.06069052,,,,
233340_at,0.47045469,-0.12196134,,,,
229718_at,0.47046278,0.10293457,,,,
205985_x_at,0.47046532,-0.05264167,,,,
208208_at,0.47047362,0.05681656,,,,
243295_at,0.47051237,-0.07981315,,,,
225466_at,0.47052315,-0.09040227,,,,
234955_at,0.47052433,-0.0657926,,,,
211349_at,0.4705405,-0.03474729,,,,
228581_at,0.47058871,-0.1290413,,,,
239010_at,0.47060435,0.30636182,,,,
202940_at,0.47064783,0.10585628,,,,
1566558_x_at,0.47068376,-0.13975091,,,,
214910_s_at,0.4706898,0.4632499,,,,
235234_at,0.47069301,-0.12749102,,,,
227896_at,0.47077377,0.1828619,,,,
208282_x_at,0.470918,0.12820866,,,,
1552580_at,0.47092154,-0.09027447,,,,
1556222_at,0.47094176,0.06373676,,,,
234406_at,0.47095278,0.04306965,,,,
209052_s_at,0.47099008,-0.15169707,,,,
224882_at,0.47101896,0.16798996,,,,
236045_x_at,0.47103941,0.24246175,,,,
203009_at,0.47104618,0.12139229,,,,
220145_at,0.47105153,0.32184178,,,,
229369_at,0.47105803,-0.19302412,,,,
225457_s_at,0.47110679,-0.20155512,,,,
207763_at,0.47110708,-0.08961356,,,,
234111_at,0.47113252,0.11863207,,,,
200058_s_at,0.471134,0.07761383,,,,
223339_at,0.4711418,0.13891761,,,,
200773_x_at,0.47115406,-0.0483605,,,,
243876_at,0.47121161,-0.04760016,,,,
227665_at,0.47125874,0.13402041,,,,
1557227_s_at,0.47126083,-0.19449848,,,,
220748_s_at,0.47130002,-0.11650314,,,,
204440_at,0.47132392,-0.17946748,,,,
224127_at,0.47134739,-0.03806538,,,,
228463_at,0.47140096,-0.37024191,,,,
228269_x_at,0.4714078,-0.06064708,,,,
229701_at,0.4714837,0.06023063,,,,
226845_s_at,0.47153089,0.08329587,,,,
1559469_s_at,0.4715825,-0.08193939,,,,
206696_at,0.47160931,-0.30742348,,,,
239339_at,0.47163147,0.10459589,,,,
226131_s_at,0.47163169,-0.03009238,,,,
231925_at,0.47164801,0.23097909,,,,
228604_at,0.47165507,0.09684104,,,,
240726_at,0.47167672,0.03326249,,,,
201693_s_at,0.47168511,0.16812468,,,,
1563539_at,0.47171839,-0.04281386,,,,
207379_at,0.47173414,-0.23478764,,,,
233905_at,0.47176029,-0.0566119,,,,
1555303_at,0.47177972,0.07595044,,,,
205390_s_at,0.47178046,-0.0873415,,,,
240712_s_at,0.47179511,-0.11661407,,,,
239282_at,0.47179724,0.1080206,,,,
1562925_at,0.47181744,-0.09474272,,,,
1553383_at,0.47183307,0.03284738,,,,
216346_at,0.47183349,-0.05745291,,,,
201559_s_at,0.47184535,-0.22400662,,,,
237347_at,0.47186519,0.10008604,,,,
223858_at,0.47186539,-0.055142,,,,
200795_at,0.47186852,0.36475749,,,,
242360_at,0.47186912,-0.04553186,,,,
230460_at,0.47187429,-0.07471498,,,,
233205_at,0.47189177,-0.14080499,,,,
212260_at,0.47198414,-0.08510904,,,,
215710_at,0.47200791,-0.0719227,,,,
1567997_x_at,0.47201981,0.05811036,,,,
238126_at,0.47202041,-0.12370741,,,,
205204_at,0.47202562,0.18367006,,,,
219648_at,0.47204264,0.24782022,,,,
1563900_at,0.47204361,0.23897212,,,,
242616_at,0.47204899,-0.03732576,,,,
230693_at,0.47205252,-0.04887192,,,,
207320_x_at,0.47207414,0.07851532,,,,
209280_at,0.47211237,0.0715575,,,,
220437_at,0.47211623,0.28826785,,,,
1569345_at,0.47214253,0.05531569,,,,
209322_s_at,0.47214684,-0.06517204,,,,
235865_at,0.47216369,-0.05103811,,,,
219805_at,0.47216992,0.09696874,,,,
215026_x_at,0.47217131,-0.08749862,,,,
212450_at,0.47220917,0.12512597,,,,
1558725_at,0.47222377,-0.03600429,,,,
219922_s_at,0.47224918,0.15678312,,,,
205616_at,0.47229488,-0.06048283,,,,
207051_at,0.47232941,-0.21845116,,,,
219860_at,0.47234335,-0.09810369,,,,
238535_at,0.4723495,-0.06062402,,,,
239015_at,0.47238502,-0.0831758,,,,
242659_at,0.47240684,0.0447487,,,,
226812_at,0.47241613,-0.08806052,,,,
214197_s_at,0.47241762,0.0963405,,,,
210553_x_at,0.47242652,0.17649802,,,,
213335_s_at,0.47245953,0.11984556,,,,
236286_at,0.47247289,-0.05698248,,,,
216820_at,0.4724821,0.04467004,,,,
206213_at,0.47249716,-0.0937187,,,,
226678_at,0.47250065,-0.08395596,,,,
242295_at,0.47252205,-0.03775006,,,,
202235_at,0.47252352,0.20608286,,,,
234282_at,0.47252796,-0.05503359,,,,
213376_at,0.47258841,0.08351607,,,,
239462_at,0.47260826,-0.08893166,,,,
208648_at,0.47261126,-0.0873463,,,,
235629_at,0.47261582,0.1253631,,,,
234059_at,0.47261694,-0.04363545,,,,
1559439_s_at,0.47263348,-0.05835358,,,,
201481_s_at,0.47268341,-0.15265418,,,,
244565_at,0.47271279,-0.17173028,,,,
211992_at,0.47271472,0.14652185,,,,
230058_at,0.47271915,0.10662966,,,,
214124_x_at,0.47272418,0.1258812,,,,
211471_s_at,0.4727323,-0.10022451,,,,
1561894_at,0.47273652,0.06957385,,,,
219222_at,0.47275219,0.18752515,,,,
243953_at,0.47275579,-0.05759237,,,,
211820_x_at,0.47275855,-0.04224614,,,,
236092_at,0.472764,0.13558786,,,,
220628_s_at,0.47277232,0.06378759,,,,
234458_at,0.47279466,0.04996727,,,,
204036_at,0.47279894,0.34643967,,,,
211609_x_at,0.47279945,0.08894445,,,,
214542_x_at,0.47282996,0.10751632,,,,
243679_at,0.47284639,0.05448696,,,,
1558448_a_at,0.47285624,-0.10413811,,,,
219369_s_at,0.47287488,0.13243116,,,,
1570571_at,0.47288776,0.08319837,,,,
1557731_at,0.47289622,-0.04415584,,,,
212649_at,0.47290255,-0.16901755,,,,
229264_at,0.4729084,0.15836797,,,,
228042_at,0.47293682,0.13307222,,,,
235873_at,0.47295525,0.04253069,,,,
205161_s_at,0.47300489,0.15221186,,,,
200092_s_at,0.47300501,0.03886554,,,,
239591_at,0.47302165,-0.17338162,,,,
225891_at,0.47302944,-0.12531747,,,,
223631_s_at,0.47304052,-0.53810956,,,,
1558518_at,0.4730722,0.0470987,,,,
1552985_at,0.47314402,0.20307848,,,,
217608_at,0.47317148,-0.11387225,,,,
240253_at,0.4732099,0.26424361,,,,
1563858_at,0.47321846,0.03279762,,,,
222343_at,0.47323666,0.13559782,,,,
239655_at,0.47330956,0.04424198,,,,
1570024_at,0.47331423,-0.03610487,,,,
221168_at,0.47332582,-0.12558218,,,,
243067_at,0.47332604,-0.04157044,,,,
204630_s_at,0.47333817,0.06632392,,,,
1553741_at,0.47335303,-0.04101456,,,,
1554892_a_at,0.4733579,-0.03877483,,,,
232482_at,0.47336753,-0.03738441,,,,
216257_at,0.47338362,-0.05510843,,,,
230423_at,0.47339419,0.12506961,,,,
215990_s_at,0.47340317,-0.17371377,,,,
210458_s_at,0.47341761,0.14024288,,,,
237293_at,0.473439,-0.05559762,,,,
226480_at,0.47344569,0.13178942,,,,
217288_at,0.47344748,0.18935527,,,,
239895_at,0.47346233,0.03364354,,,,
1554837_a_at,0.47346491,0.14925655,,,,
223574_x_at,0.47346734,0.19160785,,,,
1556220_at,0.47346939,-0.10850806,,,,
243572_at,0.47347892,-0.04013224,,,,
201253_s_at,0.47349335,-0.07106513,,,,
237742_at,0.4734954,-0.08631143,,,,
233757_x_at,0.47353132,-0.04589251,,,,
242825_at,0.47354498,-0.03994217,,,,
215399_s_at,0.47355306,-0.13471255,,,,
233994_at,0.47355865,0.03544139,,,,
211514_at,0.47355972,-0.07058844,,,,
214861_at,0.47357199,-0.07832409,,,,
239932_at,0.4736686,-0.05575449,,,,
242362_at,0.47368115,0.12800198,,,,
1557463_at,0.4736965,-0.03558217,,,,
216191_s_at,0.47369865,-0.23579485,,,,
238634_x_at,0.47370299,0.10582213,,,,
229941_at,0.47376175,0.0656355,,,,
233366_at,0.47380627,-0.04250174,,,,
207743_at,0.47382506,-0.05381398,,,,
227025_at,0.47383231,0.10138559,,,,
200734_s_at,0.47388336,0.12861047,,,,
209151_x_at,0.47388947,-0.11070604,,,,
233739_at,0.47391241,-0.03598328,,,,
237906_at,0.47394206,0.04111513,,,,
203933_at,0.47395809,-0.11941526,,,,
222687_s_at,0.47397601,-0.14540172,,,,
1553403_at,0.47399125,-0.04727485,,,,
209433_s_at,0.47400435,0.17540053,,,,
231050_at,0.47400815,-0.09493041,,,,
203612_at,0.47401366,0.14169443,,,,
234461_at,0.47402349,-0.06241313,,,,
223855_s_at,0.47406471,-0.05689214,,,,
1570631_at,0.47411318,-0.05207744,,,,
219231_at,0.47412195,-0.10446846,,,,
242645_at,0.47413897,0.11360184,,,,
1570632_at,0.47415329,-0.03945017,,,,
223193_x_at,0.47418336,0.12579794,,,,
215324_at,0.47421216,0.05020116,,,,
217587_at,0.47424598,-0.04361068,,,,
237895_at,0.47424708,-0.07196299,,,,
232722_at,0.47430564,0.10367979,,,,
1554619_at,0.4743198,0.06803452,,,,
227227_at,0.47433494,0.13652039,,,,
228600_x_at,0.47434191,0.22382067,,,,
1554704_at,0.47439404,-0.14114728,,,,
205421_at,0.47440134,-0.31657661,,,,
244033_at,0.47442904,-0.1417559,,,,
227575_s_at,0.47451962,0.10345793,,,,
204054_at,0.47452445,-0.10774395,,,,
202433_at,0.47452886,0.09851015,,,,
239415_at,0.47456019,0.14540334,,,,
226022_at,0.4746049,0.17194448,,,,
226584_s_at,0.47461045,0.13949701,,,,
224622_at,0.474618,-0.09001656,,,,
210743_s_at,0.4746305,-0.1269455,,,,
1563920_at,0.4746426,0.03245494,,,,
235450_at,0.47465935,-0.09328581,,,,
207155_at,0.47468161,-0.14081792,,,,
235830_at,0.47476332,-0.12395137,,,,
221783_at,0.47476412,0.07210111,,,,
231481_at,0.47477755,-0.05126895,,,,
235918_x_at,0.47479482,0.14760279,,,,
243221_at,0.47488242,0.18016833,,,,
239512_at,0.4748956,-0.07187162,,,,
1556827_at,0.47490289,0.0927636,,,,
216435_at,0.47493707,-0.03475108,,,,
218265_at,0.47493868,-0.10106988,,,,
1555822_at,0.47496093,-0.04313362,,,,
209923_s_at,0.47497264,0.06298946,,,,
220878_at,0.47500016,0.4081449,,,,
238620_at,0.47502678,0.16922384,,,,
217219_at,0.47503134,-0.04298137,,,,
206482_at,0.47504703,-0.35585929,,,,
224280_s_at,0.47517373,0.10844591,,,,
234240_at,0.47519253,-0.03853195,,,,
238067_at,0.47519279,-0.2099881,,,,
213681_at,0.47519533,-0.0743156,,,,
238489_at,0.47519889,0.09609036,,,,
222607_s_at,0.47522768,0.1090947,,,,
223257_at,0.47524188,0.13308066,,,,
1567174_at,0.47526713,-0.03308987,,,,
203492_x_at,0.47526846,0.11151726,,,,
240982_at,0.47526966,-0.04379971,,,,
202625_at,0.47536333,-0.15735535,,,,
240877_x_at,0.47537857,0.0614836,,,,
212624_s_at,0.47540236,-0.23214175,,,,
232624_at,0.4754052,-0.05546968,,,,
1565873_at,0.4754346,0.03771133,,,,
223398_at,0.47553748,0.10636623,,,,
236122_at,0.47554668,-0.16023433,,,,
204201_s_at,0.47557106,0.30427663,,,,
222307_at,0.47557748,0.09800727,,,,
202484_s_at,0.47558673,0.09112585,,,,
224438_at,0.47562587,0.042507,,,,
226160_at,0.47563534,-0.1705118,,,,
231877_at,0.47563538,0.09621834,,,,
202897_at,0.47567286,-0.1864936,,,,
220420_at,0.47567319,-0.0463548,,,,
243368_at,0.47567476,-0.04738226,,,,
230384_at,0.47567489,0.06510678,,,,
1554903_at,0.47570302,-0.05792316,,,,
231048_at,0.47571249,-0.0707882,,,,
213836_s_at,0.47573398,0.15726383,,,,
237472_at,0.47574614,-0.20042797,,,,
218870_at,0.47574708,-0.1888773,,,,
1561714_a_at,0.47574746,-0.04632387,,,,
219235_s_at,0.4757726,-0.09790539,,,,
206995_x_at,0.47578948,0.13014475,,,,
204099_at,0.47579027,0.19914993,,,,
224743_at,0.47580655,-0.10372333,,,,
220159_at,0.47581452,0.12473484,,,,
241022_at,0.47584207,-0.05139039,,,,
235341_at,0.47584509,-0.15579992,,,,
240692_at,0.475862,-0.04850219,,,,
203130_s_at,0.47586714,-0.31166065,,,,
205569_at,0.47589402,-0.38237907,,,,
231216_at,0.47591429,-0.0490703,,,,
240870_at,0.47593475,-0.04155886,,,,
202541_at,0.47595202,0.09243665,,,,
1556114_a_at,0.47600146,-0.07960325,,,,
216926_s_at,0.47603089,0.09293274,,,,
225552_x_at,0.47604725,-0.08874413,,,,
229286_at,0.47605413,0.09550211,,,,
204796_at,0.47607267,0.21030037,,,,
236282_at,0.47611674,0.08159123,,,,
204448_s_at,0.47611746,-0.10994772,,,,
238442_at,0.47611769,-0.04735907,,,,
1563008_at,0.47611988,-0.05769244,,,,
225411_at,0.47612756,-0.14972155,,,,
225656_at,0.47614042,0.22101814,,,,
205316_at,0.47617101,-0.2439388,,,,
232697_at,0.47620003,0.05635483,,,,
1558119_at,0.4762243,-0.04374232,,,,
229115_at,0.47624649,-0.14115629,,,,
217475_s_at,0.47624679,0.19068768,,,,
203299_s_at,0.47627495,-0.16799182,,,,
1562631_at,0.47629094,-0.12580137,,,,
237582_at,0.47630317,0.03649343,,,,
208298_at,0.47631293,-0.04108063,,,,
212031_at,0.4763839,0.08296406,,,,
1570117_at,0.47642516,0.03485469,,,,
207639_at,0.47644854,0.07627837,,,,
226734_at,0.47645132,-0.08843123,,,,
235851_s_at,0.47646789,0.04959294,,,,
209157_at,0.47647425,0.07485103,,,,
222666_s_at,0.4764822,0.16572207,,,,
236756_at,0.47648799,0.087109,,,,
205222_at,0.47649126,0.33411344,,,,
243319_at,0.47649555,0.0486281,,,,
229486_s_at,0.47661151,-0.06016997,,,,
221565_s_at,0.47663834,0.19223381,,,,
1552470_a_at,0.47667671,0.13883765,,,,
1552419_s_at,0.47672041,-0.04550227,,,,
206712_at,0.47672081,0.10697965,,,,
234279_at,0.47673168,0.05174174,,,,
201308_s_at,0.47674393,-0.18502475,,,,
208161_s_at,0.47679026,-0.33441996,,,,
201741_x_at,0.47679915,-0.07862523,,,,
232346_at,0.47680715,-0.08800812,,,,
201645_at,0.47686118,0.35266506,,,,
1563822_at,0.47691943,-0.03673909,,,,
227711_at,0.47694231,-0.27097578,,,,
214553_s_at,0.47697577,0.0974715,,,,
211631_x_at,0.47699489,-0.15554038,,,,
244754_at,0.47703709,-0.09035913,,,,
1570633_at,0.47713741,0.02673885,,,,
206071_s_at,0.47714584,0.10085234,,,,
220740_s_at,0.47716068,-0.10021421,,,,
233018_at,0.47716323,0.05110281,,,,
1560021_at,0.47722915,0.07576215,,,,
229527_s_at,0.47727636,0.05346666,,,,
244695_at,0.47727655,0.07490308,,,,
201800_s_at,0.47728244,0.07045093,,,,
221861_at,0.477288,-0.10692395,,,,
204735_at,0.47728879,-0.17581626,,,,
1560862_at,0.47730202,-0.04877137,,,,
1566163_at,0.47730923,0.06993756,,,,
232158_x_at,0.47732331,0.19588051,,,,
217138_x_at,0.4773488,-0.1229432,,,,
1566111_at,0.47736504,-0.04899875,,,,
219776_s_at,0.47740643,-0.05714339,,,,
239398_at,0.47744086,0.17764893,,,,
223979_x_at,0.47744779,0.28165341,,,,
206579_at,0.47748496,-0.06395422,,,,
203255_at,0.47753901,0.1329584,,,,
200845_s_at,0.47755771,0.08991868,,,,
235173_at,0.47758101,0.10126993,,,,
244427_at,0.47758558,0.13877317,,,,
215454_x_at,0.47760273,-0.20032164,,,,
202680_at,0.47766977,0.09749511,,,,
243908_at,0.47771366,-0.11231333,,,,
1552979_at,0.47774935,-0.04152926,,,,
203263_s_at,0.47777214,0.16249222,,,,
202227_s_at,0.47778534,-0.11516794,,,,
1556147_at,0.47783634,0.0974969,,,,
227304_at,0.47787107,0.101468,,,,
236037_at,0.47787559,-0.19942397,,,,
234185_at,0.47787815,-0.04012098,,,,
225985_at,0.4779204,-0.13257207,,,,
229089_at,0.47796465,0.08066094,,,,
209966_x_at,0.47798413,-0.20622993,,,,
233109_at,0.47802656,0.07514817,,,,
222426_at,0.47804545,-0.08049918,,,,
202597_at,0.47804901,0.25367342,,,,
236883_at,0.47809332,-0.09029771,,,,
35671_at,0.47812114,-0.10278074,,,,
1554997_a_at,0.47812119,-0.40664544,,,,
236068_s_at,0.4781598,0.08725974,,,,
230739_at,0.47822426,0.1111284,,,,
229507_at,0.47822838,0.07491341,,,,
1552377_s_at,0.47825073,-0.04762624,,,,
1563259_at,0.47829525,0.10038355,,,,
200840_at,0.47830121,0.07832192,,,,
243727_at,0.47837087,-0.10407357,,,,
219633_at,0.47840165,0.13436217,,,,
237106_at,0.4784141,-0.05508429,,,,
219713_at,0.47841962,0.09016427,,,,
224146_s_at,0.47842299,0.29689591,,,,
200637_s_at,0.47842924,0.21042816,,,,
232585_at,0.47843668,0.03311631,,,,
1564705_at,0.47844575,0.0377004,,,,
224159_x_at,0.47852421,-0.06358977,,,,
232377_at,0.47852504,-0.20936024,,,,
223498_at,0.47853846,-0.11004413,,,,
221097_s_at,0.47856665,-0.09314569,,,,
1554447_at,0.4785716,-0.14196759,,,,
230916_at,0.47858645,-0.05195522,,,,
209502_s_at,0.47859002,-0.15526095,,,,
1561462_at,0.47862089,-0.03412789,,,,
241173_at,0.47862148,-0.03614969,,,,
1553647_at,0.47864364,-0.07410736,,,,
205648_at,0.47865682,-0.22766783,,,,
212618_at,0.47867373,-0.07115572,,,,
1552379_at,0.47867695,0.02849637,,,,
1558000_at,0.47868328,0.07710133,,,,
215767_at,0.47870925,-0.08297709,,,,
214273_x_at,0.47871322,-0.07585068,,,,
233346_at,0.47871881,0.12335773,,,,
229194_at,0.47872961,0.17536758,,,,
1565867_a_at,0.47883308,0.14704799,,,,
1555997_s_at,0.47884483,0.30810915,,,,
1553919_at,0.47889082,-0.04345875,,,,
1562286_at,0.47890195,-0.03521079,,,,
1557865_at,0.47893979,-0.04286633,,,,
225181_at,0.47897435,0.10761532,,,,
222703_s_at,0.47897827,-0.10538794,,,,
218770_s_at,0.47898238,0.11730407,,,,
228872_at,0.47902759,0.04286206,,,,
204713_s_at,0.47905431,0.40629939,,,,
201163_s_at,0.4790653,0.12173602,,,,
244866_at,0.47914322,-0.0451971,,,,
1562447_a_at,0.47919341,-0.08768029,,,,
236486_at,0.47919393,-0.06471647,,,,
219551_at,0.47920052,0.12996097,,,,
240152_at,0.47923171,0.1104744,,,,
1569729_a_at,0.47923255,-0.03452151,,,,
223469_at,0.47923497,-0.12971355,,,,
216188_at,0.47925751,-0.04145072,,,,
229402_at,0.47926198,-0.28029506,,,,
229422_at,0.47926613,0.15239747,,,,
1565821_at,0.47929986,0.0420235,,,,
215200_x_at,0.47932403,0.06027702,,,,
235146_at,0.47934256,-0.22371022,,,,
1558476_at,0.47935543,0.04514038,,,,
222786_at,0.47936793,-0.09192332,,,,
224172_at,0.4794,0.06551915,,,,
1564932_at,0.47940698,-0.03099602,,,,
210239_at,0.47947938,0.37123693,,,,
215814_at,0.47954125,-0.03045277,,,,
233039_at,0.47954461,-0.10732938,,,,
1553108_at,0.47958271,-0.09464604,,,,
219789_at,0.47958554,0.24389783,,,,
224569_s_at,0.47964829,-0.10361922,,,,
1562051_at,0.47967702,-0.04141838,,,,
204029_at,0.47970376,0.20495734,,,,
207070_at,0.47973112,-0.06115847,,,,
242330_at,0.47974387,-0.05913794,,,,
233783_at,0.47974947,-0.05209568,,,,
217932_at,0.47975222,0.10002783,,,,
1553232_at,0.47975406,0.05902112,,,,
217753_s_at,0.47976895,0.0982421,,,,
208503_s_at,0.47977693,0.10019745,,,,
225681_at,0.47980199,0.27630703,,,,
220673_s_at,0.47982146,-0.11776184,,,,
1562974_at,0.47983502,-0.03325657,,,,
215856_at,0.47984896,-0.18499256,,,,
243339_at,0.47988421,0.08822128,,,,
223174_at,0.47989435,0.11905542,,,,
228215_at,0.47989581,-0.08824158,,,,
201630_s_at,0.47991462,-0.08447057,,,,
210894_s_at,0.47991677,-0.05735302,,,,
201211_s_at,0.47999838,-0.14494699,,,,
210557_x_at,0.48000475,0.07341258,,,,
218316_at,0.48001904,0.0845558,,,,
226311_at,0.48002075,0.21326413,,,,
243443_at,0.4800272,0.03377363,,,,
244207_at,0.48003479,0.04885303,,,,
233903_s_at,0.48005116,0.21877897,,,,
225949_at,0.48009168,0.19873963,,,,
217095_x_at,0.4801166,-0.04946121,,,,
236379_at,0.48012238,-0.12806893,,,,
237903_at,0.48013941,-0.04114131,,,,
244456_at,0.48021244,-0.05011293,,,,
1569254_s_at,0.48023671,-0.02878702,,,,
233700_at,0.48026581,-0.08585994,,,,
233261_at,0.48027274,0.19976493,,,,
218805_at,0.48030953,-0.16893787,,,,
212955_s_at,0.48035653,0.0952143,,,,
241798_at,0.48036385,0.09844195,,,,
223041_at,0.48037855,0.14551543,,,,
230093_at,0.48041075,0.22999624,,,,
204425_at,0.48045519,-0.12408927,,,,
1554650_a_at,0.4804554,-0.054332,,,,
1564819_at,0.48045936,0.03212161,,,,
216839_at,0.48046747,-0.03531771,,,,
1563467_at,0.48053229,0.21801079,,,,
241552_at,0.48055834,-0.04854462,,,,
216313_at,0.48056433,0.04336385,,,,
1559481_at,0.48065813,-0.07147249,,,,
214224_s_at,0.48071442,0.09191821,,,,
209156_s_at,0.48072405,-0.27472615,,,,
217777_s_at,0.48075642,0.12413375,,,,
1554252_a_at,0.48077004,0.25018093,,,,
224470_at,0.48081996,0.13499242,,,,
236247_at,0.48084017,0.09356297,,,,
220177_s_at,0.48087483,0.4233455,,,,
1556383_at,0.48087964,0.0559872,,,,
215327_at,0.48090731,-0.04680414,,,,
236361_at,0.48093566,0.24105929,,,,
243116_at,0.48093879,-0.06197232,,,,
214800_x_at,0.48094318,0.0860426,,,,
220261_s_at,0.4809908,0.14439265,,,,
1561129_at,0.48099335,-0.02802227,,,,
215027_at,0.48103217,-0.04621722,,,,
1554910_at,0.48104188,0.04443825,,,,
203207_s_at,0.48104776,0.14321778,,,,
242148_at,0.48104793,-0.04825556,,,,
204614_at,0.48105092,0.43477114,,,,
220590_at,0.48105433,-0.0552754,,,,
215204_at,0.4810664,0.11164907,,,,
1552322_at,0.48108464,-0.04616554,,,,
1563906_at,0.48108486,0.08547526,,,,
233320_at,0.48108807,0.19890168,,,,
220138_at,0.48108923,-0.14438744,,,,
219827_at,0.48111423,-0.06696903,,,,
234373_x_at,0.48112419,0.06598422,,,,
240545_at,0.48112633,0.04882913,,,,
226052_at,0.48115472,0.0903539,,,,
201436_at,0.48117588,0.11738001,,,,
212354_at,0.48123529,0.28004975,,,,
242803_at,0.48123824,0.06490695,,,,
213840_s_at,0.48124012,-0.05826316,,,,
218243_at,0.48124122,-0.07891694,,,,
1553422_s_at,0.48125725,-0.11267739,,,,
239730_at,0.48131132,-0.10429235,,,,
1555993_at,0.48131155,-0.17941256,,,,
238233_at,0.48131811,-0.04976725,,,,
229990_at,0.48132072,-0.04605753,,,,
239853_at,0.48132601,0.21561657,,,,
224185_at,0.48132999,-0.14601748,,,,
1568690_a_at,0.4813584,-0.04182509,,,,
224880_at,0.48138,0.09512615,,,,
215471_s_at,0.48143239,-0.23270521,,,,
204254_s_at,0.48143311,-0.25291111,,,,
225192_at,0.48143704,0.08529058,,,,
202173_s_at,0.48143959,0.13683498,,,,
214472_at,0.4814448,0.27395583,,,,
1562820_at,0.48146959,-0.03141587,,,,
207779_at,0.48147496,-0.03787432,,,,
210291_s_at,0.48147551,0.06749832,,,,
224915_x_at,0.48151234,-0.15007812,,,,
215048_at,0.48152878,-0.06071902,,,,
212468_at,0.48154184,0.16473115,,,,
1563346_at,0.48155425,-0.03648454,,,,
224263_x_at,0.48159406,-0.04562146,,,,
229834_at,0.48166415,-0.04585337,,,,
224213_at,0.48168472,0.0329196,,,,
215978_x_at,0.48170604,0.11338052,,,,
216709_at,0.48172945,-0.03047647,,,,
211354_s_at,0.48174157,0.355624,,,,
1565666_s_at,0.4817567,-0.06298814,,,,
231831_at,0.4817646,-0.07956433,,,,
204684_at,0.48177817,0.23369455,,,,
219464_at,0.48179044,-0.21261358,,,,
240638_at,0.48179278,-0.0383387,,,,
202502_at,0.48180912,0.16275381,,,,
244290_at,0.48183347,0.11496945,,,,
234920_at,0.48185981,0.11044401,,,,
232779_at,0.48189183,0.11489567,,,,
230402_at,0.48198245,0.10824304,,,,
211945_s_at,0.48198627,0.0633522,,,,
203921_at,0.48199037,0.19765638,,,,
201406_at,0.48199654,-0.08580629,,,,
219852_s_at,0.48201101,0.07700322,,,,
215493_x_at,0.48201285,-0.09942526,,,,
221017_s_at,0.48204803,-0.06276289,,,,
224372_at,0.48205216,-0.04072943,,,,
207729_at,0.48210304,-0.03549519,,,,
219200_at,0.48210996,0.10098216,,,,
235348_at,0.48213955,-0.13349073,,,,
237301_at,0.48214437,0.30012553,,,,
219698_s_at,0.48214623,0.10471773,,,,
216407_at,0.48222386,-0.05893137,,,,
235230_at,0.48222425,-0.1992858,,,,
211353_at,0.48226273,-0.03865059,,,,
230037_at,0.4822636,-0.04409044,,,,
50277_at,0.4822752,-0.08113406,,,,
231952_at,0.48227947,0.15044452,,,,
1555940_a_at,0.4823005,-0.03246112,,,,
219234_x_at,0.48230214,0.11332313,,,,
205134_s_at,0.48230725,-0.11448168,,,,
213965_s_at,0.48231168,0.08048809,,,,
204203_at,0.48232846,0.15644743,,,,
236546_at,0.48232875,-0.06677137,,,,
226929_at,0.48236582,-0.10752677,,,,
226790_at,0.4823808,0.14116612,,,,
244736_at,0.48243247,-0.03408709,,,,
207720_at,0.482464,0.38738302,,,,
241257_at,0.48254103,0.06114216,,,,
210190_at,0.48259152,-0.11695232,,,,
218829_s_at,0.48259545,-0.18479937,,,,
226126_at,0.48260823,0.10710153,,,,
210799_at,0.48262785,-0.05454516,,,,
234765_at,0.48263249,-0.05808398,,,,
239166_at,0.48265176,0.06575126,,,,
1570241_at,0.48266245,0.06628087,,,,
236460_at,0.4826732,0.07837484,,,,
1555133_at,0.48267813,-0.03234263,,,,
216515_x_at,0.48272931,-0.05954232,,,,
215119_at,0.48273445,-0.05537849,,,,
221623_at,0.48274491,0.08221488,,,,
212147_at,0.48274634,0.08338523,,,,
221493_at,0.48276187,0.09030531,,,,
202172_at,0.48278623,0.10033367,,,,
236036_at,0.48279808,0.06601957,,,,
1560097_at,0.48281169,-0.05674898,,,,
224275_at,0.48285053,0.04542472,,,,
1556256_a_at,0.48285969,-0.04756717,,,,
1561016_at,0.48286188,0.0252791,,,,
217736_s_at,0.48287155,-0.08919877,,,,
1557586_s_at,0.48287823,-0.0723067,,,,
228862_at,0.48291144,0.08551549,,,,
227984_at,0.48291456,0.21068222,,,,
1555761_x_at,0.48293426,-0.05370083,,,,
231787_at,0.48294917,0.08843232,,,,
1557584_at,0.48296051,-0.05211406,,,,
213507_s_at,0.48299791,0.07306062,,,,
238461_at,0.48300951,-0.16968193,,,,
224232_s_at,0.48301125,-0.1007904,,,,
217152_at,0.48301418,0.13746876,,,,
202601_s_at,0.48302505,-0.13837898,,,,
233682_at,0.48307882,0.02905556,,,,
217564_s_at,0.48309703,0.6060156,,,,
223447_at,0.48309965,-0.47459284,,,,
220472_at,0.48311508,-0.05793098,,,,
243388_at,0.48313711,0.08470413,,,,
234526_at,0.48326393,-0.05130078,,,,
238538_at,0.48326963,0.08554938,,,,
223554_s_at,0.48328236,0.0788429,,,,
242644_at,0.48328409,-0.04958486,,,,
227866_at,0.48329858,0.16507715,,,,
233002_at,0.48332617,0.21736098,,,,
244280_at,0.48333128,0.04778039,,,,
226804_at,0.48335017,0.2823295,,,,
201496_x_at,0.48337333,0.30046387,,,,
242965_at,0.48342522,0.1235132,,,,
231137_at,0.48344074,0.08308434,,,,
1566115_at,0.48344671,-0.0673393,,,,
239044_at,0.48349365,0.09338905,,,,
202872_at,0.48349418,-0.13945065,,,,
242155_x_at,0.48351211,-0.06109033,,,,
239604_at,0.48353485,0.05012598,,,,
1561886_a_at,0.48354938,0.11755534,,,,
226871_s_at,0.48355242,-0.09731506,,,,
1553759_at,0.48356047,0.08570999,,,,
204376_at,0.48356506,-0.07110318,,,,
239238_at,0.48358427,-0.11047302,,,,
228575_at,0.48361932,0.45380829,,,,
229900_at,0.48363227,-0.22331294,,,,
1555060_a_at,0.48368323,-0.04248504,,,,
225166_at,0.48368932,-0.19587614,,,,
240444_x_at,0.48372053,0.04052403,,,,
1560871_a_at,0.48372939,-0.05540967,,,,
242681_at,0.48374017,0.05681741,,,,
203305_at,0.48376899,-0.32047266,,,,
220587_s_at,0.48377361,-0.08165328,,,,
241335_at,0.48378455,0.04261622,,,,
203264_s_at,0.48379058,0.14023874,,,,
226732_at,0.48381145,0.07299583,,,,
230511_at,0.48385712,0.11235797,,,,
221045_s_at,0.48385892,-0.18421391,,,,
218017_s_at,0.48388498,0.1184204,,,,
210377_at,0.48391175,-0.36829673,,,,
221731_x_at,0.48393004,0.25992554,,,,
227696_at,0.48393689,-0.10378367,,,,
239781_at,0.48394773,0.07302025,,,,
1560642_at,0.48397383,0.04379321,,,,
218363_at,0.48399118,0.10043494,,,,
208630_at,0.48402136,-0.06699213,,,,
243456_at,0.48403106,-0.09441306,,,,
233611_at,0.48403797,-0.06978578,,,,
222411_s_at,0.48406097,0.0914421,,,,
220508_at,0.48409348,0.04610672,,,,
237628_at,0.48409819,-0.03486616,,,,
241195_at,0.48412552,0.03574919,,,,
243644_at,0.48414078,-0.05090116,,,,
206960_at,0.48415446,0.13327711,,,,
238394_at,0.48420224,0.02933115,,,,
215041_s_at,0.48423243,-0.07202346,,,,
234918_at,0.48425566,0.06032428,,,,
211550_at,0.4842747,-0.04376054,,,,
210985_s_at,0.48429995,-0.12633564,,,,
1559796_at,0.48430713,-0.04844188,,,,
205553_s_at,0.48433271,0.29310771,,,,
239002_at,0.48433414,0.19865273,,,,
1555692_at,0.48434376,-0.03782838,,,,
214890_s_at,0.48435077,0.235047,,,,
229947_at,0.48436763,0.33945604,,,,
204810_s_at,0.4843702,0.40971278,,,,
1565882_at,0.48438022,-0.04201754,,,,
1553894_at,0.48441427,-0.07069785,,,,
212966_at,0.48441648,-0.12869304,,,,
1561351_at,0.48441727,0.02662506,,,,
235112_at,0.48442015,0.19148033,,,,
234076_at,0.48445982,0.04637237,,,,
204004_at,0.48447411,0.1670237,,,,
232477_at,0.48448037,0.03836663,,,,
220338_at,0.48449991,-0.03571917,,,,
214646_at,0.48451621,-0.05146272,,,,
219232_s_at,0.48455391,-0.28360344,,,,
212856_at,0.48457713,-0.09821712,,,,
215874_at,0.48460074,-0.05170586,,,,
1566879_at,0.4846137,-0.04320633,,,,
207920_x_at,0.48464083,0.09690596,,,,
235756_at,0.48464993,0.07559331,,,,
222821_s_at,0.48467198,-0.08446497,,,,
225861_at,0.4847182,-0.13728189,,,,
244068_at,0.48473736,-0.04766919,,,,
230396_at,0.4847481,0.04848555,,,,
211081_s_at,0.48475776,0.15952954,,,,
36920_at,0.48481391,-0.1513149,,,,
214961_at,0.48486467,0.19252522,,,,
201286_at,0.4848694,-0.28776717,,,,
221361_at,0.48488566,0.06321403,,,,
217118_s_at,0.48491957,-0.11746199,,,,
220354_at,0.48493606,-0.17380897,,,,
210790_s_at,0.4849841,0.13992923,,,,
1554782_at,0.48499592,-0.06207855,,,,
238715_at,0.48501118,0.07521129,,,,
244007_at,0.48502422,0.22639916,,,,
207526_s_at,0.48505432,-0.14096672,,,,
220657_at,0.48506996,-0.05033821,,,,
202518_at,0.48511556,-0.06848175,,,,
215280_s_at,0.48514275,0.12009351,,,,
216359_at,0.48518758,0.03435008,,,,
203684_s_at,0.48520505,0.09535322,,,,
223332_x_at,0.48521516,-0.104302,,,,
239539_at,0.48524586,-0.06291367,,,,
234089_at,0.48525125,-0.05764544,,,,
1563103_at,0.4852749,-0.04223973,,,,
220113_x_at,0.48528604,0.09164424,,,,
1558820_a_at,0.48529097,0.16649705,,,,
1560746_at,0.48530576,0.02842757,,,,
225188_at,0.48535379,0.11683585,,,,
208276_at,0.48538963,-0.05716807,,,,
206916_x_at,0.48539635,0.30153508,,,,
202161_at,0.48540738,-0.13594465,,,,
223356_s_at,0.48541893,0.11408842,,,,
215625_at,0.48542306,-0.05591875,,,,
222964_at,0.48544731,0.03460417,,,,
239501_at,0.48547522,0.03664348,,,,
212667_at,0.48548961,0.19806771,,,,
1557371_a_at,0.48550301,0.082417,,,,
236279_at,0.48551205,-0.28426424,,,,
225925_s_at,0.48553182,-0.0963079,,,,
202846_s_at,0.48559871,0.10175346,,,,
1563635_at,0.48563692,-0.04969542,,,,
201451_x_at,0.48567427,-0.09190193,,,,
212137_at,0.48572373,-0.08498669,,,,
239034_at,0.48573952,0.14303567,,,,
233388_at,0.48575837,-0.11289019,,,,
222216_s_at,0.48577106,0.07811504,,,,
242712_x_at,0.48581273,0.13476326,,,,
207342_at,0.48582055,0.18924517,,,,
200785_s_at,0.48585997,-0.14619794,,,,
241289_at,0.4858636,-0.03366524,,,,
212062_at,0.48587235,-0.21054726,,,,
1568643_a_at,0.48590332,-0.12136992,,,,
227329_at,0.4859091,0.15214148,,,,
1563814_at,0.48595546,0.04581923,,,,
221534_at,0.48596512,-0.07462294,,,,
211729_x_at,0.48597673,0.16966723,,,,
204692_at,0.48598423,0.08523054,,,,
244834_at,0.48600297,0.10325389,,,,
48580_at,0.48600815,-0.07778294,,,,
231381_at,0.48601198,0.05651787,,,,
1553614_a_at,0.48601295,0.13135395,,,,
243752_s_at,0.48601336,-0.11563794,,,,
209260_at,0.4860396,-0.32366109,,,,
1552682_a_at,0.48604011,0.11388336,,,,
217177_s_at,0.48604731,-0.13673732,,,,
223825_at,0.4860514,0.08352642,,,,
1555368_x_at,0.48607141,-0.04780059,,,,
217731_s_at,0.48608753,-0.08390825,,,,
244159_at,0.48610299,-0.07920587,,,,
224439_x_at,0.48613233,0.07830347,,,,
1554830_a_at,0.48615665,0.26028245,,,,
1556312_at,0.4861607,0.04621805,,,,
232298_at,0.48617374,0.1701379,,,,
219303_at,0.48619835,0.11426705,,,,
242087_x_at,0.48621096,0.0596686,,,,
240233_at,0.48622767,-0.10504643,,,,
235905_at,0.48625877,0.18398707,,,,
219563_at,0.48627792,-0.20636106,,,,
217059_at,0.48631267,-0.03586758,,,,
223077_at,0.48631372,0.11779733,,,,
235307_at,0.48632483,-0.04721622,,,,
1564970_at,0.4863417,0.04676037,,,,
217580_x_at,0.48634941,-0.0653173,,,,
218397_at,0.48640471,0.13722554,,,,
236232_at,0.4864239,-0.05939135,,,,
222057_at,0.4864264,-0.06643008,,,,
218105_s_at,0.48643186,-0.11807611,,,,
226015_at,0.48643774,0.12123961,,,,
230711_at,0.48644306,0.07967835,,,,
233663_s_at,0.48647063,-0.13003676,,,,
1557479_at,0.48655318,-0.0608803,,,,
232958_at,0.48658436,-0.06779966,,,,
227830_at,0.4865873,0.25593329,,,,
229135_at,0.48659294,0.10812529,,,,
210483_at,0.48663174,0.07485989,,,,
205618_at,0.48663764,-0.15985388,,,,
215563_s_at,0.48666729,0.20938373,,,,
1552693_at,0.48667791,-0.03613417,,,,
205372_at,0.48669133,0.29278783,,,,
240722_at,0.48669712,-0.02900636,,,,
221661_at,0.48669872,0.19491371,,,,
236382_at,0.48669904,-0.07677832,,,,
200927_s_at,0.48672642,-0.07712793,,,,
239016_at,0.48673156,-0.09219102,,,,
237056_at,0.48674797,-0.09671174,,,,
244825_at,0.48675733,-0.14469817,,,,
203285_s_at,0.48676966,0.11040182,,,,
228807_at,0.48680013,-0.08656551,,,,
213333_at,0.48682186,0.11385685,,,,
241165_at,0.4868255,0.05157737,,,,
202450_s_at,0.48683308,0.34119789,,,,
218787_x_at,0.48685198,-0.08051972,,,,
1568719_s_at,0.48686043,0.07828385,,,,
1555219_at,0.4868709,-0.03552712,,,,
224162_s_at,0.48689592,0.09132008,,,,
201889_at,0.48692727,0.11772523,,,,
235300_x_at,0.48697097,0.10610462,,,,
1555199_at,0.48697637,-0.03577488,,,,
230756_at,0.48705592,-0.05667176,,,,
223487_x_at,0.48710548,0.22407226,,,,
218980_at,0.48710658,-0.22998255,,,,
224032_x_at,0.48712807,-0.18691663,,,,
238515_at,0.48713052,-0.09133916,,,,
1563834_a_at,0.48714859,-0.07204378,,,,
225561_at,0.48717064,0.11463838,,,,
210741_at,0.48725332,0.03376152,,,,
223322_at,0.48726429,-0.17684851,,,,
227214_at,0.48729605,-0.13222304,,,,
1564444_at,0.48730037,0.04245807,,,,
236763_at,0.4873346,-0.05021378,,,,
214772_at,0.48736044,0.17193094,,,,
234736_at,0.48737618,-0.05451485,,,,
1562462_at,0.48738378,-0.06122665,,,,
223321_s_at,0.48738948,0.10816423,,,,
224128_at,0.48742906,-0.07045334,,,,
217357_at,0.48743559,-0.05911177,,,,
210168_at,0.48744937,0.54912542,,,,
221996_s_at,0.48746429,-0.05653738,,,,
236789_at,0.48747632,-0.03513466,,,,
36552_at,0.48760001,0.11240686,,,,
238580_at,0.48761121,0.06168701,,,,
213652_at,0.48763181,0.24154033,,,,
1566897_at,0.48765382,-0.04989741,,,,
1557521_a_at,0.4876609,-0.11773183,,,,
221802_s_at,0.48767205,0.15756642,,,,
207697_x_at,0.48771219,-0.14793702,,,,
209506_s_at,0.48772858,0.12980349,,,,
210751_s_at,0.48775032,0.44446294,,,,
242548_x_at,0.48777467,0.05211504,,,,
214350_at,0.48778241,-0.0390205,,,,
208275_x_at,0.48779732,-0.0530228,,,,
235857_at,0.48785467,-0.13844872,,,,
229466_at,0.48788149,-0.08855345,,,,
238225_at,0.48789292,0.06035983,,,,
241369_at,0.48791083,0.11159793,,,,
1564561_at,0.48795558,-0.04014388,,,,
227578_at,0.48797475,0.12167314,,,,
203100_s_at,0.48797755,0.1623581,,,,
1559413_at,0.48799318,-0.05432794,,,,
229779_at,0.48801651,-0.23820643,,,,
1565700_at,0.48806079,-0.05555185,,,,
227142_at,0.48809016,-0.08114518,,,,
236799_at,0.48809262,-0.0458333,,,,
1562365_at,0.48809548,0.03561865,,,,
1557896_at,0.48810848,-0.03575205,,,,
238286_at,0.48812505,0.04107956,,,,
1569610_at,0.4881587,0.03356991,,,,
218266_s_at,0.48816458,0.11571454,,,,
210871_x_at,0.48816639,0.1527525,,,,
204220_at,0.48818298,-0.17271103,,,,
206053_at,0.48818361,0.08950387,,,,
203500_at,0.48818638,0.15658138,,,,
213668_s_at,0.48820205,0.21952457,,,,
209277_at,0.48828034,0.38706547,,,,
222829_s_at,0.48828544,-0.21205107,,,,
224997_x_at,0.48829858,0.39715445,,,,
224256_at,0.48830719,-0.05955914,,,,
206352_s_at,0.48830823,0.09017448,,,,
214041_x_at,0.48831776,0.16806491,,,,
241561_at,0.48835426,-0.03573385,,,,
208752_x_at,0.48837741,-0.09594831,,,,
225747_at,0.48838187,0.12284446,,,,
1563253_s_at,0.48840855,-0.12405373,,,,
241489_at,0.48846329,-0.09746384,,,,
1554708_s_at,0.48847497,-0.07745835,,,,
37384_at,0.48847921,0.08677105,,,,
1553504_at,0.4885028,-0.04204478,,,,
205154_at,0.48850469,0.13036084,,,,
204914_s_at,0.48850804,0.2855136,,,,
213779_at,0.48853926,0.13499051,,,,
220256_s_at,0.48855381,0.0685359,,,,
1553440_at,0.48856464,0.0338117,,,,
205297_s_at,0.48857589,-0.13583459,,,,
201691_s_at,0.48857901,-0.26552418,,,,
233423_at,0.48859709,0.03821724,,,,
206299_at,0.48862938,-0.13695317,,,,
206306_at,0.48866519,0.11967962,,,,
241038_at,0.48868878,-0.04089841,,,,
243539_at,0.48869941,-0.13308058,,,,
1561446_at,0.48876207,-0.04754467,,,,
217524_x_at,0.4887868,0.02551973,,,,
216337_at,0.48880539,-0.04561407,,,,
225249_at,0.48881887,0.11328315,,,,
1564356_at,0.48882312,0.05049086,,,,
210967_x_at,0.48883439,0.10593879,,,,
218878_s_at,0.48884776,0.08971575,,,,
236950_s_at,0.48888942,-0.12293101,,,,
205932_s_at,0.48888987,0.19283132,,,,
218987_at,0.4888994,0.10897328,,,,
202677_at,0.48890121,0.10949526,,,,
238682_at,0.48895347,0.1038703,,,,
206769_at,0.48895426,-0.06592634,,,,
202331_at,0.48900615,0.09652393,,,,
209209_s_at,0.48903208,0.18122791,,,,
204493_at,0.48905143,0.11610802,,,,
237479_at,0.48906524,-0.03280592,,,,
243919_at,0.48912324,-0.04984342,,,,
206505_at,0.48913164,0.79188578,,,,
203980_at,0.48914666,0.49884102,,,,
1568897_at,0.48917604,0.02945809,,,,
234556_at,0.48918092,-0.04145375,,,,
236029_at,0.48921554,0.18094362,,,,
1570082_x_at,0.48926081,-0.03643604,,,,
224872_at,0.48927264,0.09245933,,,,
218742_at,0.48927348,-0.06106687,,,,
217112_at,0.48934523,-0.04835422,,,,
236297_at,0.48935269,0.27466502,,,,
235554_x_at,0.48935699,0.10847105,,,,
243263_at,0.48937505,0.05179521,,,,
1569672_at,0.48939433,0.03625745,,,,
235864_at,0.4894493,-0.06604177,,,,
238900_at,0.4894551,0.34612898,,,,
225004_at,0.48948996,-0.09293375,,,,
214774_x_at,0.48950276,-0.55605998,,,,
209710_at,0.48951872,0.18037885,,,,
204453_at,0.48954076,0.15096702,,,,
1564022_at,0.4895466,0.03231865,,,,
1555236_a_at,0.4895856,-0.29578289,,,,
226203_at,0.48961502,0.13392624,,,,
1565820_x_at,0.4896343,0.03134099,,,,
225759_x_at,0.48965585,0.20461127,,,,
1560866_at,0.48966254,0.05541168,,,,
243078_at,0.48966289,0.04403071,,,,
243751_at,0.48966632,-0.09480107,,,,
230910_s_at,0.48971763,0.11084208,,,,
237427_at,0.48974082,-0.08641808,,,,
218616_at,0.48974372,0.06694158,,,,
224023_s_at,0.48977816,-0.15196194,,,,
211250_s_at,0.48978724,0.09272265,,,,
205351_at,0.4898098,0.21622437,,,,
209253_at,0.48982861,-0.08876582,,,,
240627_x_at,0.48985564,0.06249176,,,,
242841_at,0.48986104,-0.07587897,,,,
201902_s_at,0.48989763,-0.09321252,,,,
244061_at,0.48993663,-0.12740769,,,,
1561710_at,0.48994428,-0.03782093,,,,
241919_x_at,0.48997342,-0.04009937,,,,
221958_s_at,0.49000518,-0.23339512,,,,
218062_x_at,0.49002278,0.12409765,,,,
244888_at,0.49002627,0.02829079,,,,
201717_at,0.49003108,-0.09372751,,,,
227300_at,0.49003354,-0.25074669,,,,
209019_s_at,0.49004102,-0.1215627,,,,
55583_at,0.49007348,-0.09721221,,,,
220881_at,0.49009353,-0.054527,,,,
238727_at,0.49009359,0.26621914,,,,
242237_at,0.49009775,0.03017634,,,,
1568680_s_at,0.49010536,0.12708353,,,,
200869_at,0.49014811,-0.0848803,,,,
225982_at,0.4902033,0.06845433,,,,
203063_at,0.49022602,0.09152222,,,,
242795_at,0.49025855,0.02630819,,,,
1553818_x_at,0.49027308,-0.04161121,,,,
242522_at,0.49028828,0.05249611,,,,
222021_x_at,0.49034512,-0.1134393,,,,
1562094_at,0.49034529,-0.04379846,,,,
232480_at,0.49036005,0.0808825,,,,
222530_s_at,0.49037881,0.11469363,,,,
208584_at,0.49038244,0.07826255,,,,
1556504_at,0.49038875,-0.03336258,,,,
236550_s_at,0.49039666,0.10468193,,,,
227163_at,0.49041022,0.30869348,,,,
207306_at,0.49041987,-0.06756855,,,,
244419_at,0.49041997,0.14062619,,,,
239109_at,0.49044308,-0.07204557,,,,
207523_at,0.49046174,-0.03495736,,,,
239414_at,0.49046803,-0.04702219,,,,
217350_at,0.49047808,0.06640596,,,,
239971_at,0.49048596,0.06274995,,,,
242580_at,0.49051963,-0.05589017,,,,
220124_at,0.49056108,0.12641999,,,,
212868_x_at,0.49057923,-0.05437091,,,,
1554609_at,0.49062525,0.15615706,,,,
220766_at,0.49063609,-0.04464147,,,,
236040_at,0.49066557,0.06024838,,,,
217227_x_at,0.49072633,-0.28309597,,,,
225785_at,0.49074191,0.11003974,,,,
1561671_at,0.490764,-0.04857795,,,,
227318_at,0.49077663,0.28397101,,,,
205947_s_at,0.4907833,0.05462957,,,,
240087_at,0.49079729,-0.04598996,,,,
201182_s_at,0.49080945,0.08565526,,,,
235569_at,0.49082235,0.07443549,,,,
216703_at,0.49086189,-0.0403988,,,,
217685_at,0.49091607,0.07239499,,,,
242197_x_at,0.49092108,0.06909942,,,,
242665_at,0.49092486,0.18404521,,,,
206924_at,0.49094519,-0.11159116,,,,
222244_s_at,0.490972,-0.10335728,,,,
211542_x_at,0.49100249,0.04421735,,,,
1559203_s_at,0.4910088,0.07358309,,,,
204869_at,0.49105961,0.11824272,,,,
215501_s_at,0.49107481,0.16973136,,,,
212721_at,0.49111851,0.08356339,,,,
224345_x_at,0.4911218,0.12307573,,,,
230461_s_at,0.49112216,0.04726108,,,,
224896_s_at,0.49114585,0.11131327,,,,
234163_at,0.49116132,-0.03586951,,,,
218295_s_at,0.49118683,-0.15918139,,,,
230478_at,0.49121587,0.39135239,,,,
1562408_at,0.49130228,0.04315808,,,,
1555718_x_at,0.49135697,-0.02657596,,,,
200596_s_at,0.49140303,0.09200846,,,,
213561_at,0.4914036,-0.14414014,,,,
1561961_at,0.49145405,0.07135741,,,,
227166_at,0.49148709,-0.14131098,,,,
233248_at,0.4914877,0.06608395,,,,
206763_at,0.49149014,-0.06400842,,,,
1556304_s_at,0.49149411,0.06967771,,,,
243280_at,0.49150822,0.07172068,,,,
205051_s_at,0.49155386,0.34470179,,,,
1561512_at,0.49157792,-0.03525671,,,,
228596_at,0.49158928,-0.1806548,,,,
209736_at,0.49160572,0.11240245,,,,
231144_at,0.49162071,-0.05303075,,,,
1562308_at,0.49163404,-0.03934979,,,,
239668_at,0.49164175,0.1500987,,,,
1553147_at,0.49165603,-0.07040375,,,,
231164_at,0.49169426,0.17911891,,,,
211332_x_at,0.49171236,-0.07617639,,,,
1560262_at,0.4917339,-0.04866015,,,,
1566867_at,0.49173419,0.08539269,,,,
218130_at,0.4917481,0.11002814,,,,
217752_s_at,0.49175094,-0.12407843,,,,
232931_at,0.49175905,-0.09498321,,,,
216649_at,0.49179232,-0.04526854,,,,
231150_at,0.49179451,0.05308328,,,,
217512_at,0.49185147,0.58404107,,,,
236818_at,0.49186228,0.04517597,,,,
226835_s_at,0.49188338,-0.15533591,,,,
204413_at,0.4919008,-0.06618652,,,,
1565898_at,0.49194812,0.04750928,,,,
237770_at,0.4919734,0.02905929,,,,
225821_s_at,0.49201435,0.10474922,,,,
243216_x_at,0.49205115,0.06997443,,,,
201788_at,0.4920584,0.08520608,,,,
235796_at,0.49206222,0.09557918,,,,
208469_s_at,0.49206265,0.12055815,,,,
1562728_at,0.49207283,-0.048067,,,,
230026_at,0.49207444,-0.19532756,,,,
241920_x_at,0.49207944,-0.03087459,,,,
225034_at,0.49208439,0.16584551,,,,
223393_s_at,0.49210001,-0.18504753,,,,
203397_s_at,0.49210149,-0.44968172,,,,
1560409_at,0.49210919,-0.04275977,,,,
1553796_at,0.4921305,0.05003832,,,,
207808_s_at,0.49213613,0.25414791,,,,
222143_s_at,0.49224788,-0.0752364,,,,
1560885_x_at,0.49226779,0.04975871,,,,
213704_at,0.49227231,0.12353809,,,,
233363_at,0.49229307,-0.05944967,,,,
1552769_at,0.49232358,0.04972519,,,,
203442_x_at,0.49233657,-0.06080047,,,,
200803_s_at,0.49233778,-0.11999354,,,,
212014_x_at,0.49236169,-0.29434004,,,,
202885_s_at,0.49236854,-0.03369263,,,,
203025_at,0.49237248,-0.09386176,,,,
203328_x_at,0.49237561,0.10481901,,,,
1560911_at,0.49241211,0.05193881,,,,
214852_x_at,0.49241996,0.06201878,,,,
230662_at,0.49242259,0.06862221,,,,
242423_x_at,0.4924549,0.06989482,,,,
237914_s_at,0.49248207,-0.06291421,,,,
228759_at,0.49251615,-0.08963216,,,,
1558855_at,0.49254989,-0.04325331,,,,
1567167_at,0.49256957,-0.04706822,,,,
229893_at,0.49257426,-0.23074818,,,,
1561368_at,0.49258843,0.06116971,,,,
226112_at,0.4926012,-0.1341388,,,,
244753_at,0.4926208,-0.1697817,,,,
203103_s_at,0.49262215,0.08015409,,,,
225089_at,0.49263774,0.08355805,,,,
1561358_at,0.49263973,-0.04329132,,,,
227286_at,0.49264883,-0.08085646,,,,
227307_at,0.49265282,0.16822041,,,,
224648_at,0.49265591,0.10141219,,,,
218755_at,0.49269768,0.23741616,,,,
212910_at,0.49269988,0.07865067,,,,
234100_at,0.49271785,0.04440778,,,,
244609_at,0.49272059,-0.03448017,,,,
1554078_s_at,0.49279691,-0.10582092,,,,
242063_s_at,0.4928304,-0.03246112,,,,
1557504_at,0.49285077,-0.05473428,,,,
219542_at,0.49291468,0.12795872,,,,
1562353_x_at,0.49291668,0.03177894,,,,
205813_s_at,0.49294275,0.48948909,,,,
226962_at,0.49298877,0.15084883,,,,
227434_at,0.49301942,0.18677349,,,,
232486_at,0.49302921,0.07223038,,,,
219077_s_at,0.49304089,0.1572367,,,,
220071_x_at,0.49304352,0.08414196,,,,
213052_at,0.49305054,-0.06789421,,,,
224972_at,0.49306043,0.10204566,,,,
230261_at,0.49306263,-0.20592683,,,,
217375_at,0.49307896,0.03323079,,,,
213102_at,0.49310346,-0.09198584,,,,
1553471_at,0.49311086,-0.06475924,,,,
234252_at,0.49315847,-0.03952022,,,,
232476_at,0.49317867,-0.11053294,,,,
234945_at,0.49317899,0.03609489,,,,
204149_s_at,0.49319913,-0.15230712,,,,
221632_s_at,0.49321505,0.0540271,,,,
234313_at,0.49326647,-0.03211674,,,,
35148_at,0.49327014,-0.28374787,,,,
234708_at,0.49327042,0.05489484,,,,
1563993_at,0.49327086,-0.04819657,,,,
214824_at,0.49328131,-0.04803523,,,,
232635_at,0.49332256,-0.08215751,,,,
1560846_at,0.49334378,0.03727933,,,,
203895_at,0.49337684,-0.46474317,,,,
208714_at,0.49338543,-0.10711084,,,,
235351_at,0.49339903,0.03252095,,,,
215785_s_at,0.49341294,-0.191187,,,,
218766_s_at,0.4934583,0.12032557,,,,
237292_at,0.49345966,-0.04937552,,,,
203556_at,0.49346479,0.14046458,,,,
235447_at,0.49346947,0.10313643,,,,
233045_at,0.49347086,0.06232587,,,,
206610_s_at,0.49353041,0.28216149,,,,
237391_at,0.49361432,-0.03414999,,,,
227070_at,0.49367379,0.34754749,,,,
1554018_at,0.49368933,-0.2385058,,,,
37652_at,0.49376845,-0.08863422,,,,
236309_x_at,0.49377651,0.080399,,,,
1561938_at,0.4937835,-0.04877107,,,,
219737_s_at,0.49383178,-0.2228834,,,,
213620_s_at,0.49383343,0.1532429,,,,
1556919_at,0.49385034,-0.06137932,,,,
201365_at,0.49385177,0.08616545,,,,
239313_at,0.49390045,-0.12673366,,,,
241739_at,0.49393275,0.1190665,,,,
225967_s_at,0.49395171,0.11187931,,,,
229433_at,0.49397587,0.0995387,,,,
244210_at,0.49402214,0.04050356,,,,
241001_at,0.49403322,-0.03431854,,,,
202448_s_at,0.49404067,-0.0623355,,,,
200730_s_at,0.49407443,-0.14989835,,,,
37462_i_at,0.49410417,-0.12278089,,,,
233754_x_at,0.49411214,-0.07361915,,,,
36553_at,0.4941277,0.12865208,,,,
220527_at,0.49412907,0.05164283,,,,
239113_at,0.4941372,-0.04313967,,,,
230304_at,0.49415039,0.18121396,,,,
204516_at,0.49418165,-0.07811125,,,,
204826_at,0.49420423,-0.10775687,,,,
225839_at,0.49423288,-0.10852319,,,,
213233_s_at,0.49425237,-0.13304896,,,,
206902_s_at,0.49426231,-0.04857378,,,,
214391_x_at,0.49427525,-0.05701196,,,,
203822_s_at,0.49429838,0.07109444,,,,
228698_at,0.49430203,0.29400245,,,,
1564733_at,0.49430492,-0.05099072,,,,
241929_at,0.49432298,-0.06833944,,,,
237053_at,0.49432453,-0.04128238,,,,
1563160_at,0.49432564,0.04194797,,,,
216272_x_at,0.49434232,0.04622056,,,,
225601_at,0.49434887,0.2075153,,,,
214642_x_at,0.49435516,0.24309846,,,,
1562342_at,0.49435933,-0.12585578,,,,
219012_s_at,0.49437027,0.09422285,,,,
239584_at,0.49442824,-0.07122759,,,,
1567612_at,0.49445541,-0.04535022,,,,
37953_s_at,0.49445976,-0.06600061,,,,
232491_at,0.49446959,-0.06685973,,,,
243507_s_at,0.49448907,-0.12193456,,,,
226767_s_at,0.49449585,0.127643,,,,
1556289_at,0.49449767,-0.03280292,,,,
1553693_s_at,0.49451554,-0.18760856,,,,
214747_at,0.49451628,-0.06894711,,,,
224110_at,0.49451664,0.03226159,,,,
239380_at,0.49452674,0.25964435,,,,
208607_s_at,0.49453382,0.5975407,,,,
223107_s_at,0.49454535,0.09137153,,,,
216383_at,0.49455265,-0.08617944,,,,
201250_s_at,0.49459651,-0.33890205,,,,
213024_at,0.49463526,0.11311406,,,,
213567_at,0.49464835,0.11312914,,,,
224821_at,0.49467489,-0.17174426,,,,
231741_at,0.49468913,-0.07623835,,,,
238334_at,0.49469555,0.06335387,,,,
1566445_at,0.49469828,0.02746441,,,,
203241_at,0.49474683,0.0948482,,,,
1569126_at,0.49477122,0.07447588,,,,
213089_at,0.49478234,0.17425048,,,,
238051_x_at,0.49480816,0.07544009,,,,
243004_at,0.49482741,-0.05202658,,,,
201195_s_at,0.49483419,-0.28171315,,,,
206606_at,0.49489029,0.42508138,,,,
215455_at,0.49489924,-0.05883771,,,,
209126_x_at,0.49491109,0.34389454,,,,
201172_x_at,0.49494205,-0.08988742,,,,
211995_x_at,0.49496197,-0.04638644,,,,
232162_at,0.49499764,0.07014882,,,,
230716_at,0.49499765,0.42841919,,,,
223550_s_at,0.49505521,0.07567717,,,,
222367_at,0.49508828,0.0391502,,,,
226830_x_at,0.49511582,-0.19264205,,,,
1554767_s_at,0.49515194,0.09378559,,,,
240024_at,0.4951523,-0.14540958,,,,
1564639_at,0.49515559,0.06632228,,,,
244117_at,0.49516082,-0.11029423,,,,
220415_at,0.4951856,-0.05596287,,,,
223400_s_at,0.49522064,-0.14257182,,,,
235074_at,0.49525999,-0.17753556,,,,
205995_x_at,0.49526966,0.13287238,,,,
206698_at,0.49536429,-0.41979681,,,,
244393_x_at,0.49537287,0.12514066,,,,
227995_at,0.49537689,0.21092256,,,,
AFFX-r2-Bs-phe-5_at,0.49541864,0.24843476,,,,
221009_s_at,0.49543509,0.2083009,,,,
202930_s_at,0.49545039,-0.11843015,,,,
227378_x_at,0.4955765,-0.08672431,,,,
244678_at,0.49560416,-0.0326146,,,,
221240_s_at,0.49569565,-0.06269738,,,,
233215_s_at,0.49569567,0.04800442,,,,
209115_at,0.49574286,0.08827399,,,,
241350_at,0.49575261,-0.06874787,,,,
244423_at,0.49575637,-0.03908643,,,,
206811_at,0.49577662,-0.0442037,,,,
211687_x_at,0.49578869,-0.0470543,,,,
1553376_a_at,0.49584206,-0.0319338,,,,
224131_at,0.49585111,0.10949351,,,,
222412_s_at,0.49585424,0.10203555,,,,
239466_at,0.49589069,0.10807626,,,,
210024_s_at,0.4959367,0.11059686,,,,
216121_at,0.49595903,0.04200334,,,,
1562736_at,0.49596105,0.20429212,,,,
209677_at,0.49599276,-0.18012947,,,,
228526_at,0.49600504,-0.07905728,,,,
234410_at,0.49604875,-0.02990441,,,,
228313_at,0.49605464,0.06478747,,,,
210535_at,0.49605873,-0.0497492,,,,
234706_x_at,0.49609947,0.02335682,,,,
226549_at,0.49610289,0.17168574,,,,
39582_at,0.49611319,-0.10896517,,,,
1566123_at,0.49611701,-0.03989208,,,,
212662_at,0.49616351,-0.13626685,,,,
236995_x_at,0.49616588,-0.11877307,,,,
227996_at,0.4961765,-0.25671565,,,,
212069_s_at,0.49620514,-0.1145808,,,,
222047_s_at,0.4962099,-0.08217455,,,,
218485_s_at,0.49622191,-0.11527001,,,,
227639_at,0.49623313,0.10959245,,,,
1554725_at,0.49623915,-0.03085701,,,,
200713_s_at,0.49623926,-0.08855358,,,,
202179_at,0.49629151,0.1304413,,,,
239796_x_at,0.49634272,-0.0832364,,,,
1558697_a_at,0.49635064,-0.11258314,,,,
228466_at,0.49635198,0.11626876,,,,
207016_s_at,0.49638445,-0.2775032,,,,
244809_at,0.49640146,-0.04833613,,,,
241092_at,0.49640312,-0.03876452,,,,
206592_s_at,0.49641721,-0.07240197,,,,
231051_at,0.49643429,0.23899966,,,,
234613_at,0.49648045,-0.04568913,,,,
211833_s_at,0.49649773,-0.12167485,,,,
1554966_a_at,0.4965194,0.1970864,,,,
1557316_at,0.49653634,-0.06043601,,,,
204072_s_at,0.49654808,0.20540103,,,,
219630_at,0.49657398,-0.43093129,,,,
222928_s_at,0.49663547,0.04337311,,,,
1561418_at,0.49666047,-0.08850269,,,,
200812_at,0.49670369,0.07803567,,,,
212295_s_at,0.49670796,-0.20515506,,,,
237887_at,0.49673566,-0.06686169,,,,
223641_at,0.49674756,-0.14847648,,,,
226894_at,0.49675297,-0.15791871,,,,
1559707_at,0.49676623,-0.02973763,,,,
213484_at,0.49677242,0.16973589,,,,
220316_at,0.49679138,0.10809273,,,,
205108_s_at,0.49679683,0.73387553,,,,
239344_at,0.49679716,-0.0795492,,,,
204919_at,0.49680751,0.10033352,,,,
220791_x_at,0.49681193,0.05771797,,,,
1561370_at,0.49681517,-0.03444891,,,,
238433_at,0.49682819,-0.03888224,,,,
202748_at,0.49683662,-0.19133932,,,,
201772_at,0.49685156,-0.10280066,,,,
209577_at,0.49687743,0.15360116,,,,
210910_s_at,0.49691117,-0.17571565,,,,
1566168_at,0.49697834,-0.04684193,,,,
215966_x_at,0.49700993,-0.1698649,,,,
207687_at,0.49703381,-0.16876286,,,,
232760_at,0.49703705,0.17042323,,,,
223772_s_at,0.49708095,0.13612221,,,,
238347_at,0.49708617,-0.06260664,,,,
236437_at,0.49710963,0.07795858,,,,
205506_at,0.49711241,-0.4360333,,,,
231101_at,0.49726949,0.09519477,,,,
206752_s_at,0.4972885,-0.12510875,,,,
1552708_a_at,0.49729876,0.06625693,,,,
243562_at,0.49731219,0.39659997,,,,
227038_at,0.4973163,-0.21226452,,,,
217220_at,0.49733839,0.1868562,,,,
229472_at,0.49734188,0.04311933,,,,
204608_at,0.49734844,-0.2238899,,,,
207315_at,0.49742721,-0.09637925,,,,
1569931_at,0.49743262,-0.04230851,,,,
1565620_at,0.4974733,0.06764052,,,,
219114_at,0.49747562,-0.07256972,,,,
232012_at,0.49753029,-0.07923024,,,,
208182_x_at,0.49754663,-0.03986715,,,,
217420_s_at,0.49755533,0.05786185,,,,
1558964_at,0.49769316,0.07314551,,,,
230267_at,0.49769926,-0.11865406,,,,
220735_s_at,0.49770289,0.12213708,,,,
207033_at,0.49772408,-0.04995677,,,,
214557_at,0.49772436,-0.03921562,,,,
212124_at,0.49775467,0.11552088,,,,
200931_s_at,0.49775526,0.12355137,,,,
242651_at,0.49775828,-0.04210006,,,,
221865_at,0.49776309,-0.18334374,,,,
212289_at,0.49776376,0.12009217,,,,
236065_at,0.49776482,-0.19821025,,,,
1561635_at,0.49781693,0.03263102,,,,
224803_s_at,0.49785122,0.04100852,,,,
227052_at,0.49786421,0.14966052,,,,
1570071_at,0.49791227,-0.03918278,,,,
222888_at,0.49791819,0.03767969,,,,
237224_at,0.49792561,0.07440046,,,,
217303_s_at,0.4979302,-0.02744758,,,,
1555886_at,0.49793723,0.12660766,,,,
212010_s_at,0.49798539,0.06413354,,,,
1556657_at,0.49798599,0.088056,,,,
1568249_at,0.49804338,-0.05534936,,,,
238000_at,0.49806264,0.09835981,,,,
220505_at,0.498064,-0.04907297,,,,
226837_at,0.4980771,-0.19246351,,,,
230294_at,0.49809494,0.12057044,,,,
235458_at,0.49810847,-0.16345723,,,,
219297_at,0.49815857,0.08729035,,,,
215092_s_at,0.49819249,0.15626477,,,,
200033_at,0.49820893,0.06416293,,,,
209628_at,0.49826294,0.12791995,,,,
225123_at,0.49827196,0.2604344,,,,
1569253_at,0.49829011,0.08140581,,,,
1567241_at,0.4983138,0.03837531,,,,
242050_at,0.4983395,-0.04350775,,,,
207233_s_at,0.4983426,-0.24319066,,,,
228071_at,0.49834484,0.24775841,,,,
215276_at,0.4983495,0.04955278,,,,
206974_at,0.49836497,-0.12739694,,,,
220306_at,0.4983814,0.16175565,,,,
243232_at,0.4984045,0.03349452,,,,
210400_at,0.49842332,0.05421985,,,,
211755_s_at,0.4984268,0.07888619,,,,
220868_s_at,0.49847828,0.0931618,,,,
226655_at,0.49848223,0.08046614,,,,
228770_at,0.49850384,0.16975296,,,,
226669_at,0.49850768,0.09355354,,,,
208396_s_at,0.49851985,-0.28112086,,,,
242990_at,0.49852156,0.15047131,,,,
244601_at,0.49852333,0.04477397,,,,
218912_at,0.49852991,0.06024765,,,,
221862_at,0.49856315,-0.04299366,,,,
216168_at,0.49856476,-0.040772,,,,
201226_at,0.49857522,-0.07774784,,,,
226084_at,0.49857556,0.27386232,,,,
205880_at,0.49866142,0.2384896,,,,
210156_s_at,0.49869399,0.09400329,,,,
1569139_s_at,0.49869441,0.12706749,,,,
215820_x_at,0.49870062,-0.10896206,,,,
204259_at,0.49871145,0.49519375,,,,
241980_at,0.49875339,-0.06027005,,,,
1569579_at,0.49880457,-0.06549031,,,,
209022_at,0.49881078,-0.09980601,,,,
222573_s_at,0.49882533,0.10448347,,,,
237232_at,0.4989039,0.0406193,,,,
219425_at,0.49891033,-0.12041324,,,,
213922_at,0.49892031,0.12565627,,,,
238524_at,0.49893536,-0.14534828,,,,
235921_at,0.49893758,0.10726122,,,,
215653_at,0.49893908,0.02590554,,,,
225189_s_at,0.49896588,0.11689917,,,,
216465_at,0.49898393,-0.06763374,,,,
1568856_at,0.49899975,-0.04335422,,,,
234863_x_at,0.49903613,0.16118424,,,,
221497_x_at,0.49904989,0.1233838,,,,
223415_at,0.49905673,-0.11538393,,,,
228954_at,0.49905841,0.12486736,,,,
208416_s_at,0.49906434,0.0515045,,,,
232247_at,0.49907197,0.13431581,,,,
205744_at,0.49907477,-0.08133828,,,,
229399_at,0.49907827,0.17930568,,,,
221646_s_at,0.49911049,-0.24345815,,,,
237367_x_at,0.49911549,-0.06796371,,,,
218132_s_at,0.49911991,0.08584438,,,,
1560407_at,0.4991614,-0.0914456,,,,
218761_at,0.49918754,0.08105296,,,,
224694_at,0.49921406,0.25832598,,,,
210727_at,0.49921733,-0.14019367,,,,
208046_at,0.49925671,0.03928007,,,,
216786_at,0.49926693,0.03309919,,,,
218126_at,0.49927279,-0.07387474,,,,
220606_s_at,0.49928137,0.09562625,,,,
200082_s_at,0.49929996,-0.06870197,,,,
242349_at,0.49930994,-0.0783947,,,,
200729_s_at,0.49933936,-0.09528729,,,,
1556583_a_at,0.49934215,-0.08695221,,,,
232313_at,0.49939081,0.17387613,,,,
207721_x_at,0.49939095,0.06937472,,,,
209488_s_at,0.49940325,0.18582722,,,,
226703_at,0.49942332,-0.06907294,,,,
231344_at,0.49945775,-0.03770491,,,,
223371_s_at,0.49947636,-0.08131635,,,,
226948_at,0.49948767,0.07565822,,,,
207923_x_at,0.49950412,-0.09208482,,,,
214205_x_at,0.49952121,0.07528116,,,,
227522_at,0.49952149,-0.26991338,,,,
220591_s_at,0.49954702,-0.23999908,,,,
226737_at,0.49955122,0.0832722,,,,
210793_s_at,0.49956138,0.11400476,,,,
1563210_at,0.49957214,-0.03912398,,,,
219755_at,0.49963151,-0.05725154,,,,
206378_at,0.49963224,-0.60344176,,,,
213629_x_at,0.49966744,0.27131443,,,,
211297_s_at,0.49966835,0.10980053,,,,
212514_x_at,0.49968253,-0.13181065,,,,
1554728_at,0.49970799,0.0373393,,,,
225283_at,0.49972176,-0.18741839,,,,
207350_s_at,0.49973327,-0.11069471,,,,
227429_at,0.49975046,-0.20071683,,,,
220864_s_at,0.49975259,-0.08867128,,,,
240952_at,0.49976221,-0.02723455,,,,
231483_at,0.49979364,0.27726289,,,,
206558_at,0.49979366,-0.21305624,,,,
205358_at,0.49984174,0.16334166,,,,
1564802_at,0.49990287,0.03805892,,,,
225533_at,0.4999115,-0.11583471,,,,
211053_at,0.49991908,-0.05281245,,,,
210243_s_at,0.49993268,0.12856759,,,,
238754_at,0.49995375,0.05430326,,,,
1554659_at,0.49996066,0.03898578,,,,
49452_at,0.49996346,0.25123944,,,,
213536_s_at,0.49999106,-0.12468891,,,,
1560696_x_at,0.49999348,-0.03787565,,,,
244310_at,0.50001516,0.0564892,,,,
231402_at,0.50004784,0.06509318,,,,
1569824_at,0.50005904,-0.05433154,,,,
209074_s_at,0.50009567,0.26219893,,,,
218952_at,0.50013361,-0.24268845,,,,
233729_at,0.5002997,-0.06947279,,,,
238720_at,0.50031801,-0.17516485,,,,
219015_s_at,0.50031843,-0.10804557,,,,
220603_s_at,0.50034903,-0.19465697,,,,
234209_at,0.50036211,-0.03082116,,,,
243187_at,0.50036318,-0.04600086,,,,
203239_s_at,0.50045055,-0.12006394,,,,
204292_x_at,0.50046089,-0.05836873,,,,
221214_s_at,0.50047593,-0.11617387,,,,
228195_at,0.50048166,0.28218594,,,,
222362_at,0.50053739,0.11264733,,,,
206705_at,0.50053944,-0.04829213,,,,
201487_at,0.50055206,-0.16324213,,,,
211414_at,0.50055923,-0.0583361,,,,
218064_s_at,0.50065742,-0.10934238,,,,
231990_at,0.50065835,-0.13674732,,,,
236352_at,0.50066414,-0.09149481,,,,
1553965_x_at,0.50067757,-0.04117679,,,,
223206_s_at,0.50069408,0.12323577,,,,
204188_s_at,0.50071849,-0.096557,,,,
223832_s_at,0.50073078,0.19404294,,,,
244271_at,0.50073405,0.12059196,,,,
235511_at,0.50074099,0.09972226,,,,
235153_at,0.50076468,-0.21079076,,,,
226937_at,0.50080809,-0.12007231,,,,
1554912_at,0.50082509,0.07272939,,,,
220239_at,0.5008326,0.1648195,,,,
225711_at,0.50083582,0.1238101,,,,
209724_s_at,0.50084759,0.06696427,,,,
AFFX-HUMISGF3A/M97935_3_at,0.50088605,0.1221134,,,,
210327_s_at,0.50089636,0.48464229,,,,
1570594_at,0.50089829,-0.04612484,,,,
243182_at,0.50092983,-0.03116879,,,,
208520_at,0.50094741,-0.0468297,,,,
205044_at,0.50096103,0.49936273,,,,
235562_at,0.50101013,0.19482745,,,,
219396_s_at,0.50101369,-0.08018892,,,,
231762_at,0.50101964,-0.15531899,,,,
1562886_at,0.5010299,-0.02588283,,,,
226313_at,0.50107355,0.14032361,,,,
1561151_a_at,0.50107595,0.0282947,,,,
208504_x_at,0.50108037,-0.10923607,,,,
225217_s_at,0.50108731,0.1000536,,,,
222031_at,0.50108953,-0.07845,,,,
225177_at,0.50112905,-0.24207348,,,,
1558331_at,0.50113724,0.05302483,,,,
229596_at,0.50115518,0.4929726,,,,
220487_at,0.501191,0.05026096,,,,
236838_at,0.5011937,-0.05505475,,,,
212034_s_at,0.50120944,0.0885833,,,,
211233_x_at,0.50121688,0.13170226,,,,
214523_at,0.50126306,0.05532357,,,,
214636_at,0.50129507,0.0723421,,,,
202187_s_at,0.50130851,-0.10052614,,,,
203956_at,0.50133559,0.09888167,,,,
1553030_a_at,0.50134446,-0.13334951,,,,
1570050_at,0.50137189,-0.03304127,,,,
240606_at,0.50137863,0.06510878,,,,
243511_at,0.50142914,0.09360825,,,,
235627_at,0.50144922,0.0522451,,,,
214659_x_at,0.50149152,-0.10694815,,,,
243164_s_at,0.50155428,-0.02839239,,,,
223103_at,0.50156868,-0.29514084,,,,
204665_at,0.50158788,-0.10690689,,,,
205623_at,0.5016023,0.1940222,,,,
1561053_at,0.50160534,-0.03621299,,,,
1569597_at,0.50161641,-0.04312476,,,,
242041_at,0.5016323,-0.04307452,,,,
205758_at,0.50166682,-0.25256942,,,,
244162_at,0.50166806,-0.04911326,,,,
223361_at,0.50167923,0.17364617,,,,
225880_at,0.50168603,0.11191105,,,,
225271_at,0.50168938,-0.07948988,,,,
216700_at,0.50169122,-0.05121524,,,,
234651_at,0.50170507,-0.04180814,,,,
224395_s_at,0.50172027,0.0791623,,,,
200644_at,0.50175418,0.15605181,,,,
233133_at,0.50175932,0.05968937,,,,
1553452_at,0.50178024,0.05216278,,,,
224708_at,0.5017915,-0.08305883,,,,
208109_s_at,0.50180406,0.15685364,,,,
1566851_at,0.50187562,-0.05153964,,,,
236720_at,0.50192989,0.03513275,,,,
223388_s_at,0.50196884,-0.09581571,,,,
218530_at,0.5020104,-0.09109553,,,,
222921_s_at,0.50201521,0.24708962,,,,
205172_x_at,0.50202893,-0.16610256,,,,
1568851_at,0.50206526,-0.03946931,,,,
239169_at,0.50207305,-0.0937426,,,,
215339_at,0.50211014,0.058854,,,,
232277_at,0.50211185,0.27912865,,,,
231343_at,0.50212508,-0.05075316,,,,
232146_at,0.50216443,0.08500743,,,,
238309_x_at,0.50219089,-0.13147617,,,,
230796_at,0.50223247,-0.05050207,,,,
1554747_a_at,0.50225535,-0.13424358,,,,
214264_s_at,0.50226416,0.14062138,,,,
218572_at,0.50226512,0.10752933,,,,
201914_s_at,0.50232598,0.10171297,,,,
244731_at,0.50235081,0.05085189,,,,
206404_at,0.50243032,0.1868753,,,,
232455_x_at,0.50243321,-0.04936204,,,,
1566670_at,0.50246284,-0.04358558,,,,
201159_s_at,0.50247327,-0.08997598,,,,
242066_at,0.50248623,-0.0582532,,,,
218599_at,0.5024867,-0.13367819,,,,
1563145_at,0.50249531,-0.03797486,,,,
224699_s_at,0.50252822,-0.13061143,,,,
213901_x_at,0.50255831,-0.17508135,,,,
242931_at,0.50256227,-0.2306054,,,,
239234_at,0.50256335,0.08071022,,,,
218173_s_at,0.5025727,0.11320791,,,,
210460_s_at,0.50257631,0.09262559,,,,
212194_s_at,0.50258634,-0.14803009,,,,
223871_x_at,0.5025961,-0.07884913,,,,
240739_at,0.50261754,-0.03016611,,,,
1569461_at,0.50262234,0.04582365,,,,
242072_at,0.50264684,0.02934821,,,,
234008_s_at,0.50266016,-0.10272558,,,,
205396_at,0.5026702,-0.12023538,,,,
1559598_at,0.50275228,-0.06316025,,,,
231020_at,0.50277948,0.04566871,,,,
229350_x_at,0.50278696,0.11951479,,,,
240691_at,0.50282188,0.03844354,,,,
1556889_s_at,0.50284313,0.0261609,,,,
1555821_a_at,0.50287014,-0.07631477,,,,
240851_at,0.50292294,-0.04013723,,,,
203323_at,0.50292695,0.2367313,,,,
211711_s_at,0.50292895,-0.10294995,,,,
243146_at,0.50293549,0.22591443,,,,
205682_x_at,0.50293629,0.44159529,,,,
233348_at,0.5029384,-0.06520417,,,,
1554855_at,0.50294766,0.03103332,,,,
243614_s_at,0.50297649,0.22370039,,,,
215619_at,0.50298173,0.03014226,,,,
226226_at,0.50298608,-0.34390626,,,,
223558_at,0.50298747,-0.04964971,,,,
215210_s_at,0.50299106,-0.07908439,,,,
226912_at,0.50299326,0.21530794,,,,
238567_at,0.50300108,-0.27663204,,,,
218729_at,0.50300473,-0.20370614,,,,
212915_at,0.50301189,0.29817359,,,,
237672_at,0.50301738,0.04054608,,,,
225443_at,0.50302981,-0.07881086,,,,
203195_s_at,0.50303357,-0.06623488,,,,
200694_s_at,0.5030525,0.08188583,,,,
221972_s_at,0.50305969,-0.12244662,,,,
238356_at,0.5030829,-0.15349035,,,,
240503_at,0.50314727,-0.04047918,,,,
226664_at,0.50316121,0.08181637,,,,
1558402_at,0.50316595,0.06124789,,,,
233735_at,0.50317572,-0.03946367,,,,
1552566_at,0.50318421,0.15470992,,,,
235040_at,0.50318976,0.09050291,,,,
1569277_at,0.50321955,0.05049037,,,,
220597_s_at,0.50322498,0.0857796,,,,
1560950_at,0.50323472,0.03115427,,,,
244639_at,0.50323685,0.03253524,,,,
213390_at,0.50325427,0.06293572,,,,
208449_s_at,0.50329522,-0.04002782,,,,
241626_at,0.50330216,-0.0432125,,,,
238602_at,0.50331267,0.07552041,,,,
242969_at,0.50333902,0.09458905,,,,
211676_s_at,0.50347242,-0.10414226,,,,
217678_at,0.50348644,-0.28550665,,,,
204178_s_at,0.50352797,-0.07454058,,,,
211698_at,0.50356779,0.14069014,,,,
202937_x_at,0.50357486,-0.09596849,,,,
205155_s_at,0.50359414,0.08187008,,,,
1560131_at,0.50361734,0.06900491,,,,
218149_s_at,0.50362758,0.11117363,,,,
1565929_s_at,0.50365552,-0.04586467,,,,
1555832_s_at,0.5037038,-0.14513354,,,,
221829_s_at,0.50372524,0.07730353,,,,
228754_at,0.50372721,-0.20543461,,,,
214040_s_at,0.50374502,-0.2813039,,,,
213851_at,0.50375276,0.1046421,,,,
204604_at,0.50376759,0.1797454,,,,
216483_s_at,0.50376798,-0.10585623,,,,
217173_s_at,0.50377213,-0.14296632,,,,
216363_at,0.50378903,-0.03982748,,,,
212549_at,0.50380301,-0.07589658,,,,
1562272_at,0.50381646,-0.04294949,,,,
233995_at,0.50382119,-0.07083411,,,,
221094_s_at,0.50383045,-0.11250125,,,,
1563827_at,0.50385292,0.03707166,,,,
1555788_a_at,0.50390829,-0.16652279,,,,
1557362_at,0.50391122,-0.05226633,,,,
215158_s_at,0.50393375,0.09454414,,,,
230780_at,0.50393752,-0.08336016,,,,
201836_s_at,0.50395866,0.0990671,,,,
1558193_at,0.50397699,0.06863266,,,,
211351_at,0.50404221,0.03866889,,,,
64408_s_at,0.50407962,-0.33468229,,,,
1569810_at,0.50408039,0.02542275,,,,
1552310_at,0.50409423,0.10908748,,,,
227334_at,0.50409834,-0.16693825,,,,
1559144_x_at,0.50410142,0.0894668,,,,
1563677_at,0.50411546,-0.03108855,,,,
1560895_at,0.50414573,-0.03900464,,,,
224878_at,0.5041505,0.09015507,,,,
1557606_at,0.50415177,-0.03055094,,,,
217924_at,0.50416007,0.12130786,,,,
218472_s_at,0.50416524,-0.07979791,,,,
241596_at,0.50416669,0.07665256,,,,
1552430_at,0.50418342,0.03530703,,,,
201796_s_at,0.50419241,-0.05995477,,,,
232921_at,0.5042187,0.17354759,,,,
1560238_at,0.50422988,-0.05056863,,,,
231390_at,0.50428064,-0.03886046,,,,
212241_at,0.50429815,-0.08206875,,,,
239695_at,0.50430952,0.08142763,,,,
209964_s_at,0.50435556,-0.07293064,,,,
219080_s_at,0.50438869,0.16723855,,,,
210392_x_at,0.50445945,-0.0536521,,,,
208861_s_at,0.50446235,-0.10965419,,,,
244666_at,0.50450761,-0.04684717,,,,
203325_s_at,0.50454327,0.21142847,,,,
232997_at,0.50456331,0.08508333,,,,
214777_at,0.50456908,-0.36179704,,,,
236337_at,0.50460491,-0.04797362,,,,
212575_at,0.50460868,-0.13784053,,,,
227534_at,0.50460895,0.13061888,,,,
220625_s_at,0.50463647,0.3584083,,,,
215380_s_at,0.50465404,0.11989951,,,,
1554065_at,0.50467045,-0.03902009,,,,
213495_s_at,0.50472734,-0.10628132,,,,
210123_s_at,0.50473638,-0.11646169,,,,
210771_at,0.50476845,0.04676205,,,,
1558589_at,0.50477548,0.03952671,,,,
220460_at,0.50477624,0.08954555,,,,
202245_at,0.50480534,0.10965416,,,,
91684_g_at,0.5048513,0.14050556,,,,
238056_at,0.50487511,0.12159791,,,,
218178_s_at,0.50495181,0.09622116,,,,
207911_s_at,0.50496253,-0.0811879,,,,
1560851_at,0.50496484,-0.08739575,,,,
233654_at,0.50499977,0.0623193,,,,
239815_at,0.50504955,0.08800733,,,,
232643_at,0.5051236,0.06310576,,,,
201590_x_at,0.50517103,0.12639895,,,,
237017_s_at,0.50520096,0.32169931,,,,
217740_x_at,0.50520324,-0.05029436,,,,
230126_s_at,0.50521392,0.09780091,,,,
1554807_a_at,0.50522459,-0.18481199,,,,
240500_at,0.50523113,-0.03972997,,,,
1563131_at,0.50525689,-0.03133261,,,,
221212_x_at,0.50527056,0.03051951,,,,
244319_at,0.50527702,-0.07307073,,,,
1567297_at,0.5053461,0.03333679,,,,
213534_s_at,0.50535963,-0.12351706,,,,
227137_at,0.50536239,-0.14362431,,,,
208626_s_at,0.50537109,0.1291578,,,,
227674_at,0.50539016,-0.12843063,,,,
241011_at,0.50542034,-0.04509216,,,,
1561897_at,0.5054471,-0.04201888,,,,
229334_at,0.5054772,-0.0817898,,,,
202763_at,0.50550091,0.10933546,,,,
234666_at,0.50552014,-0.03872041,,,,
1568904_at,0.50555481,-0.05789972,,,,
228347_at,0.50561644,0.4383539,,,,
1563643_at,0.5056219,0.05761167,,,,
239252_at,0.5056246,-0.14114003,,,,
1552628_a_at,0.50565623,0.08882643,,,,
205967_at,0.5056862,0.09223616,,,,
242872_at,0.50568803,-0.05490963,,,,
201048_x_at,0.50568868,-0.15310345,,,,
213013_at,0.50569138,0.08123139,,,,
234357_at,0.50572552,-0.05119708,,,,
242650_at,0.50572933,0.06058204,,,,
207256_at,0.50574036,0.62736266,,,,
1557170_at,0.50574547,-0.04698691,,,,
223409_at,0.50576373,0.0892712,,,,
1562753_at,0.50579374,-0.04747497,,,,
1552773_at,0.50583172,-0.06302114,,,,
38158_at,0.50586865,-0.13817518,,,,
213857_s_at,0.50587435,0.11441636,,,,
210232_at,0.50589309,-0.07070591,,,,
1555519_at,0.50589813,-0.04255849,,,,
231832_at,0.50590689,-0.24239803,,,,
216426_at,0.50591996,-0.04545579,,,,
226302_at,0.50592541,-0.21282592,,,,
225964_at,0.50596627,0.06357798,,,,
241023_at,0.50599205,-0.03070907,,,,
238982_at,0.50600158,0.07759157,,,,
1555860_x_at,0.50601732,-0.12741569,,,,
204667_at,0.50603372,0.34883081,,,,
1563800_at,0.50605402,0.04333738,,,,
240078_at,0.50609236,-0.05982696,,,,
216623_x_at,0.50609908,-0.52922579,,,,
223082_at,0.50611824,-0.17105049,,,,
241764_at,0.50613363,0.13288786,,,,
230925_at,0.50617371,-0.16416858,,,,
1561760_s_at,0.50623032,0.09931669,,,,
205640_at,0.50624662,-0.15697993,,,,
237787_at,0.50627932,0.04170653,,,,
1554225_a_at,0.50628609,0.05028837,,,,
1552735_at,0.50630485,0.16899831,,,,
1552415_a_at,0.50631842,-0.06324584,,,,
229063_s_at,0.50632773,-0.07620414,,,,
206584_at,0.50636265,-0.22719889,,,,
1559229_at,0.50636766,-0.03972918,,,,
228767_at,0.50637008,-0.04379725,,,,
236316_at,0.50637089,0.11360359,,,,
227580_s_at,0.50641338,-0.10965531,,,,
241790_at,0.50641896,0.12079879,,,,
223452_s_at,0.50642603,0.150708,,,,
218904_s_at,0.50643787,-0.12410017,,,,
235880_at,0.50648062,-0.06746877,,,,
212695_at,0.50650616,0.09106976,,,,
235868_at,0.50651961,-0.05813488,,,,
226991_at,0.50653607,-0.14742776,,,,
1554784_at,0.50657342,0.05633911,,,,
218164_at,0.50657467,0.14579386,,,,
206395_at,0.50657915,-0.05024405,,,,
221373_x_at,0.5066012,0.08013525,,,,
1556579_s_at,0.50663354,-0.17365966,,,,
235922_at,0.50670142,-0.04817603,,,,
228568_at,0.50675313,-0.2061248,,,,
204934_s_at,0.50678789,0.37638341,,,,
212512_s_at,0.50680759,-0.09028354,,,,
224507_s_at,0.50683837,0.10830859,,,,
229818_at,0.5069724,-0.08779857,,,,
221564_at,0.50702622,0.09727227,,,,
208883_at,0.50702971,-0.13158908,,,,
204230_s_at,0.5070311,-0.06950629,,,,
209393_s_at,0.50703413,-0.08069781,,,,
203026_at,0.50703586,0.09465669,,,,
1558305_at,0.50710267,-0.14320853,,,,
215869_at,0.50714608,-0.05567317,,,,
218847_at,0.50718258,-0.32146364,,,,
201709_s_at,0.50722423,0.15737141,,,,
211922_s_at,0.50723653,0.17725029,,,,
232359_at,0.50724067,0.05122882,,,,
1569349_at,0.50725324,0.11614627,,,,
206875_s_at,0.50729951,0.12962346,,,,
216806_at,0.50734877,-0.0692457,,,,
1557167_at,0.50736377,0.2133683,,,,
223499_at,0.50737495,-0.16100113,,,,
211188_at,0.50737761,-0.0511678,,,,
243023_at,0.50737789,-0.19773637,,,,
231808_at,0.50739532,0.06829245,,,,
221030_s_at,0.50741131,0.14171827,,,,
1554098_at,0.50742966,0.04665457,,,,
229890_at,0.5074475,0.12694351,,,,
234804_at,0.50744861,0.03477556,,,,
209627_s_at,0.50745432,-0.23387037,,,,
217356_s_at,0.50745511,-0.13089724,,,,
230536_at,0.50750124,0.08267419,,,,
243783_at,0.50752511,-0.03475491,,,,
205404_at,0.50752789,0.44775981,,,,
217821_s_at,0.50754321,-0.10332648,,,,
232073_at,0.50756918,0.10521842,,,,
217550_at,0.50757284,-0.10486438,,,,
242687_at,0.50758779,-0.0738861,,,,
229081_at,0.50761858,-0.19868643,,,,
244239_at,0.50763045,-0.07060134,,,,
200956_s_at,0.50769811,-0.12578353,,,,
244665_at,0.50771334,0.10925018,,,,
208693_s_at,0.50774128,0.1019115,,,,
241299_at,0.50775442,-0.05660433,,,,
222181_at,0.50777546,0.04792016,,,,
243633_at,0.50778422,0.05612806,,,,
214781_at,0.50782525,-0.05646397,,,,
240277_at,0.50783246,0.12452653,,,,
212040_at,0.50784148,-0.11023118,,,,
206158_s_at,0.50788682,0.04951107,,,,
235856_at,0.5078969,0.31220734,,,,
203344_s_at,0.50789705,0.15393194,,,,
244451_x_at,0.50790865,-0.03433503,,,,
222881_at,0.50794189,-0.1535597,,,,
241236_at,0.50794365,-0.04000589,,,,
227599_at,0.50801701,0.12444386,,,,
1565525_a_at,0.50802787,0.07891773,,,,
214497_s_at,0.50804566,-0.05297126,,,,
233658_at,0.5080791,-0.08805057,,,,
1431_at,0.50808783,0.73895881,,,,
228501_at,0.50808869,0.25050341,,,,
228301_x_at,0.50809007,-0.07485109,,,,
231534_at,0.50810727,-0.20651426,,,,
233454_at,0.50811536,-0.04541446,,,,
221615_at,0.50814081,-0.08948754,,,,
217625_x_at,0.50816638,-0.08512996,,,,
209668_x_at,0.50820913,-0.27136076,,,,
213503_x_at,0.50821047,0.1259006,,,,
216534_at,0.50823314,-0.04410631,,,,
1559826_a_at,0.50823647,0.17475188,,,,
212628_at,0.50824378,-0.10365872,,,,
206191_at,0.5082464,-0.23056226,,,,
228177_at,0.50824676,-0.07600651,,,,
211118_x_at,0.50826399,-0.08763237,,,,
239748_x_at,0.50827979,0.07889221,,,,
202449_s_at,0.50829365,0.14256069,,,,
243854_at,0.50830678,0.03485452,,,,
222447_at,0.50833377,-0.13976261,,,,
242019_at,0.50842414,-0.17434195,,,,
208066_s_at,0.50844121,0.08304486,,,,
217744_s_at,0.50845025,0.28202665,,,,
235968_at,0.50845512,0.09890358,,,,
1556584_at,0.50847188,-0.06002981,,,,
1557424_at,0.50847484,-0.02166006,,,,
241349_at,0.50848002,-0.04663799,,,,
236324_at,0.50849085,-0.04449561,,,,
216046_at,0.50849874,-0.04003381,,,,
205080_at,0.50853036,-0.12576356,,,,
206390_x_at,0.50853486,-0.17941819,,,,
226097_at,0.50855594,-0.11152843,,,,
207791_s_at,0.50859465,-0.08812085,,,,
1562815_at,0.50863022,-0.04457382,,,,
203911_at,0.50867559,-0.16402019,,,,
244510_at,0.50870327,-0.02835787,,,,
221063_x_at,0.5087066,-0.10035975,,,,
241040_at,0.50876828,-0.03907801,,,,
234292_s_at,0.508797,-0.03637729,,,,
203773_x_at,0.50879914,0.1685519,,,,
202089_s_at,0.50885297,0.21395827,,,,
1553410_a_at,0.50885372,0.09202251,,,,
218098_at,0.50885962,0.09666186,,,,
236056_s_at,0.50887469,0.04022798,,,,
207945_s_at,0.50887961,-0.10602449,,,,
205809_s_at,0.5088977,0.11473363,,,,
214769_at,0.50892702,0.20850937,,,,
1553842_at,0.50894909,0.03831929,,,,
242964_at,0.50895169,0.105725,,,,
215759_at,0.50897028,0.05539777,,,,
215244_at,0.5090186,-0.06443712,,,,
243959_at,0.50903159,0.03940174,,,,
202756_s_at,0.50903965,0.16939016,,,,
230414_s_at,0.50906701,-0.03540485,,,,
221449_s_at,0.50910945,-0.07735332,,,,
242791_at,0.5091473,0.03510499,,,,
211505_s_at,0.50918506,0.08903417,,,,
1563102_at,0.50918565,-0.04023211,,,,
232360_at,0.50925615,0.20730993,,,,
64371_at,0.50925685,0.0839389,,,,
232344_at,0.50925987,0.12580089,,,,
217542_at,0.50927246,0.15800363,,,,
241132_at,0.50930513,-0.0421079,,,,
218875_s_at,0.50931527,0.1578225,,,,
1552503_at,0.50938415,0.04404982,,,,
237520_x_at,0.50938557,0.02752071,,,,
235190_at,0.50939829,0.14926466,,,,
229600_s_at,0.50939917,-0.05545266,,,,
220764_at,0.5094266,0.06781521,,,,
207963_at,0.50944621,0.07587984,,,,
235573_at,0.50947567,0.17330952,,,,
1562482_at,0.50948775,-0.03749705,,,,
207373_at,0.50950731,-0.17501587,,,,
202442_at,0.50954216,0.09278531,,,,
218405_at,0.50961517,0.08510512,,,,
1557091_at,0.50962341,-0.05629889,,,,
222751_at,0.50963943,0.07163268,,,,
207735_at,0.50964885,0.13422587,,,,
243300_at,0.50965325,0.03877087,,,,
219360_s_at,0.50967433,-0.19524137,,,,
217822_at,0.50968394,-0.07583247,,,,
241924_at,0.50970853,0.09764419,,,,
223195_s_at,0.50971613,-0.09454131,,,,
217042_at,0.5097244,0.03780043,,,,
201179_s_at,0.50973368,0.07819217,,,,
223993_s_at,0.50977329,0.11263329,,,,
242190_at,0.50987596,0.04570405,,,,
221219_s_at,0.50989629,-0.10340644,,,,
215462_at,0.50990094,-0.05321523,,,,
210064_s_at,0.50994347,-0.23522903,,,,
243907_at,0.51000516,0.18591288,,,,
1569611_a_at,0.51004887,-0.03843449,,,,
240432_x_at,0.51011883,-0.13649305,,,,
211800_s_at,0.51012735,-0.06739719,,,,
239246_at,0.5101306,-0.22437653,,,,
210711_at,0.51013853,0.05378686,,,,
223062_s_at,0.51014166,0.30530648,,,,
208345_s_at,0.5101597,-0.09836649,,,,
217168_s_at,0.51021557,-0.08521747,,,,
243065_at,0.51022839,-0.13367754,,,,
1558605_at,0.5102789,0.18360733,,,,
203610_s_at,0.51029116,-0.1235219,,,,
243258_at,0.51031231,-0.05235696,,,,
229388_at,0.51033193,0.11239448,,,,
1565618_at,0.51035736,0.04998005,,,,
1552860_at,0.51037176,-0.03124656,,,,
244616_x_at,0.51038309,-0.0647402,,,,
218160_at,0.51039382,0.08128443,,,,
1566277_at,0.51040651,-0.03681287,,,,
208104_s_at,0.51041023,0.07394874,,,,
215800_at,0.51042208,0.10099511,,,,
228416_at,0.51043852,0.14046569,,,,
211404_s_at,0.5104791,-0.14518608,,,,
208333_at,0.51050654,-0.04386872,,,,
213175_s_at,0.51051598,-0.13450908,,,,
242709_s_at,0.51052825,0.0345637,,,,
224462_s_at,0.51053981,0.09326979,,,,
219640_at,0.51058233,-0.10577848,,,,
209389_x_at,0.51059194,0.11811966,,,,
213341_at,0.51060985,0.11197574,,,,
216896_at,0.51061411,-0.0334699,,,,
239640_at,0.51066622,-0.04310995,,,,
1559622_at,0.51066701,-0.03347601,,,,
212048_s_at,0.51068647,-0.09660564,,,,
226875_at,0.51068956,-0.20235704,,,,
213963_s_at,0.51073098,-0.13314993,,,,
238111_at,0.51073104,-0.0436886,,,,
207190_at,0.51074913,-0.05556026,,,,
220528_at,0.51075913,0.17727057,,,,
231615_at,0.51078674,-0.04462228,,,,
241606_s_at,0.51078755,0.07710435,,,,
1569756_at,0.51080375,0.0324379,,,,
1558756_at,0.51081183,-0.04184464,,,,
1560176_s_at,0.51082575,-0.03669237,,,,
222320_at,0.51088782,0.07446158,,,,
235385_at,0.51088978,-0.2224684,,,,
91703_at,0.51093218,-0.12803439,,,,
240218_at,0.51093534,-0.03767037,,,,
215504_x_at,0.5109366,0.06565536,,,,
202486_at,0.51097237,0.10290953,,,,
233552_at,0.51097364,-0.03753956,,,,
235461_at,0.51098088,-0.13471371,,,,
202004_x_at,0.51098837,0.10853703,,,,
231955_s_at,0.5109897,0.15844107,,,,
210067_at,0.51106084,-0.1160643,,,,
1553336_a_at,0.5110789,-0.06355976,,,,
240502_at,0.51108023,0.11650903,,,,
218918_at,0.51110615,0.25119943,,,,
216638_s_at,0.51111844,0.17632972,,,,
217414_x_at,0.51112066,0.3013647,,,,
221587_s_at,0.51112736,-0.08274199,,,,
242973_at,0.51114557,-0.07638956,,,,
236568_at,0.51114959,-0.03944575,,,,
240793_at,0.51119388,-0.05294924,,,,
228131_at,0.51121029,0.1654142,,,,
233694_at,0.51127972,-0.04517479,,,,
235200_at,0.51132098,0.08713581,,,,
230386_at,0.5113404,0.07503566,,,,
232271_at,0.51134857,-0.37566173,,,,
244707_at,0.5113687,-0.05896391,,,,
202150_s_at,0.5114153,-0.14332878,,,,
224442_at,0.51143749,-0.05777467,,,,
239497_at,0.51148111,0.04748287,,,,
221511_x_at,0.51151073,0.12025208,,,,
218838_s_at,0.51151166,-0.07760793,,,,
229161_at,0.51155018,-0.0521367,,,,
227448_at,0.51161793,0.17631493,,,,
243590_at,0.51162112,0.04310237,,,,
214616_at,0.51163524,-0.06101125,,,,
209835_x_at,0.51168846,-0.2614002,,,,
229650_s_at,0.51170912,0.08783387,,,,
226412_at,0.511725,0.09869295,,,,
221418_s_at,0.51174385,-0.08419956,,,,
234801_s_at,0.51174927,-0.07599581,,,,
209286_at,0.51184011,-0.19363655,,,,
244187_at,0.51184584,-0.15840344,,,,
1561660_at,0.51186378,-0.03554987,,,,
233035_at,0.51186551,0.09495826,,,,
243755_at,0.51187829,0.24041333,,,,
217724_at,0.51189941,0.07208195,,,,
239212_at,0.51190512,0.11546112,,,,
224606_at,0.5119301,-0.14941909,,,,
219914_at,0.5119796,-0.04507971,,,,
228811_at,0.51198104,-0.09339017,,,,
203724_s_at,0.51198122,0.16025862,,,,
212132_at,0.51198673,0.08566893,,,,
211472_at,0.51200018,0.05044368,,,,
227355_at,0.51201466,0.06542638,,,,
216639_at,0.5120248,-0.03399293,,,,
226087_at,0.51203706,-0.13504638,,,,
1566232_at,0.51204139,-0.04739524,,,,
227906_s_at,0.51204347,0.04486864,,,,
209515_s_at,0.51206677,-0.16568742,,,,
215108_x_at,0.51207947,-0.50996294,,,,
213436_at,0.51208303,-0.2356959,,,,
213951_s_at,0.51211859,0.11315197,,,,
200740_s_at,0.51216124,0.07225146,,,,
241563_at,0.51217622,0.10958226,,,,
215408_at,0.51219089,-0.04358798,,,,
1569029_at,0.51225524,0.06673943,,,,
221769_at,0.51225981,0.06018376,,,,
207137_at,0.51229092,0.06171087,,,,
232276_at,0.51230024,0.11690452,,,,
1552672_a_at,0.51232585,0.06963582,,,,
201846_s_at,0.51233741,0.11794082,,,,
1555749_at,0.51234743,0.0367752,,,,
205835_s_at,0.51237231,-0.1234443,,,,
216423_at,0.51241606,0.03900752,,,,
239048_at,0.5124413,-0.05057939,,,,
220238_s_at,0.51249201,0.15843792,,,,
241821_at,0.51259848,0.03939545,,,,
238477_at,0.51268058,0.10110857,,,,
209388_at,0.51270933,0.10685958,,,,
1559091_s_at,0.51271786,-0.05580933,,,,
205057_s_at,0.51272495,0.08513058,,,,
218359_at,0.51272665,0.08380188,,,,
228871_at,0.51278358,-0.10897562,,,,
209080_x_at,0.51280276,0.09718984,,,,
203771_s_at,0.5128133,0.19447778,,,,
239262_at,0.51284259,0.26557265,,,,
222202_at,0.51286519,0.03746838,,,,
223218_s_at,0.51288139,0.20879904,,,,
223796_at,0.51291062,0.21558227,,,,
221315_s_at,0.51292856,-0.05714401,,,,
235800_at,0.51293185,0.15908241,,,,
223054_at,0.51293455,0.09841044,,,,
244205_at,0.51294589,0.03778014,,,,
232140_at,0.51295717,-0.11879788,,,,
205128_x_at,0.51296362,-0.17604268,,,,
219455_at,0.5129917,0.110575,,,,
227343_at,0.51300227,0.05974423,,,,
65884_at,0.51303364,0.08550918,,,,
207388_s_at,0.51303603,-0.13404444,,,,
206641_at,0.51305158,-0.26843558,,,,
204910_s_at,0.51305183,-0.03256083,,,,
213870_at,0.51307205,0.06083685,,,,
242758_x_at,0.51307265,0.02446983,,,,
213798_s_at,0.51307268,-0.076474,,,,
201769_at,0.51307695,-0.09266115,,,,
212410_at,0.51307861,0.11678656,,,,
213034_at,0.51308076,0.09873516,,,,
225311_at,0.51308673,0.16390369,,,,
202213_s_at,0.5131038,-0.09571221,,,,
209402_s_at,0.51311994,0.07109974,,,,
242347_at,0.51315269,-0.05371812,,,,
211301_at,0.51315637,0.04875645,,,,
1562723_at,0.51318993,-0.0433259,,,,
237374_at,0.51320311,-0.02548787,,,,
243168_at,0.51321592,0.09186836,,,,
1555636_at,0.513275,-0.03797415,,,,
235109_at,0.5132798,0.14861775,,,,
243780_at,0.51336547,-0.15233022,,,,
244459_at,0.5133949,-0.05206255,,,,
201052_s_at,0.5134013,-0.14846787,,,,
217705_at,0.51340959,-0.02698208,,,,
243286_at,0.51344238,-0.09809775,,,,
237242_at,0.51344891,0.04837077,,,,
223196_s_at,0.51347494,-0.09765809,,,,
208580_x_at,0.51348213,0.12799204,,,,
218482_at,0.51349601,0.10769031,,,,
228339_at,0.5135129,0.19954469,,,,
217359_s_at,0.51359593,-0.05793752,,,,
1555578_at,0.51361365,-0.12890541,,,,
224136_at,0.51364114,-0.03154914,,,,
243631_at,0.51367822,0.14875657,,,,
233444_at,0.51367957,-0.04086543,,,,
232629_at,0.51368564,-0.17827118,,,,
1553752_at,0.51370859,0.04291219,,,,
1561280_at,0.51373146,0.09939211,,,,
207464_at,0.51375738,-0.03846536,,,,
1565347_s_at,0.5137638,-0.10499427,,,,
1564736_a_at,0.51377514,0.06496963,,,,
226644_at,0.51379534,0.11765316,,,,
227542_at,0.51384672,0.1567867,,,,
228367_at,0.51385411,0.20327132,,,,
234737_at,0.51386909,-0.05119101,,,,
211425_x_at,0.51389382,0.14067453,,,,
1560781_at,0.51389664,-0.02848408,,,,
225270_at,0.51389914,0.16590601,,,,
203235_at,0.51390258,-0.12801324,,,,
229653_at,0.51391801,-0.12377333,,,,
240341_at,0.51396423,-0.02802472,,,,
1554488_at,0.51398177,0.07599089,,,,
221033_s_at,0.51398609,0.03352454,,,,
243036_at,0.51402513,0.16385172,,,,
1554509_a_at,0.51407945,-0.10527103,,,,
1556911_at,0.51408405,0.1086916,,,,
241305_at,0.51411195,0.0280256,,,,
222684_s_at,0.51415711,0.06069424,,,,
237414_at,0.5141677,0.05920469,,,,
203738_at,0.51417335,0.11529127,,,,
1560661_x_at,0.51417594,-0.09581748,,,,
239673_at,0.51417886,-0.162245,,,,
243753_at,0.51420914,-0.03336886,,,,
1563897_at,0.5142219,-0.04071964,,,,
37079_at,0.51422392,-0.10218786,,,,
240424_s_at,0.51422579,0.09377719,,,,
218591_s_at,0.51423015,0.05168158,,,,
1556134_a_at,0.51431837,-0.08867128,,,,
234073_at,0.51435498,-0.04130879,,,,
215398_at,0.514386,-0.04602407,,,,
221046_s_at,0.51439025,0.08856675,,,,
202025_x_at,0.5144002,0.1544983,,,,
224022_x_at,0.5144272,0.08920898,,,,
232979_at,0.51443906,-0.13387904,,,,
231528_at,0.51448208,-0.06093979,,,,
222746_s_at,0.51448831,-0.24048318,,,,
205788_s_at,0.51452303,0.08828793,,,,
1559672_a_at,0.51454424,0.11073968,,,,
224849_at,0.51454667,0.10531832,,,,
40569_at,0.5145687,-0.09347601,,,,
241641_at,0.51458328,-0.04088549,,,,
1569289_at,0.51460348,-0.03717311,,,,
203166_at,0.51460978,0.09436971,,,,
1570231_at,0.51461413,-0.03055581,,,,
231643_s_at,0.514619,-0.06655404,,,,
226819_at,0.51461964,0.08610938,,,,
205792_at,0.51465528,0.31788306,,,,
1569728_at,0.51466232,-0.04174923,,,,
231994_at,0.5146638,0.18493459,,,,
1554676_at,0.51467562,0.04229263,,,,
234421_s_at,0.5147362,-0.04419154,,,,
241925_x_at,0.51474164,0.19711911,,,,
1561459_at,0.51475298,-0.04377944,,,,
1553803_at,0.51476365,-0.05147626,,,,
232664_at,0.51477089,0.0417267,,,,
1560340_s_at,0.51477923,0.05010785,,,,
211517_s_at,0.51481835,-0.06379537,,,,
230412_at,0.51481892,0.1527691,,,,
204250_s_at,0.51484272,0.05683751,,,,
238416_x_at,0.51487785,-0.06061345,,,,
225343_at,0.51496658,0.0867031,,,,
1554398_at,0.51498381,-0.06229784,,,,
1563472_at,0.51500176,-0.03955709,,,,
204578_at,0.51505724,-0.08536199,,,,
218739_at,0.51511559,0.09343178,,,,
206867_at,0.51513165,0.19672756,,,,
224771_at,0.51517082,0.16294327,,,,
214389_at,0.51518405,0.04274538,,,,
202867_s_at,0.51519136,-0.09298526,,,,
237164_at,0.51519344,-0.03693731,,,,
207172_s_at,0.51520459,-0.22649951,,,,
235258_at,0.51524755,0.09199507,,,,
206992_s_at,0.51525092,0.08952196,,,,
242763_at,0.51525569,-0.04102319,,,,
203322_at,0.51526163,0.0887914,,,,
1560879_a_at,0.51529857,-0.07055449,,,,
207810_at,0.51531206,0.48993447,,,,
212456_at,0.51532393,0.09783772,,,,
210769_at,0.51532449,0.03721131,,,,
218046_s_at,0.51534699,0.10219292,,,,
234503_at,0.51534737,-0.0328106,,,,
1565446_at,0.51544239,-0.0269534,,,,
209706_at,0.51545435,-0.22300918,,,,
1564164_at,0.51546956,0.13517925,,,,
1552765_x_at,0.51547034,0.05598412,,,,
207139_at,0.51548691,-0.05127644,,,,
244844_at,0.51550573,-0.05369941,,,,
208007_at,0.51551641,-0.07564888,,,,
206713_at,0.51552271,-0.05383383,,,,
244630_at,0.51552494,0.07321192,,,,
233371_at,0.51553976,-0.12420789,,,,
232573_at,0.51560026,0.04448104,,,,
200918_s_at,0.51562081,-0.11751638,,,,
219907_at,0.5156802,0.07657137,,,,
1555939_at,0.51568931,-0.02552028,,,,
232586_x_at,0.51568931,0.06684781,,,,
232230_at,0.51569043,-0.10480729,,,,
1561139_at,0.51570826,0.0525866,,,,
207886_s_at,0.51572136,0.08056951,,,,
237942_at,0.51572869,0.0695864,,,,
214922_at,0.51574799,0.06203609,,,,
227853_at,0.51575562,-0.07782876,,,,
221839_s_at,0.51575643,-0.11018273,,,,
207262_at,0.51576818,0.54393219,,,,
1564351_at,0.51579209,-0.03118016,,,,
222196_at,0.51582068,0.23967334,,,,
201112_s_at,0.51586795,0.11844105,,,,
230309_at,0.51592298,0.44602202,,,,
1554309_at,0.51593005,0.06838227,,,,
227585_at,0.51593501,0.11753687,,,,
242950_x_at,0.51595266,-0.05149262,,,,
1557400_at,0.51597527,0.07964566,,,,
1559739_at,0.51597995,-0.12264891,,,,
215746_at,0.51602236,0.0350423,,,,
216938_x_at,0.51604742,-0.06854276,,,,
225147_at,0.51607005,-0.15776229,,,,
210764_s_at,0.51608359,-0.17279582,,,,
237489_at,0.51608538,-0.03328022,,,,
232514_at,0.51613495,0.04040919,,,,
207043_s_at,0.51615798,-0.05020667,,,,
1559021_at,0.51618579,-0.05255017,,,,
222710_at,0.5161978,-0.07502485,,,,
1558683_a_at,0.51620141,-0.06387647,,,,
211234_x_at,0.51620412,0.11115586,,,,
203330_s_at,0.51620918,-0.0965509,,,,
238031_at,0.51621443,-0.06834448,,,,
219257_s_at,0.51625268,0.17416541,,,,
234880_x_at,0.51629918,-0.05319167,,,,
243888_at,0.51632738,0.04928752,,,,
1555675_at,0.51634546,-0.04828471,,,,
236934_at,0.51635892,0.08731195,,,,
229006_at,0.51637804,-0.08676822,,,,
243986_at,0.51639228,0.06038325,,,,
219918_s_at,0.51639324,0.23226801,,,,
221258_s_at,0.51639527,0.1879026,,,,
1552269_at,0.51640741,0.1361687,,,,
1552933_at,0.51642852,-0.03816337,,,,
216309_x_at,0.51644147,-0.07151747,,,,
1553484_at,0.5164437,-0.03841104,,,,
212307_s_at,0.51647758,-0.15174145,,,,
212042_x_at,0.51648042,0.03966083,,,,
200706_s_at,0.51651277,-0.1402514,,,,
211150_s_at,0.51656291,-0.11340286,,,,
208455_at,0.51656605,-0.0449,,,,
202243_s_at,0.5165915,0.08536484,,,,
201418_s_at,0.5166067,0.16526149,,,,
208536_s_at,0.51661306,0.13337755,,,,
1559876_at,0.51662267,-0.04428,,,,
205775_at,0.51663076,0.10799772,,,,
217364_x_at,0.51664213,0.05500802,,,,
232432_s_at,0.51664395,0.08224578,,,,
226650_at,0.51668707,0.13156552,,,,
216609_at,0.51669184,-0.1589846,,,,
241293_x_at,0.51670226,-0.04654695,,,,
235489_at,0.51675783,0.22186772,,,,
237513_at,0.51678386,-0.04450378,,,,
215564_at,0.51680161,-0.03344531,,,,
1554637_a_at,0.51683202,-0.09212135,,,,
216370_s_at,0.51686605,-0.08480515,,,,
1553389_at,0.51688019,0.04874409,,,,
1555153_s_at,0.51688669,-0.12231896,,,,
241410_at,0.51690162,0.1234611,,,,
210427_x_at,0.51691015,0.12176667,,,,
1556773_at,0.51691849,0.27464904,,,,
225756_at,0.51696314,-0.11802947,,,,
217413_s_at,0.51697032,0.06412085,,,,
212407_at,0.516999,0.09237178,,,,
203167_at,0.51702704,-0.1744558,,,,
230003_at,0.51704342,0.25475327,,,,
224954_at,0.51707793,0.22726366,,,,
208858_s_at,0.51708445,-0.0873164,,,,
224579_at,0.51713596,0.2570201,,,,
225171_at,0.51716827,-0.17119529,,,,
227584_at,0.51718956,-0.14661135,,,,
219756_s_at,0.51719462,-0.41622923,,,,
1559748_at,0.51719891,-0.04273677,,,,
220283_at,0.51722885,0.12972406,,,,
202496_at,0.51723092,-0.06202627,,,,
1555760_a_at,0.51723124,-0.06359986,,,,
227564_at,0.51727634,0.09683205,,,,
236449_at,0.51732463,-0.16779384,,,,
201466_s_at,0.51735361,-0.16068965,,,,
238414_at,0.51736303,0.04106159,,,,
209109_s_at,0.51740427,0.21494074,,,,
208753_s_at,0.51743323,0.12807881,,,,
224857_s_at,0.5174341,-0.11204117,,,,
233944_at,0.51745662,0.11371915,,,,
237328_at,0.51746357,0.27892894,,,,
231191_at,0.51749694,-0.0405715,,,,
227146_at,0.5175023,-0.10807627,,,,
217505_at,0.51753221,0.02932508,,,,
240821_at,0.51755626,-0.03677163,,,,
244514_at,0.51755686,0.07616112,,,,
201287_s_at,0.51756156,-0.26014489,,,,
225315_at,0.51757186,0.09351311,,,,
234278_at,0.51758267,-0.05411268,,,,
209607_x_at,0.51759771,-0.17689705,,,,
244096_at,0.51761565,-0.03175183,,,,
238212_at,0.51761761,-0.06324194,,,,
232052_at,0.51762671,0.12533555,,,,
226035_at,0.51763346,-0.10326237,,,,
217751_at,0.51763982,-0.12311451,,,,
208028_s_at,0.51765835,-0.03139116,,,,
218399_s_at,0.5176788,-0.15099967,,,,
220776_at,0.5177154,0.06084917,,,,
205457_at,0.51771832,0.09488295,,,,
221813_at,0.51776057,-0.07418663,,,,
237281_at,0.51784924,0.03699336,,,,
204527_at,0.51785549,-0.22817352,,,,
233308_at,0.5178658,0.04470376,,,,
1563611_at,0.51787673,0.03318745,,,,
1562449_s_at,0.51787802,-0.04602389,,,,
225936_at,0.51794395,0.09513872,,,,
216136_at,0.51795609,0.02868639,,,,
1554721_a_at,0.51796145,-0.09548193,,,,
241665_x_at,0.51797745,-0.04190922,,,,
201851_at,0.51798572,-0.0672356,,,,
1564620_at,0.51800351,-0.0366964,,,,
208686_s_at,0.51801985,-0.06881356,,,,
236871_s_at,0.51802593,-0.02807872,,,,
228455_at,0.51809046,0.23901782,,,,
204737_s_at,0.51809778,0.29660474,,,,
213777_s_at,0.518137,-0.04283738,,,,
241773_at,0.51814821,0.05664878,,,,
206876_at,0.51816572,-0.07998506,,,,
240618_at,0.51818798,0.04318185,,,,
1555766_a_at,0.51820921,0.1027572,,,,
233667_at,0.51821,0.05111245,,,,
212352_s_at,0.51821052,-0.06682302,,,,
211400_at,0.51825165,-0.04034107,,,,
211790_s_at,0.5182762,0.04172863,,,,
240141_at,0.51828616,-0.16472411,,,,
217099_s_at,0.51828706,-0.09089872,,,,
1561122_a_at,0.51834421,-0.05659847,,,,
1562336_at,0.51836992,0.03603058,,,,
217428_s_at,0.51839156,-0.38584325,,,,
229517_at,0.5184409,-0.10014877,,,,
240682_at,0.51845208,-0.04827723,,,,
1557757_at,0.51845893,-0.03824744,,,,
237941_at,0.51848198,0.04074316,,,,
220650_s_at,0.5185818,-0.05592578,,,,
1562988_at,0.5185904,-0.05527314,,,,
1553547_at,0.51862061,-0.03877499,,,,
202149_at,0.51863035,-0.20036688,,,,
241378_at,0.51864789,0.07422043,,,,
220533_at,0.51865182,0.09096842,,,,
223387_at,0.51866909,-0.07586366,,,,
1557518_a_at,0.51867376,-0.0618276,,,,
228306_at,0.51868434,0.11375582,,,,
242235_x_at,0.518693,0.09364474,,,,
237713_at,0.51871347,-0.04928028,,,,
216051_x_at,0.51872505,0.03669914,,,,
239780_at,0.5187252,0.09066018,,,,
225085_at,0.51873135,0.08708259,,,,
213660_s_at,0.51877427,-0.06821424,,,,
218338_at,0.51877831,0.09564172,,,,
240468_at,0.51881549,-0.04597355,,,,
1559057_at,0.51882465,-0.09168245,,,,
231681_x_at,0.51882937,0.05489181,,,,
227561_at,0.51885179,0.25777627,,,,
218136_s_at,0.51886689,-0.13236045,,,,
210388_at,0.51890047,-0.04483091,,,,
1558678_s_at,0.51893291,-0.14070559,,,,
244691_at,0.5189387,0.04452543,,,,
238739_at,0.51895721,0.09072641,,,,
238430_x_at,0.51896599,0.17652161,,,,
238378_at,0.5190093,-0.15452694,,,,
212701_at,0.51907422,-0.10382346,,,,
218112_at,0.51912058,-0.07494739,,,,
201386_s_at,0.51914537,-0.08425423,,,,
216118_at,0.51914657,-0.04421964,,,,
222874_s_at,0.51915135,-0.13148176,,,,
202082_s_at,0.51915815,0.16548745,,,,
204974_at,0.51919772,-0.05627695,,,,
225312_at,0.51924268,0.09267006,,,,
241953_at,0.51924993,0.03561943,,,,
221005_s_at,0.51931647,-0.08047665,,,,
233619_at,0.51931725,-0.04545939,,,,
244819_x_at,0.51933197,0.06672593,,,,
228069_at,0.5193343,0.19397601,,,,
217950_at,0.51933563,-0.08283679,,,,
218057_x_at,0.51938527,0.08321277,,,,
204676_at,0.51944122,-0.0837979,,,,
244831_at,0.51946147,-0.03093677,,,,
213673_x_at,0.5195168,-0.06897992,,,,
238266_at,0.51953584,0.04630729,,,,
229340_at,0.51954104,0.08137246,,,,
211329_x_at,0.5195595,-0.09384686,,,,
215124_at,0.51956945,-0.05706541,,,,
240268_at,0.51967195,0.12610412,,,,
208977_x_at,0.5197074,-0.09545692,,,,
240724_at,0.51972061,0.14889206,,,,
207737_at,0.51972176,-0.02751671,,,,
210993_s_at,0.51973424,0.11022534,,,,
200937_s_at,0.51973812,-0.07040233,,,,
242493_at,0.51974354,0.0280195,,,,
217545_at,0.51975375,-0.09600646,,,,
243473_at,0.51975573,0.03663345,,,,
1569048_s_at,0.51978198,0.04056982,,,,
241398_at,0.51978951,0.11771022,,,,
233288_at,0.51979428,0.05793529,,,,
220481_at,0.51981761,0.04680575,,,,
234511_at,0.5198336,0.03583645,,,,
232854_at,0.51983833,0.04438587,,,,
220890_s_at,0.51987108,0.07932241,,,,
218434_s_at,0.51987197,0.14706725,,,,
237368_at,0.51987233,-0.0353184,,,,
234268_at,0.51988478,0.04531318,,,,
200772_x_at,0.51988552,-0.08936799,,,,
241515_at,0.51988556,-0.04647368,,,,
220771_at,0.51989807,-0.05034186,,,,
222476_at,0.51990175,-0.1001121,,,,
1557236_at,0.51992828,-0.18704935,,,,
1557434_at,0.51994458,0.04513406,,,,
230376_at,0.51996724,0.09221582,,,,
1563750_at,0.51997934,0.03434254,,,,
206593_s_at,0.51999442,0.07577527,,,,
212852_s_at,0.52001056,0.10864272,,,,
1554299_at,0.52002932,-0.0462371,,,,
227519_at,0.52003109,-0.02916001,,,,
1569926_s_at,0.52007128,-0.0446586,,,,
221711_s_at,0.52007197,0.06627637,,,,
210290_at,0.52007362,0.11296097,,,,
205036_at,0.52008811,-0.06530144,,,,
231308_at,0.52010568,0.04059129,,,,
1555163_at,0.52011073,-0.04219012,,,,
237461_at,0.5201308,0.10544579,,,,
225622_at,0.52014775,-0.19201835,,,,
234420_at,0.52015258,-0.03202707,,,,
226364_at,0.52015902,0.13094036,,,,
230016_at,0.52016131,0.13123713,,,,
211942_x_at,0.52019859,-0.05098798,,,,
1555257_a_at,0.52020406,-0.03667246,,,,
1553375_at,0.52021102,-0.06289796,,,,
1562337_at,0.52022742,-0.11596549,,,,
223441_at,0.52022749,-0.14224101,,,,
227925_at,0.52024858,0.14444669,,,,
227912_s_at,0.52025623,-0.13510284,,,,
219512_at,0.52029898,0.12601991,,,,
237983_at,0.5203002,-0.04388389,,,,
215413_at,0.52031876,0.04066723,,,,
1561281_a_at,0.5203718,0.09644809,,,,
224243_at,0.52038321,0.24914801,,,,
208813_at,0.52038673,0.20861257,,,,
216777_at,0.52040243,-0.03484427,,,,
242289_at,0.52043336,0.10174635,,,,
239353_at,0.52043944,-0.11897361,,,,
202757_at,0.52044074,-0.07707299,,,,
231798_at,0.52044285,-0.19581763,,,,
242294_at,0.52045487,0.12394619,,,,
242689_at,0.5205122,-0.04607864,,,,
239327_at,0.52053136,0.18298819,,,,
228234_at,0.52058401,-0.14116495,,,,
47069_at,0.52059443,-0.10387522,,,,
226530_at,0.52061394,-0.10921434,,,,
223307_at,0.52062102,0.16727686,,,,
236425_at,0.52062954,0.05399319,,,,
241463_at,0.52063235,-0.03672249,,,,
1569580_a_at,0.52064148,-0.0400914,,,,
214815_at,0.52064653,0.07379311,,,,
206335_at,0.52065225,0.10860357,,,,
232243_at,0.52068303,-0.04897986,,,,
1556244_s_at,0.52071545,0.08582683,,,,
217569_x_at,0.52074544,-0.04490929,,,,
236717_at,0.52076168,-0.06859744,,,,
230411_at,0.5207871,0.10345092,,,,
208820_at,0.52079863,0.11193308,,,,
233420_at,0.52080586,0.0294012,,,,
240003_at,0.52081215,-0.05000891,,,,
227630_at,0.5208258,-0.09132392,,,,
225285_at,0.52088822,-0.23109512,,,,
239582_at,0.52088854,-0.10460989,,,,
209452_s_at,0.52089172,-0.07263046,,,,
209565_at,0.52091657,-0.07992673,,,,
203721_s_at,0.52096943,0.07710758,,,,
223296_at,0.52097144,-0.18051206,,,,
1566002_at,0.52098278,0.05666205,,,,
202804_at,0.52102013,0.12652493,,,,
1566672_at,0.52104046,-0.036911,,,,
241086_at,0.52107657,-0.04849557,,,,
227997_at,0.52107948,0.27712012,,,,
243447_at,0.52108688,-0.02977288,,,,
231557_at,0.5211082,-0.05540469,,,,
202446_s_at,0.52111608,-0.14386232,,,,
243577_at,0.5211293,-0.05689325,,,,
1556435_at,0.52113758,-0.04713869,,,,
223073_at,0.52117975,-0.09143093,,,,
236441_at,0.52119044,-0.04247921,,,,
1569378_at,0.52120634,-0.0587706,,,,
230262_at,0.52120865,-0.05047321,,,,
236618_at,0.52121514,0.04493385,,,,
238883_at,0.52127327,0.15546656,,,,
225996_at,0.52128237,0.33492238,,,,
201888_s_at,0.52128525,0.14720976,,,,
1556263_s_at,0.52130931,-0.0457612,,,,
217322_x_at,0.52130952,0.06743339,,,,
1568191_at,0.52134701,-0.06000542,,,,
230683_at,0.52137706,-0.10382685,,,,
1559500_at,0.52139565,-0.03717945,,,,
1559817_at,0.52140004,-0.04018428,,,,
212053_at,0.52141205,-0.11368022,,,,
221586_s_at,0.52142503,0.19847011,,,,
1553454_at,0.52147398,0.13419017,,,,
227465_at,0.52148832,0.06522519,,,,
229139_at,0.52150452,-0.24785771,,,,
213196_at,0.52150547,-0.08179768,,,,
227527_at,0.5215251,0.08194996,,,,
236246_x_at,0.52152606,-0.05026873,,,,
243801_x_at,0.52152745,0.07931763,,,,
239292_at,0.52154029,-0.18825945,,,,
207996_s_at,0.52154085,0.20525007,,,,
220091_at,0.52156739,0.11159651,,,,
231152_at,0.52159582,0.0898524,,,,
215374_at,0.52159771,0.06232374,,,,
217515_s_at,0.52165636,0.08273219,,,,
1555855_at,0.52165897,-0.07118083,,,,
244350_at,0.52172176,-0.19321381,,,,
212785_s_at,0.52172729,0.08343452,,,,
239683_at,0.52172752,0.14863334,,,,
203346_s_at,0.52174699,0.10782988,,,,
220960_x_at,0.52175191,-0.04340885,,,,
207587_at,0.52176859,-0.03818005,,,,
203689_s_at,0.52178245,-0.09671142,,,,
223769_x_at,0.52181397,0.10753832,,,,
217058_at,0.52182588,0.09126555,,,,
237067_at,0.52183155,0.05026563,,,,
217680_x_at,0.52183359,-0.03601487,,,,
1564878_at,0.52185877,-0.03697623,,,,
224453_s_at,0.52187518,-0.17259501,,,,
1560071_a_at,0.52191701,0.11793851,,,,
242918_at,0.5219597,0.18988987,,,,
1552303_a_at,0.52196949,0.09920004,,,,
1552302_at,0.52197742,0.13113601,,,,
215207_x_at,0.52203874,-0.10198063,,,,
231505_s_at,0.52204163,-0.06388613,,,,
239520_at,0.52204895,-0.02682833,,,,
226575_at,0.52205419,0.26418653,,,,
201272_at,0.52206641,-0.16487898,,,,
225935_at,0.52206941,0.1325084,,,,
227918_s_at,0.52207001,0.12864164,,,,
206727_at,0.52207538,0.69364602,,,,
215458_s_at,0.52209374,-0.10408609,,,,
242817_at,0.52211725,0.41246341,,,,
221428_s_at,0.52214017,0.10564258,,,,
211214_s_at,0.52214937,-0.08352738,,,,
202581_at,0.52218381,0.12295359,,,,
232049_at,0.5222138,0.15446708,,,,
232083_at,0.52224003,-0.16077755,,,,
217703_x_at,0.52225433,0.06704354,,,,
214116_at,0.52229324,0.13266994,,,,
1563513_at,0.52230054,-0.05509872,,,,
242035_at,0.52232683,-0.08395291,,,,
229300_at,0.52233192,-0.11453033,,,,
235992_s_at,0.52233559,-0.06689791,,,,
238607_at,0.52236084,-0.0913096,,,,
212540_at,0.52236123,-0.09410063,,,,
243089_at,0.52237636,-0.04269554,,,,
230699_at,0.52238553,0.07460398,,,,
221621_at,0.52242655,-0.12880039,,,,
208081_s_at,0.52243644,0.06756891,,,,
218205_s_at,0.52244764,0.09436459,,,,
205896_at,0.52248606,-0.16279579,,,,
241580_at,0.52248673,0.04316541,,,,
222810_s_at,0.52250447,-0.15832489,,,,
212294_at,0.52253796,-0.12649609,,,,
213113_s_at,0.52254344,0.17034024,,,,
237832_at,0.52254628,0.04012673,,,,
221429_x_at,0.52256384,-0.05200068,,,,
1563333_at,0.52257099,-0.03203434,,,,
1562307_at,0.52257794,-0.02874309,,,,
208320_at,0.52258273,0.06384343,,,,
232099_at,0.52259075,0.23626704,,,,
228995_at,0.52260182,0.0418098,,,,
220135_s_at,0.52260444,0.23282485,,,,
241941_at,0.52261191,-0.05218182,,,,
1554293_at,0.52263014,0.04424255,,,,
200849_s_at,0.52275864,0.08497197,,,,
233118_at,0.52277807,-0.03100447,,,,
230214_at,0.52281119,-0.17152462,,,,
211143_x_at,0.52281649,-0.06059349,,,,
1569923_s_at,0.52282668,-0.1474761,,,,
217591_at,0.52283478,-0.12857643,,,,
234507_at,0.52284455,-0.03071483,,,,
225362_at,0.52292406,-0.13685746,,,,
236940_at,0.52296273,-0.0686938,,,,
201447_at,0.522965,0.11896441,,,,
226915_s_at,0.52297835,0.09526189,,,,
210324_at,0.52300974,0.43072183,,,,
238975_at,0.52302654,-0.0778079,,,,
208012_x_at,0.52306267,-0.11164447,,,,
242261_at,0.52306452,0.06515143,,,,
244606_at,0.52306494,-0.03791278,,,,
1554668_a_at,0.52307531,0.14331699,,,,
227072_at,0.52308152,0.17399326,,,,
1555882_at,0.52308297,0.1630341,,,,
1558834_s_at,0.52311649,-0.12764487,,,,
236362_at,0.52312225,0.05784952,,,,
236095_at,0.5231399,0.09345044,,,,
32502_at,0.52321445,-0.08167511,,,,
230506_at,0.52322755,0.0445128,,,,
208547_at,0.52327352,0.04628435,,,,
243465_at,0.52329136,-0.10079857,,,,
223991_s_at,0.52330692,-0.13618108,,,,
236393_at,0.52335285,-0.03994716,,,,
205426_s_at,0.52335525,-0.05832534,,,,
222844_s_at,0.52347098,0.14511711,,,,
206634_at,0.52348084,0.19504703,,,,
238082_at,0.52349812,0.04758147,,,,
205203_at,0.52350553,0.12670193,,,,
1569283_at,0.52351728,0.11104201,,,,
1566548_at,0.52352042,-0.0433417,,,,
1563620_at,0.52352523,0.03111091,,,,
215810_x_at,0.52352681,-0.04010102,,,,
206424_at,0.52355158,0.24438129,,,,
215711_s_at,0.52355445,-0.17341849,,,,
213259_s_at,0.52358512,-0.08429268,,,,
201837_s_at,0.52358932,0.07785429,,,,
238320_at,0.52360559,-0.06420254,,,,
213661_at,0.52364092,0.21405617,,,,
241858_at,0.52364664,0.14268487,,,,
235401_s_at,0.52369269,0.15788119,,,,
241389_at,0.52369853,0.06932453,,,,
1569969_a_at,0.52371611,-0.03680089,,,,
237738_at,0.52372457,-0.02641099,,,,
228489_at,0.52373424,0.16176971,,,,
218159_at,0.5237499,0.0884443,,,,
211971_s_at,0.52375429,0.08762054,,,,
221462_x_at,0.52375834,-0.08428885,,,,
212083_at,0.52377522,0.06787891,,,,
236193_at,0.52377699,0.23328436,,,,
1568675_at,0.52383142,-0.03728617,,,,
209199_s_at,0.52387722,-0.17502507,,,,
221220_s_at,0.5238808,-0.18467328,,,,
91580_at,0.52389034,-0.02893474,,,,
1557029_at,0.52390645,-0.09548913,,,,
225616_at,0.5239075,0.16983729,,,,
214940_s_at,0.52391513,0.06816481,,,,
230901_x_at,0.52393183,-0.05354566,,,,
1557657_a_at,0.52394698,-0.04129567,,,,
241370_at,0.52395725,0.16667029,,,,
1566599_at,0.52396521,-0.03759616,,,,
1563671_at,0.52401364,-0.02607403,,,,
237145_at,0.5240421,-0.10062839,,,,
208215_x_at,0.52405483,-0.06021783,,,,
1569954_at,0.52409086,-0.03181566,,,,
204546_at,0.52410964,-0.10978189,,,,
238632_at,0.52412527,-0.34789944,,,,
1553979_at,0.52415502,0.11450539,,,,
231272_at,0.52416262,-0.06590111,,,,
209398_at,0.52417445,0.24835554,,,,
206961_s_at,0.52420583,-0.07829779,,,,
213246_at,0.52421227,-0.11243904,,,,
204657_s_at,0.52421943,0.1275803,,,,
1563062_at,0.52422859,-0.06519481,,,,
222310_at,0.52424606,0.13476584,,,,
207658_s_at,0.52431586,-0.06514418,,,,
229199_at,0.52433669,0.08682382,,,,
217658_at,0.52433814,0.05483977,,,,
227962_at,0.52434799,0.15749918,,,,
210770_s_at,0.52436027,-0.13504421,,,,
216044_x_at,0.52437505,0.17935212,,,,
217644_s_at,0.5243783,0.10980607,,,,
1564897_at,0.52439699,-0.04911131,,,,
211453_s_at,0.52447124,-0.10616757,,,,
230602_at,0.52447726,0.45559382,,,,
235891_at,0.52453722,0.18573959,,,,
1553708_at,0.52458703,-0.19549788,,,,
239317_at,0.52458792,-0.0392162,,,,
208921_s_at,0.5245965,-0.10977439,,,,
242736_at,0.52460355,0.10871368,,,,
208783_s_at,0.5246693,-0.13867695,,,,
213727_x_at,0.5246798,0.08596399,,,,
230913_at,0.5247152,-0.1759343,,,,
243951_at,0.52473591,0.21783215,,,,
1555974_a_at,0.52474235,0.12594885,,,,
1556325_at,0.52476589,0.19725069,,,,
1558118_at,0.52477671,0.05714813,,,,
231732_at,0.52479679,-0.09755531,,,,
1563112_at,0.52480724,-0.03426801,,,,
244791_at,0.52482363,0.05196613,,,,
1557399_at,0.52485184,0.04709485,,,,
215396_at,0.52485799,-0.03396553,,,,
238272_at,0.52487824,-0.02618279,,,,
230652_at,0.52487925,0.126021,,,,
216198_at,0.52489245,-0.03638547,,,,
227430_at,0.52490877,-0.08100084,,,,
235103_at,0.52498323,0.15618683,,,,
224231_at,0.52499629,-0.02675692,,,,
236959_s_at,0.52499645,-0.07612623,,,,
205286_at,0.52500315,0.33914306,,,,
208966_x_at,0.52501795,0.18913333,,,,
214144_at,0.52511436,0.10625128,,,,
223489_x_at,0.52515324,-0.09933335,,,,
242090_x_at,0.52516123,0.02668049,,,,
1568840_at,0.52516184,0.02865391,,,,
223378_at,0.52524963,0.22535656,,,,
219147_s_at,0.52531379,0.14401233,,,,
237866_at,0.52531742,0.02804599,,,,
229809_at,0.52533292,0.08341237,,,,
201945_at,0.52533294,-0.11898543,,,,
244151_at,0.52533736,0.19701643,,,,
232521_at,0.52536781,-0.06074031,,,,
228433_at,0.52539328,0.17568013,,,,
237710_at,0.52540536,-0.05868359,,,,
239938_x_at,0.5254401,0.03356975,,,,
202103_at,0.52546838,0.08687,,,,
231548_at,0.52547517,-0.09057092,,,,
229829_at,0.52547892,0.14262608,,,,
209645_s_at,0.52550305,-0.18412991,,,,
230857_s_at,0.52551521,0.07279529,,,,
227001_at,0.52554418,0.1883705,,,,
230247_at,0.52554461,0.05280147,,,,
240219_at,0.52558223,0.04182898,,,,
1555611_s_at,0.5255878,-0.09569907,,,,
214865_at,0.52560791,-0.04032111,,,,
226631_at,0.52561868,0.10486667,,,,
223762_at,0.52564042,0.17859697,,,,
209641_s_at,0.52565625,-0.22530213,,,,
237253_at,0.52569752,-0.02934906,,,,
234080_at,0.52569827,-0.03093301,,,,
212284_x_at,0.52570445,0.02635191,,,,
237719_x_at,0.52570783,0.11338506,,,,
236464_at,0.52572459,-0.04399514,,,,
205934_at,0.52572607,0.23668655,,,,
206250_x_at,0.52575335,-0.05017782,,,,
216350_s_at,0.52575421,0.10061351,,,,
205542_at,0.52577226,0.23381649,,,,
244208_at,0.52582414,-0.04400137,,,,
229024_at,0.52583703,0.23315108,,,,
1552572_a_at,0.52592509,0.12155178,,,,
1566098_at,0.52593828,-0.04128524,,,,
207218_at,0.52593856,0.67818259,,,,
1554513_s_at,0.52596356,0.14883498,,,,
242857_at,0.52604142,-0.06790233,,,,
205037_at,0.52608944,0.10282444,,,,
212682_s_at,0.52609603,-0.06709046,,,,
206414_s_at,0.52612704,-0.14949078,,,,
217912_at,0.5261279,-0.11585511,,,,
215971_at,0.52618235,-0.04097661,,,,
231857_s_at,0.52620079,-0.12512179,,,,
222513_s_at,0.52622718,0.19783943,,,,
207482_at,0.52623847,-0.05333346,,,,
202084_s_at,0.52623888,-0.11963547,,,,
217144_at,0.52625306,0.15993451,,,,
223391_at,0.52627159,-0.15000272,,,,
217606_at,0.52629464,0.05687282,,,,
1560469_at,0.52633649,-0.10057767,,,,
225849_s_at,0.52635086,-0.10372312,,,,
225438_at,0.52635453,0.13316322,,,,
229922_at,0.52637428,-0.03890993,,,,
1553325_at,0.52637814,-0.03749187,,,,
206343_s_at,0.52638685,0.20597577,,,,
1553059_at,0.52641489,-0.06621542,,,,
206678_at,0.52642564,-0.03571478,,,,
214319_at,0.52645562,0.18813723,,,,
234326_at,0.52645695,-0.06377375,,,,
221809_at,0.52646757,-0.06938547,,,,
214269_at,0.52647131,-0.13029268,,,,
242332_at,0.52648967,-0.05149018,,,,
214600_at,0.52651968,0.11644823,,,,
243916_x_at,0.52652073,0.10822823,,,,
202899_s_at,0.5265345,-0.09732219,,,,
1861_at,0.52657027,0.10043509,,,,
213117_at,0.52658601,-0.12123261,,,,
232720_at,0.52658754,-0.10518281,,,,
232508_at,0.52659481,-0.0464084,,,,
211105_s_at,0.52660328,0.16020516,,,,
225643_at,0.52660628,0.07027455,,,,
1560980_a_at,0.52663701,0.02399652,,,,
235384_at,0.52663843,0.09845277,,,,
200864_s_at,0.52665223,0.10269056,,,,
1559054_a_at,0.52665397,-0.09707506,,,,
244025_at,0.52665432,-0.10291265,,,,
214974_x_at,0.52672507,-0.50786367,,,,
237769_at,0.52672991,-0.03752989,,,,
1565935_at,0.52676648,-0.0505467,,,,
212125_at,0.52679367,-0.12151682,,,,
1568745_at,0.52680922,0.04232283,,,,
239123_at,0.52682094,-0.07211408,,,,
1556425_a_at,0.52682169,-0.11670333,,,,
206008_at,0.52686194,0.19676816,,,,
240397_x_at,0.52686471,-0.17155115,,,,
236832_at,0.52688943,0.08995655,,,,
1557436_at,0.52689125,-0.04505559,,,,
200953_s_at,0.52691411,-0.26146268,,,,
230335_at,0.52691519,0.04403072,,,,
208022_s_at,0.52691672,-0.11435277,,,,
1561979_at,0.52694252,0.03948418,,,,
244519_at,0.52694266,0.13011085,,,,
217651_at,0.52696258,0.09386966,,,,
238328_at,0.52701589,-0.05961682,,,,
212538_at,0.5270187,-0.12635276,,,,
223229_at,0.52713224,0.18866437,,,,
224898_at,0.52714058,-0.09345189,,,,
209581_at,0.52718095,-0.25485971,,,,
209027_s_at,0.52720567,-0.11524434,,,,
229328_at,0.52722915,0.07634569,,,,
242723_at,0.52725644,-0.07636102,,,,
231827_at,0.52727977,0.06427068,,,,
205175_s_at,0.52728336,0.17693037,,,,
212143_s_at,0.527304,-0.21027347,,,,
209857_s_at,0.52730763,-0.05802242,,,,
1565810_at,0.52731777,0.02773943,,,,
244647_at,0.52732264,-0.10410882,,,,
219621_at,0.5273436,-0.04100803,,,,
224383_at,0.52734744,-0.02544469,,,,
1557507_at,0.52736921,0.099975,,,,
1569683_at,0.52737008,-0.06728403,,,,
1569406_at,0.527378,0.02795579,,,,
208800_at,0.52738953,0.06721271,,,,
219188_s_at,0.52739041,-0.17624601,,,,
226942_at,0.52744144,0.10608815,,,,
238649_at,0.52744151,0.14765639,,,,
224415_s_at,0.52744809,0.10522078,,,,
220141_at,0.52746276,0.15024147,,,,
237095_at,0.52747778,-0.04711114,,,,
242212_at,0.52748765,-0.03834602,,,,
243923_at,0.52751196,-0.03004318,,,,
214808_at,0.52756578,-0.0870281,,,,
243058_at,0.52758203,-0.08328192,,,,
204435_at,0.52762606,-0.15418737,,,,
225874_at,0.52768766,-0.07047044,,,,
205324_s_at,0.52768845,-0.09695236,,,,
219647_at,0.52769918,0.07636951,,,,
235350_at,0.5277126,0.27283085,,,,
214163_at,0.52772438,0.0993261,,,,
209752_at,0.52775369,-0.428373,,,,
1570189_at,0.52776861,-0.03569606,,,,
219168_s_at,0.52783291,-0.10292203,,,,
1563708_at,0.52786086,-0.03477065,,,,
216793_x_at,0.52789582,-0.03207151,,,,
228135_at,0.52790141,0.10478539,,,,
212248_at,0.52791741,-0.08514857,,,,
1569065_s_at,0.52792193,-0.05350441,,,,
202568_s_at,0.52793803,-0.10742435,,,,
205671_s_at,0.52800783,-0.12791782,,,,
223794_at,0.52801044,-0.04838411,,,,
212619_at,0.52803399,0.10070498,,,,
213293_s_at,0.52804781,-0.19829261,,,,
207248_at,0.52806051,0.03874266,,,,
215933_s_at,0.52808692,0.26336036,,,,
208430_s_at,0.52816302,0.08587984,,,,
239409_at,0.52819222,-0.12600625,,,,
236149_at,0.52824627,-0.10740315,,,,
237409_at,0.52825033,0.04882847,,,,
206182_at,0.52831244,-0.11375394,,,,
244557_at,0.52831592,0.03761654,,,,
213808_at,0.52833819,-0.23178857,,,,
213199_at,0.52835926,0.08757383,,,,
232038_at,0.5283873,0.16952605,,,,
201842_s_at,0.52846996,-0.30146292,,,,
241704_x_at,0.52847756,0.08489239,,,,
1552568_at,0.52847759,0.27177104,,,,
215517_at,0.52848522,-0.0807251,,,,
237778_at,0.52850657,-0.10453173,,,,
223646_s_at,0.52851777,0.2145513,,,,
210206_s_at,0.52859408,0.11107413,,,,
1556753_s_at,0.52860989,-0.04662415,,,,
237666_at,0.52861159,-0.0362537,,,,
218422_s_at,0.52861539,0.08460051,,,,
238374_at,0.52861712,-0.04728256,,,,
226855_at,0.52864533,-0.07860329,,,,
216349_at,0.52878515,0.07086834,,,,
216680_s_at,0.52879696,0.08024709,,,,
238389_s_at,0.52880767,0.16041785,,,,
206879_s_at,0.52882271,0.11748156,,,,
231556_at,0.52882426,-0.04171923,,,,
207877_s_at,0.52882639,0.11067981,,,,
206954_at,0.52883512,-0.11231816,,,,
1566844_at,0.52889861,-0.03524749,,,,
204093_at,0.52891113,-0.09667387,,,,
222161_at,0.52892059,0.10646792,,,,
228240_at,0.52893961,-0.11255811,,,,
222285_at,0.52895533,-0.04240115,,,,
239913_at,0.52896742,-0.13101276,,,,
238236_at,0.52896848,-0.03389609,,,,
227975_at,0.52902867,0.06875993,,,,
214278_s_at,0.529029,0.0738801,,,,
231655_x_at,0.52903051,0.02995421,,,,
243785_at,0.52905112,0.10787829,,,,
AFFX-TrpnX-5_at,0.52907378,-0.02225371,,,,
230575_at,0.52919566,0.08343769,,,,
217970_s_at,0.52920269,-0.09436394,,,,
204880_at,0.529216,0.13411642,,,,
232292_at,0.52921657,-0.04677736,,,,
1560929_at,0.52922887,-0.02986731,,,,
224663_s_at,0.52925255,0.2108032,,,,
240905_at,0.52926684,-0.03308324,,,,
224551_s_at,0.52930248,-0.03567086,,,,
1556221_a_at,0.52933099,-0.1570284,,,,
213557_at,0.52938064,0.08451203,,,,
1557735_at,0.52938416,0.02531928,,,,
216444_at,0.52939452,-0.0375254,,,,
238449_at,0.5294014,-0.08852604,,,,
224112_at,0.52940581,-0.0305603,,,,
1556757_a_at,0.52941207,0.02802334,,,,
202429_s_at,0.52941639,-0.14710703,,,,
238797_at,0.52942431,0.10056495,,,,
202533_s_at,0.52949128,0.15478122,,,,
213100_at,0.5295086,-0.09266508,,,,
203211_s_at,0.52952574,0.12229555,,,,
213909_at,0.52953545,-0.2604639,,,,
231018_at,0.52955069,0.1679979,,,,
1566737_at,0.52955736,-0.03914298,,,,
202687_s_at,0.52959891,0.22804074,,,,
217750_s_at,0.52960253,0.07299643,,,,
215605_at,0.52960363,0.06837942,,,,
1559291_at,0.52960497,-0.05665031,,,,
221592_at,0.52961931,-0.07188137,,,,
1553221_at,0.52967201,-0.1068634,,,,
205339_at,0.52969325,0.16089593,,,,
1566948_at,0.52974558,-0.03704685,,,,
1561713_at,0.52975344,-0.03480424,,,,
239996_x_at,0.52975513,-0.06922797,,,,
218934_s_at,0.52976975,-0.17724188,,,,
220629_at,0.52977932,-0.04708263,,,,
237130_at,0.52978794,0.06319783,,,,
202963_at,0.52979932,0.13478742,,,,
233867_at,0.52982035,-0.13963824,,,,
211402_x_at,0.52985992,-0.05284976,,,,
244384_at,0.52986959,-0.06981997,,,,
237006_at,0.52994292,-0.13546875,,,,
217727_x_at,0.52996144,-0.07067674,,,,
201122_x_at,0.52998547,-0.10040569,,,,
233263_at,0.52998979,-0.04730123,,,,
215600_x_at,0.53000163,0.09025222,,,,
209959_at,0.53007189,-0.16347844,,,,
1558337_at,0.53008973,-0.03645664,,,,
234129_at,0.53009356,-0.04696334,,,,
204070_at,0.53012183,-0.28015203,,,,
242191_at,0.53012193,-0.12902896,,,,
211536_x_at,0.53012646,-0.10199419,,,,
228842_at,0.53014859,-0.072041,,,,
236467_at,0.5301635,0.07130134,,,,
1556667_at,0.53016792,0.16687434,,,,
242564_at,0.53020087,-0.06369974,,,,
1554696_s_at,0.53024965,-0.23284709,,,,
219507_at,0.53026778,0.12773643,,,,
1557897_at,0.53027887,-0.06190857,,,,
1555527_at,0.53028442,0.03317703,,,,
239071_at,0.53033057,0.09871008,,,,
204243_at,0.53033408,0.09080168,,,,
238755_at,0.5303397,0.31817361,,,,
209772_s_at,0.5303518,-0.39798628,,,,
1556318_s_at,0.53038306,0.08524932,,,,
205183_at,0.5303992,-0.04753161,,,,
244689_at,0.53046202,0.15434399,,,,
207896_s_at,0.53047349,-0.04989294,,,,
1568706_s_at,0.53049043,-0.07041464,,,,
236910_at,0.53052675,-0.04386177,,,,
219743_at,0.53054047,0.21413204,,,,
206006_s_at,0.53054188,0.10085945,,,,
212355_at,0.5305653,-0.09158262,,,,
218806_s_at,0.53060797,-0.31788187,,,,
226983_at,0.53061275,-0.08888937,,,,
242249_at,0.530617,0.03200916,,,,
226914_at,0.53062125,0.11901706,,,,
201028_s_at,0.53064095,-0.19079294,,,,
237400_at,0.53070198,-0.13343277,,,,
226453_at,0.53079005,0.10680504,,,,
1556099_at,0.53079294,0.02623887,,,,
1557856_at,0.53082398,0.02702803,,,,
233493_at,0.53082485,-0.05829143,,,,
223960_s_at,0.53085513,0.13124345,,,,
220441_at,0.53085948,0.25700773,,,,
240306_at,0.53093014,0.06589686,,,,
215213_at,0.5309605,-0.03388793,,,,
207487_at,0.53098249,0.0328244,,,,
212802_s_at,0.53100624,-0.06627794,,,,
227028_s_at,0.53100632,-0.05483366,,,,
238474_at,0.53102399,-0.13077432,,,,
220589_s_at,0.53102964,-0.08699546,,,,
1553630_at,0.53106121,-0.07328767,,,,
1556096_s_at,0.5310849,0.0618242,,,,
1569383_s_at,0.53108753,-0.05552645,,,,
1568743_at,0.53110629,-0.04661369,,,,
232613_at,0.53112403,-0.05373549,,,,
243080_at,0.53113588,-0.02660223,,,,
229176_at,0.53115065,0.12386014,,,,
203937_s_at,0.53115278,-0.05055581,,,,
229762_at,0.53116563,0.1221649,,,,
1563040_s_at,0.53119715,0.02232854,,,,
206726_at,0.53119869,-0.2403453,,,,
201565_s_at,0.53121516,0.1553701,,,,
200024_at,0.53123812,-0.05984025,,,,
205719_s_at,0.53124342,0.64815673,,,,
234128_at,0.53126605,-0.03891077,,,,
214957_at,0.53127892,0.10262722,,,,
212008_at,0.53129263,-0.10401014,,,,
89977_at,0.53129317,0.38037235,,,,
217221_x_at,0.53129611,-0.0742706,,,,
1561739_at,0.53129946,-0.06041442,,,,
243410_at,0.53133978,0.08770137,,,,
223282_at,0.53134476,-0.12662743,,,,
219848_s_at,0.53136595,0.12310348,,,,
220301_at,0.53138494,-0.1606573,,,,
219715_s_at,0.53139078,0.11931088,,,,
1552584_at,0.53140262,-0.13353191,,,,
203381_s_at,0.53146986,0.27389452,,,,
1555375_at,0.53148809,0.02064335,,,,
235485_at,0.53155897,-0.04743138,,,,
231254_at,0.5316331,0.08982489,,,,
240427_at,0.53164881,-0.03502153,,,,
237469_at,0.53166206,0.057317,,,,
1558354_s_at,0.53166208,-0.05074327,,,,
200704_at,0.53168817,-0.11908974,,,,
240895_at,0.53176656,0.03778574,,,,
1565699_at,0.5317775,-0.031344,,,,
213566_at,0.53185705,-0.16872807,,,,
209935_at,0.53186121,-0.11278495,,,,
234660_s_at,0.53187734,0.10787221,,,,
226806_s_at,0.53189176,0.19500994,,,,
215957_at,0.53191223,0.02586061,,,,
1556069_s_at,0.53192288,-0.11456753,,,,
207492_at,0.53192471,0.07251873,,,,
213737_x_at,0.5319302,0.16513717,,,,
211062_s_at,0.53193307,-0.13120354,,,,
1552573_s_at,0.53193616,0.11587143,,,,
236226_at,0.53195595,-0.09844773,,,,
1558233_s_at,0.53197968,0.09602538,,,,
231520_at,0.53199907,0.04506222,,,,
215899_at,0.53200015,-0.04124107,,,,
216047_x_at,0.53200797,-0.04317917,,,,
230301_at,0.53205854,0.1647189,,,,
221939_at,0.53206664,0.0618216,,,,
220186_s_at,0.53207731,-0.18256528,,,,
221767_x_at,0.53207942,0.07131814,,,,
243950_at,0.53208224,0.03600432,,,,
219912_s_at,0.53208745,-0.03186772,,,,
242103_at,0.53209318,-0.10165897,,,,
1561228_at,0.53211214,-0.03922286,,,,
242489_at,0.53220437,0.04639033,,,,
1553183_at,0.53221141,0.08316312,,,,
220213_at,0.5322263,0.12893435,,,,
213790_at,0.53223758,0.32926998,,,,
1560909_x_at,0.53225879,-0.0328088,,,,
205407_at,0.53227406,0.22579301,,,,
205634_x_at,0.5322773,0.09483105,,,,
213444_at,0.53230195,-0.07453854,,,,
217423_at,0.53232508,0.07706637,,,,
227958_s_at,0.5323393,0.12456464,,,,
224865_at,0.53234219,-0.14572471,,,,
214716_at,0.53235157,-0.10509879,,,,
224886_at,0.53238543,-0.06307915,,,,
209006_s_at,0.53239115,-0.18552772,,,,
227783_at,0.53240067,-0.10517912,,,,
1552882_a_at,0.53243827,-0.05954379,,,,
205790_at,0.53245752,-0.19997239,,,,
208408_at,0.53248007,-0.03827764,,,,
204998_s_at,0.53251562,0.27205094,,,,
231431_s_at,0.53252135,-0.07226568,,,,
219318_x_at,0.53252606,-0.05466742,,,,
207862_at,0.53257231,-0.04292963,,,,
237607_at,0.53258379,0.05355284,,,,
205802_at,0.5326547,0.2406277,,,,
215161_at,0.53270144,-0.05771513,,,,
239023_at,0.53271438,-0.04233028,,,,
217280_x_at,0.53272104,0.03995283,,,,
236143_at,0.5327449,-0.05720043,,,,
233709_at,0.5327485,0.03617327,,,,
1557849_at,0.53275162,-0.02141459,,,,
243050_at,0.53280048,-0.05102916,,,,
211352_s_at,0.53280119,0.12416151,,,,
209568_s_at,0.53281906,0.18041423,,,,
216194_s_at,0.53286875,0.10342379,,,,
236833_at,0.53288542,-0.04536592,,,,
242401_x_at,0.53289735,0.03441557,,,,
1562295_at,0.5329109,-0.03953941,,,,
209573_s_at,0.53293127,-0.08612546,,,,
230555_s_at,0.53293214,-0.08646724,,,,
222799_at,0.53294774,0.14628321,,,,
240029_at,0.53295833,-0.04729475,,,,
235963_at,0.5329715,-0.03511565,,,,
219964_at,0.53297387,-0.05947831,,,,
239934_x_at,0.53305721,-0.16849924,,,,
204730_at,0.53306068,-0.1583863,,,,
237160_at,0.53307065,-0.06126823,,,,
208471_at,0.53310555,0.54968843,,,,
202553_s_at,0.53311457,0.05939637,,,,
214132_at,0.53311768,0.14769174,,,,
222642_s_at,0.53314919,-0.11088524,,,,
206730_at,0.53323667,0.05694096,,,,
1559025_at,0.53324232,-0.0605361,,,,
219492_at,0.53326271,0.07489841,,,,
1562348_at,0.53332101,0.03963524,,,,
213691_at,0.53334707,-0.03823573,,,,
212580_at,0.53335258,-0.14410751,,,,
202430_s_at,0.53335847,-0.14796119,,,,
225606_at,0.53339911,0.10157686,,,,
236423_at,0.53343724,-0.12468297,,,,
225149_at,0.5334442,-0.09362183,,,,
234464_s_at,0.53344522,-0.15321825,,,,
217984_at,0.53350954,-0.13383277,,,,
241803_s_at,0.53351411,-0.2143301,,,,
216441_at,0.53354076,-0.02526063,,,,
243097_x_at,0.5335557,-0.03908475,,,,
235643_at,0.53359233,-0.1634436,,,,
215148_s_at,0.53360052,0.06982135,,,,
215873_x_at,0.53362973,-0.08817409,,,,
222366_at,0.53365826,-0.1411542,,,,
243333_at,0.53366437,-0.03480238,,,,
210824_at,0.53366782,-0.10739772,,,,
233575_s_at,0.53370683,-0.08777844,,,,
232881_at,0.53371198,0.07693631,,,,
207717_s_at,0.53373722,0.29286061,,,,
1556938_a_at,0.53374898,-0.1194893,,,,
217398_x_at,0.53380213,-0.08357303,,,,
201896_s_at,0.53382996,0.15355083,,,,
1558109_x_at,0.5338335,-0.05802876,,,,
200877_at,0.53387065,0.07852834,,,,
219157_at,0.53387208,-0.11855423,,,,
213928_s_at,0.53388243,-0.07587991,,,,
219321_at,0.53393922,-0.10232049,,,,
228866_at,0.53395372,0.06716421,,,,
1562832_at,0.5340141,-0.03625911,,,,
1561718_at,0.53401418,-0.03494332,,,,
214072_x_at,0.53401482,0.05391387,,,,
210223_s_at,0.53402932,-0.13614387,,,,
239178_at,0.53404391,0.14100471,,,,
232394_at,0.5340679,-0.04860955,,,,
240248_at,0.53408759,-0.05418823,,,,
216068_at,0.53409937,-0.03007515,,,,
219810_at,0.53410153,-0.06252964,,,,
1553132_a_at,0.53410983,0.27950465,,,,
217506_at,0.53416937,0.1548029,,,,
210298_x_at,0.53417852,-0.2472506,,,,
206831_s_at,0.53418734,-0.12590598,,,,
209775_x_at,0.53419674,0.05697789,,,,
220971_at,0.53421759,0.04080916,,,,
204380_s_at,0.53427198,0.1642355,,,,
220729_at,0.53431237,0.07083607,,,,
225154_at,0.53432512,-0.1039054,,,,
1564718_at,0.53434168,-0.02445391,,,,
1554615_at,0.53435848,-0.03154125,,,,
229147_at,0.53436409,-0.35327467,,,,
206596_s_at,0.53437193,0.05918536,,,,
202600_s_at,0.53437322,-0.1761727,,,,
229212_at,0.53437337,0.08132937,,,,
203545_at,0.53437719,0.12348705,,,,
236745_at,0.53438228,-0.07043458,,,,
1561633_at,0.53438645,0.03896656,,,,
225981_at,0.53440328,0.11422201,,,,
232186_at,0.5344751,-0.101525,,,,
236204_at,0.53448286,0.10837563,,,,
1570384_at,0.53449893,0.03252765,,,,
218433_at,0.53451354,0.10879943,,,,
AFFX-r2-Bs-lys-5_at,0.53453826,0.19851578,,,,
1553176_at,0.53455361,-0.03512139,,,,
239766_at,0.53458574,0.03175996,,,,
205436_s_at,0.53458587,0.12381493,,,,
227143_s_at,0.53458916,0.08723017,,,,
232535_at,0.53460509,0.08056671,,,,
224313_at,0.53460872,-0.03351343,,,,
1564074_at,0.5346099,-0.03594872,,,,
215095_at,0.53468659,0.08763608,,,,
206624_at,0.53470702,0.24666628,,,,
218872_at,0.53474925,-0.33089603,,,,
1566832_at,0.53475334,-0.02549756,,,,
229675_at,0.53475371,-0.0466899,,,,
227039_at,0.53485359,0.08846849,,,,
236535_at,0.53492533,0.09105815,,,,
241358_at,0.53494636,-0.04796627,,,,
211369_at,0.53501155,0.04175953,,,,
1562418_at,0.53503897,0.02312335,,,,
231435_at,0.53506247,-0.04248956,,,,
208414_s_at,0.53507382,-0.06899202,,,,
220284_at,0.53507454,-0.04914054,,,,
243254_at,0.53508235,-0.03544943,,,,
212204_at,0.53511207,0.10531717,,,,
203294_s_at,0.53511268,0.15947989,,,,
208899_x_at,0.53512446,-0.08825819,,,,
235825_at,0.53513131,0.06801879,,,,
213663_s_at,0.53513837,-0.13601871,,,,
225062_at,0.5351531,0.23191968,,,,
229094_at,0.53516982,0.09947518,,,,
1561578_s_at,0.53518682,-0.04013483,,,,
238256_at,0.53519341,-0.03324081,,,,
232812_at,0.5351945,0.10485464,,,,
238024_at,0.53524497,-0.044398,,,,
209245_s_at,0.53525453,0.04392683,,,,
231569_at,0.53529269,0.04407722,,,,
205053_at,0.53531274,-0.12348859,,,,
206858_s_at,0.53534746,-0.41048459,,,,
203389_at,0.53534791,0.07237609,,,,
210706_s_at,0.53536774,-0.13661279,,,,
212771_at,0.5354224,0.20227912,,,,
233237_at,0.53543523,-0.03434739,,,,
217889_s_at,0.53544608,0.26102314,,,,
219656_at,0.53547517,0.07410324,,,,
201072_s_at,0.53556211,0.11974192,,,,
204865_at,0.5355649,0.37915875,,,,
231903_x_at,0.53565031,0.04936906,,,,
1561658_at,0.53567674,0.03087844,,,,
230036_at,0.53571157,-0.14959193,,,,
243705_at,0.53571186,-0.03885911,,,,
235572_at,0.53580194,-0.13900197,,,,
223996_s_at,0.53581988,-0.09066563,,,,
220578_at,0.53582236,0.08494255,,,,
227487_s_at,0.53583309,-0.16729314,,,,
210328_at,0.53589268,0.35962103,,,,
206350_at,0.53594776,0.60625224,,,,
201981_at,0.53599974,0.15791446,,,,
211950_at,0.5360246,-0.10956403,,,,
207055_at,0.53604769,-0.04698812,,,,
217769_s_at,0.53607016,0.07018573,,,,
213698_at,0.53607067,-0.09213987,,,,
237701_at,0.53608531,0.04085615,,,,
1564446_at,0.53610307,0.0372754,,,,
224770_s_at,0.53612601,0.07965679,,,,
222651_s_at,0.53613195,0.32123033,,,,
213746_s_at,0.53616288,-0.13951378,,,,
1557842_at,0.53616791,-0.02758842,,,,
223317_at,0.53619789,0.04161154,,,,
213371_at,0.53628612,0.31031427,,,,
220367_s_at,0.53630168,0.0649033,,,,
217034_at,0.53633194,-0.04299059,,,,
235590_at,0.53634035,-0.07371336,,,,
1556916_a_at,0.53634388,0.03049425,,,,
202554_s_at,0.53637056,0.21899509,,,,
234655_at,0.53638095,0.02765391,,,,
239224_at,0.53638326,0.04550372,,,,
244020_at,0.53641467,0.06760862,,,,
212862_at,0.53647325,-0.09776991,,,,
1553013_at,0.53650648,0.0452755,,,,
207443_at,0.53651713,0.03759758,,,,
205585_at,0.5365173,0.11744307,,,,
221116_at,0.53652316,-0.04019704,,,,
239652_at,0.53653119,0.11778871,,,,
232047_at,0.53653238,-0.04699453,,,,
224885_s_at,0.53654371,-0.07365625,,,,
219433_at,0.53657551,0.09907469,,,,
233021_at,0.5366328,0.10052342,,,,
34260_at,0.53666152,0.05612636,,,,
243530_at,0.53666832,-0.02612201,,,,
240875_at,0.53670732,-0.03777246,,,,
234019_at,0.53672092,0.03327786,,,,
1553811_at,0.53673628,-0.05249409,,,,
229074_at,0.53673649,-0.12741096,,,,
234832_at,0.53674365,-0.05609406,,,,
243999_at,0.53675321,-0.16317529,,,,
205973_at,0.53676266,-0.04779439,,,,
227263_at,0.53677922,0.11654292,,,,
233917_s_at,0.53680769,-0.08427265,,,,
220255_at,0.53683061,0.13786165,,,,
214918_at,0.53683543,0.05977741,,,,
202147_s_at,0.53683716,0.15631589,,,,
221740_x_at,0.5368372,0.09672552,,,,
218970_s_at,0.53686684,0.08549613,,,,
237466_s_at,0.53687715,-0.17712443,,,,
216633_s_at,0.53689599,0.04276007,,,,
210253_at,0.53689736,0.14664081,,,,
216462_at,0.53691698,0.12292936,,,,
230375_at,0.53693885,-0.13805832,,,,
214395_x_at,0.53700214,-0.16392569,,,,
1562612_at,0.53702345,0.07193485,,,,
235291_s_at,0.53702857,-0.18516797,,,,
213441_x_at,0.53703066,-0.12446119,,,,
222263_at,0.53703772,0.08445888,,,,
224374_s_at,0.53707949,-0.21420205,,,,
239738_at,0.53708471,-0.04515994,,,,
241493_at,0.53711799,-0.03818716,,,,
237226_at,0.53712233,-0.10937821,,,,
230475_at,0.53714929,-0.0628322,,,,
222289_at,0.53720476,-0.03934443,,,,
231594_at,0.53721618,0.03902256,,,,
1552967_at,0.53725213,-0.04946768,,,,
243359_at,0.537253,0.03238667,,,,
225554_s_at,0.53725778,0.08059163,,,,
1564352_at,0.5372728,0.03354795,,,,
206130_s_at,0.53727562,0.44357216,,,,
1561052_s_at,0.53728253,-0.03545562,,,,
224328_s_at,0.53730442,0.19413791,,,,
218026_at,0.53732035,0.07907567,,,,
1557539_at,0.53732049,-0.04994208,,,,
238977_at,0.53733503,0.09890433,,,,
1553846_at,0.53734522,-0.06694215,,,,
212353_at,0.53736611,0.26278174,,,,
211119_at,0.53737504,-0.02963138,,,,
240539_at,0.53738969,-0.07809761,,,,
1558792_x_at,0.53740976,0.06409763,,,,
1555307_at,0.53741662,0.03464026,,,,
1553534_at,0.53745264,0.05793506,,,,
239831_at,0.53745766,0.07088118,,,,
244346_at,0.53746488,0.04681276,,,,
232589_at,0.53748531,0.08381992,,,,
1566691_at,0.53754096,-0.03892485,,,,
34406_at,0.5375505,-0.06800103,,,,
230060_at,0.53755821,-0.19186367,,,,
213230_at,0.53758304,0.18074177,,,,
237119_at,0.53759859,0.07274026,,,,
237918_at,0.53759876,-0.04662794,,,,
233317_at,0.53761738,-0.07406274,,,,
1557012_a_at,0.53764748,-0.07220034,,,,
1560086_at,0.53766285,-0.0287913,,,,
223272_s_at,0.53767806,0.09778108,,,,
214868_at,0.53770596,-0.11695649,,,,
1560827_at,0.53771307,0.07375373,,,,
226936_at,0.53773503,0.18574625,,,,
206766_at,0.53776401,-0.1494135,,,,
207471_at,0.53779346,-0.02527888,,,,
220044_x_at,0.53780075,0.08792452,,,,
208432_s_at,0.53780121,0.04457737,,,,
226947_at,0.53780781,0.10456672,,,,
206565_x_at,0.53783458,0.19936127,,,,
204557_s_at,0.53786669,0.2381546,,,,
220753_s_at,0.53786941,0.21879915,,,,
1566323_at,0.53791477,0.03827101,,,,
1564117_at,0.53791542,-0.04504315,,,,
201705_at,0.53792269,0.07306857,,,,
239493_at,0.53795974,-0.08538763,,,,
1563529_at,0.53797818,-0.04202761,,,,
220205_at,0.53799874,0.18726649,,,,
240663_at,0.53802367,-0.03523955,,,,
1566108_at,0.53809099,-0.03886808,,,,
236804_at,0.53811094,-0.06354249,,,,
214927_at,0.5381204,-0.25228801,,,,
212581_x_at,0.53813128,-0.07952183,,,,
44669_at,0.53818479,0.05894005,,,,
1556817_a_at,0.53818616,-0.02508004,,,,
243703_x_at,0.53821179,0.04084151,,,,
226598_s_at,0.53821601,-0.05635114,,,,
201624_at,0.53824794,0.08872384,,,,
217123_x_at,0.53825822,-0.03261809,,,,
227291_s_at,0.5382601,0.09250406,,,,
238934_at,0.53827335,-0.06008522,,,,
239060_at,0.53830813,-0.03440249,,,,
216054_x_at,0.5383429,-0.07048621,,,,
216137_s_at,0.53835772,-0.04367779,,,,
1561988_at,0.53836168,-0.0535988,,,,
243585_at,0.53838436,0.06469071,,,,
209239_at,0.53839345,-0.07591591,,,,
205780_at,0.53839988,-0.29649118,,,,
204264_at,0.53842872,0.14298973,,,,
218228_s_at,0.53843405,0.0799952,,,,
1552972_at,0.53845989,-0.0301572,,,,
205487_s_at,0.53847718,0.10863988,,,,
230559_x_at,0.53849807,-0.16913559,,,,
208989_s_at,0.5385224,0.08269384,,,,
1559388_a_at,0.53857947,-0.08163409,,,,
242068_at,0.53859977,0.12482949,,,,
207597_at,0.5386135,-0.03168413,,,,
226699_at,0.53861483,-0.05743489,,,,
240772_at,0.53861961,0.05310093,,,,
220848_x_at,0.53862816,-0.0581787,,,,
212076_at,0.53863384,0.0970052,,,,
201083_s_at,0.53863638,0.10405322,,,,
220223_at,0.53864526,-0.08235664,,,,
219482_at,0.53866416,0.07394568,,,,
207699_at,0.53866699,-0.03548956,,,,
222498_at,0.53869281,0.08739023,,,,
203967_at,0.5386947,0.20047874,,,,
219002_at,0.53871678,0.12540595,,,,
1560251_at,0.53871759,-0.02671618,,,,
235381_at,0.5387176,0.10079139,,,,
233732_at,0.53874163,0.05687097,,,,
230087_at,0.53875852,0.23290089,,,,
241487_at,0.53876115,0.0745711,,,,
231890_at,0.53878213,0.09081982,,,,
1552639_at,0.53880603,0.0596413,,,,
241915_at,0.53881728,0.25125681,,,,
244011_at,0.53882175,-0.0522175,,,,
1561604_at,0.53883677,-0.04432815,,,,
1556724_at,0.53886214,0.03109866,,,,
206716_at,0.53886686,-0.05745934,,,,
205794_s_at,0.53886782,0.25582293,,,,
218704_at,0.53887863,-0.24672803,,,,
229825_at,0.53891752,-0.04502911,,,,
206805_at,0.53894498,-0.18896773,,,,
1569802_at,0.53894748,-0.03650339,,,,
232270_at,0.53895804,-0.13608727,,,,
227712_at,0.53896317,0.0699031,,,,
233038_at,0.53896449,0.05752814,,,,
236471_at,0.53904017,-0.27840016,,,,
64064_at,0.5390436,-0.11127039,,,,
233904_at,0.5390886,0.02719331,,,,
222771_s_at,0.53909698,0.29935246,,,,
227551_at,0.53910482,0.097993,,,,
226649_at,0.53912011,0.23163393,,,,
208727_s_at,0.53912148,-0.11716668,,,,
219532_at,0.53914172,0.25057472,,,,
209288_s_at,0.53917596,-0.18344401,,,,
213239_at,0.53919244,0.11801088,,,,
1553321_a_at,0.53926579,0.09654211,,,,
1562671_s_at,0.53927154,-0.03647525,,,,
243796_at,0.5392869,0.08914134,,,,
240774_at,0.53929637,-0.03102398,,,,
231540_at,0.53931917,0.05645905,,,,
220392_at,0.5393227,0.10342527,,,,
203411_s_at,0.53936063,0.12941716,,,,
241668_s_at,0.53938331,0.04856204,,,,
1554332_a_at,0.53938583,-0.14361592,,,,
1558802_at,0.53939251,0.0656804,,,,
229847_at,0.53939756,-0.08877284,,,,
226617_at,0.5394014,0.09578758,,,,
221003_s_at,0.53941407,-0.13296114,,,,
201596_x_at,0.53942307,-0.31336371,,,,
226992_at,0.53945262,-0.2529007,,,,
231083_at,0.5395051,-0.04379713,,,,
241130_at,0.53951749,0.02398817,,,,
240820_at,0.53952896,0.03740684,,,,
205167_s_at,0.53952963,-0.14554287,,,,
212617_at,0.5395319,0.06517895,,,,
215473_at,0.53954372,0.09560385,,,,
214713_at,0.53957718,-0.06695831,,,,
216580_at,0.5395785,0.06009425,,,,
233277_at,0.53962094,-0.03933806,,,,
242262_x_at,0.53966143,-0.031706,,,,
224814_at,0.5397027,-0.10436055,,,,
203324_s_at,0.53972988,0.21392119,,,,
239403_at,0.53975839,0.04304201,,,,
236454_at,0.53976969,-0.08857794,,,,
240132_at,0.53980224,-0.02924974,,,,
1558854_a_at,0.53983616,0.11777735,,,,
207511_s_at,0.53984395,-0.08726439,,,,
232768_at,0.53990601,-0.03624957,,,,
236135_at,0.53991377,0.03703907,,,,
1555033_a_at,0.53993573,-0.0432778,,,,
1556899_at,0.53995124,-0.06174688,,,,
1559147_at,0.53995206,0.03973487,,,,
1557252_at,0.53995764,0.03240039,,,,
234110_at,0.53995855,-0.04927444,,,,
201964_at,0.53996546,-0.0795788,,,,
202926_at,0.54000253,-0.06872504,,,,
218593_at,0.54000748,0.10159118,,,,
222833_at,0.54006701,-0.16704933,,,,
237601_at,0.54010222,0.03966953,,,,
236058_at,0.54010729,0.12652148,,,,
228165_at,0.54010742,-0.04628492,,,,
202385_s_at,0.5401277,-0.07178078,,,,
205571_at,0.54015439,0.09928826,,,,
229692_at,0.54019601,0.1508418,,,,
220896_at,0.5401979,-0.04648395,,,,
215421_at,0.54020252,0.04445333,,,,
229248_at,0.5402181,0.08033458,,,,
208204_s_at,0.54022039,0.0848428,,,,
207363_at,0.54022896,0.03753025,,,,
215769_at,0.54023318,-0.03927279,,,,
209921_at,0.54025567,-0.27874398,,,,
1559917_a_at,0.54030003,-0.1072725,,,,
216666_at,0.54032368,0.03946331,,,,
231543_at,0.54032932,0.06931948,,,,
1569886_a_at,0.54034158,-0.15144413,,,,
240488_at,0.54034255,0.07895789,,,,
222602_at,0.540381,0.10062541,,,,
237561_x_at,0.54038334,-0.0428723,,,,
229394_s_at,0.54040323,0.07871045,,,,
225609_at,0.54041934,-0.11553638,,,,
244028_at,0.54044487,0.09046327,,,,
242254_at,0.54047693,0.03605616,,,,
212599_at,0.54047694,0.20120268,,,,
201328_at,0.54048168,-0.21453544,,,,
235625_at,0.54050846,0.12564929,,,,
202636_at,0.54056071,0.08880595,,,,
1568916_at,0.54056348,0.03695504,,,,
1555031_at,0.5405891,-0.04113668,,,,
228664_at,0.54059236,-0.0935607,,,,
1570534_a_at,0.54060339,0.04580045,,,,
230372_at,0.54062288,0.24759677,,,,
222139_at,0.54063887,0.16468457,,,,
234993_at,0.54065403,-0.10568091,,,,
201733_at,0.5406674,-0.1077766,,,,
203154_s_at,0.54073488,-0.07558222,,,,
210128_s_at,0.54075054,0.12100061,,,,
235290_at,0.54076932,0.10958075,,,,
240414_at,0.54077017,-0.03209694,,,,
201843_s_at,0.5407846,-0.34206528,,,,
218229_s_at,0.54083462,0.108715,,,,
244605_at,0.54085077,0.04245103,,,,
232516_x_at,0.5408586,0.07382407,,,,
230057_at,0.54088417,0.05897107,,,,
242525_at,0.54099541,-0.06555958,,,,
1558689_a_at,0.54100935,0.10368946,,,,
1568924_a_at,0.54102844,-0.04131498,,,,
201279_s_at,0.54104864,-0.17887545,,,,
244329_at,0.5410853,-0.04426371,,,,
212221_x_at,0.54111054,-0.10869521,,,,
228882_at,0.54113406,0.21687024,,,,
214751_at,0.54118122,-0.14765065,,,,
204286_s_at,0.54118677,-0.25889225,,,,
237623_at,0.54118848,0.10424239,,,,
237802_at,0.54121515,-0.09151476,,,,
1563149_at,0.54123228,-0.03167935,,,,
228067_at,0.54124656,-0.15430357,,,,
206996_x_at,0.54125381,0.10299144,,,,
222697_s_at,0.5412594,0.09538915,,,,
214707_x_at,0.54127525,0.08541519,,,,
218463_s_at,0.54129731,-0.05822511,,,,
238189_at,0.54135714,-0.03651065,,,,
228879_at,0.54136501,0.13620714,,,,
1560322_at,0.54137539,-0.0283893,,,,
1557064_s_at,0.54139327,-0.09164542,,,,
229288_at,0.54142394,0.27744897,,,,
223501_at,0.54144927,-0.17659529,,,,
228735_s_at,0.5414809,-0.08499119,,,,
212959_s_at,0.54148337,-0.12236895,,,,
204181_s_at,0.54148574,-0.08431715,,,,
223251_s_at,0.54150574,-0.18610989,,,,
201060_x_at,0.54153551,0.14858638,,,,
215431_at,0.54154418,-0.05949394,,,,
222994_at,0.54154751,-0.09981348,,,,
224194_at,0.54154772,-0.03409895,,,,
203366_at,0.54156898,0.08431002,,,,
214577_at,0.54157752,0.17400259,,,,
203863_at,0.54158666,0.18879104,,,,
210540_s_at,0.54162906,0.12723649,,,,
239991_at,0.54163628,-0.08799296,,,,
220292_at,0.54169419,-0.06235984,,,,
235729_at,0.54170711,-0.11748401,,,,
1561687_a_at,0.54174737,-0.12387372,,,,
206217_at,0.5417539,-0.08797559,,,,
212640_at,0.54175692,0.09655955,,,,
235507_at,0.54183836,0.11441412,,,,
207818_s_at,0.54184268,0.03682853,,,,
239533_at,0.54185944,0.16102468,,,,
221695_s_at,0.54187746,-0.13526758,,,,
224802_at,0.54189686,0.18530481,,,,
239851_at,0.54191899,0.05194791,,,,
230477_at,0.54193903,-0.09964268,,,,
202006_at,0.54196728,0.0873226,,,,
223795_at,0.54197448,-0.14536668,,,,
229504_at,0.54201094,0.14865506,,,,
216771_at,0.54205872,-0.03281223,,,,
1559455_at,0.54211502,0.1082711,,,,
202492_at,0.54218053,0.07078049,,,,
201303_at,0.54220189,0.08970018,,,,
227746_at,0.54220622,0.12947618,,,,
238924_at,0.54221714,0.06238337,,,,
1563480_at,0.54223069,0.03093238,,,,
222603_at,0.54223852,0.16339395,,,,
1559534_at,0.54223892,0.11003639,,,,
234623_x_at,0.54225683,0.02352625,,,,
1569832_at,0.54229573,0.03501436,,,,
209974_s_at,0.54230879,0.08856582,,,,
233210_at,0.54231139,-0.04528386,,,,
229198_at,0.54231368,0.07602449,,,,
227817_at,0.54231869,-0.09234588,,,,
225760_at,0.54234645,-0.12944951,,,,
207821_s_at,0.54236314,-0.1175035,,,,
232250_at,0.54240675,-0.02899653,,,,
242311_x_at,0.54241111,0.06291868,,,,
231525_at,0.54246237,-0.03646447,,,,
239141_at,0.54249283,0.04753864,,,,
235376_at,0.54253415,-0.08140652,,,,
243963_at,0.5425864,0.16374143,,,,
1567656_at,0.54258652,0.0248929,,,,
223084_s_at,0.5426119,0.10519986,,,,
209155_s_at,0.5426274,0.07858326,,,,
238333_s_at,0.54265386,0.10430974,,,,
222586_s_at,0.54266427,0.09282283,,,,
219970_at,0.54270394,-0.31831485,,,,
203520_s_at,0.54270693,0.07264316,,,,
1552343_s_at,0.54271833,0.08513989,,,,
241702_at,0.54272262,0.06317591,,,,
202488_s_at,0.542741,-0.29779815,,,,
231697_s_at,0.54274161,0.20624568,,,,
230718_at,0.54275002,-0.0338387,,,,
217115_at,0.54276679,-0.03781197,,,,
207696_at,0.54277174,0.09281384,,,,
209428_s_at,0.54281443,-0.08093777,,,,
242364_x_at,0.542816,0.06175644,,,,
209519_at,0.54282165,-0.06113217,,,,
235445_at,0.54283201,-0.07773328,,,,
235748_s_at,0.54284536,0.05637831,,,,
233406_at,0.54287982,0.03833342,,,,
232165_at,0.54288913,0.30738115,,,,
206354_at,0.54289549,0.47867006,,,,
1558947_at,0.54292253,-0.04191851,,,,
224910_at,0.54292423,-0.08911851,,,,
1556261_a_at,0.54292483,0.03408966,,,,
1564498_at,0.54293743,-0.05159771,,,,
241648_at,0.54294974,-0.02959436,,,,
218509_at,0.54295477,-0.07455366,,,,
1558107_at,0.54299318,0.03689056,,,,
236523_at,0.54299432,0.17754272,,,,
220723_s_at,0.54299793,-0.2451112,,,,
1569387_at,0.54301837,-0.03858901,,,,
233362_at,0.54301857,0.04657446,,,,
1561966_at,0.54310949,0.03103503,,,,
225830_at,0.54311801,0.13722371,,,,
1559861_at,0.54315633,-0.15435279,,,,
210866_s_at,0.54315743,-0.09559335,,,,
221074_at,0.54315835,-0.05153845,,,,
207955_at,0.54316273,0.17589167,,,,
225401_at,0.54317961,0.11003182,,,,
AFFX-HUMRGE/M10098_M_at,0.54324372,-0.09009061,,,,
204817_at,0.54325816,-0.12704647,,,,
239190_at,0.54326645,-0.05783551,,,,
228147_at,0.54327732,0.06285663,,,,
1566135_at,0.54330471,-0.03820644,,,,
214760_at,0.54332459,-0.07049512,,,,
1553794_at,0.54332643,-0.04555122,,,,
230155_x_at,0.54332677,-0.03793535,,,,
1552922_at,0.54333642,0.02454983,,,,
1560792_at,0.54336879,-0.06043182,,,,
230880_at,0.54337076,-0.04737227,,,,
233293_at,0.5433811,-0.03446305,,,,
242833_at,0.54340045,-0.03574098,,,,
208054_at,0.54341705,0.06181785,,,,
204341_at,0.54342252,0.1640126,,,,
230821_at,0.5434565,0.08378805,,,,
214833_at,0.54346733,0.12214802,,,,
211901_s_at,0.54355158,0.05123766,,,,
1564031_a_at,0.54356228,-0.06008075,,,,
208980_s_at,0.54357314,0.04790241,,,,
1561041_at,0.54358202,0.05768941,,,,
227111_at,0.54358781,-0.08531482,,,,
1555220_a_at,0.54361558,0.10231766,,,,
204436_at,0.54363128,-0.10714045,,,,
215404_x_at,0.54367062,0.08741486,,,,
222515_x_at,0.5436776,-0.05966723,,,,
222581_at,0.54373152,-0.15000742,,,,
1559061_at,0.54374236,0.04467877,,,,
215898_at,0.54374545,-0.06448812,,,,
202520_s_at,0.54379645,0.06318463,,,,
224502_s_at,0.54382481,-0.06235556,,,,
222721_at,0.5438274,0.0942906,,,,
242590_at,0.54386028,0.12829066,,,,
220262_s_at,0.54386764,0.06352596,,,,
227570_at,0.54388059,-0.07858459,,,,
1569656_at,0.54388284,-0.02466017,,,,
1566037_at,0.54390865,-0.03212395,,,,
232143_at,0.54393143,-0.02992398,,,,
216169_at,0.5439909,0.0469178,,,,
232825_s_at,0.54399702,0.125426,,,,
211931_s_at,0.54401304,0.0681969,,,,
205636_at,0.54401803,-0.0545823,,,,
1558398_at,0.54403366,0.04258637,,,,
232969_at,0.54403521,0.04812844,,,,
225173_at,0.54407558,-0.16119871,,,,
218260_at,0.5440884,-0.11960561,,,,
1558369_at,0.54411156,0.13165211,,,,
201319_at,0.54411676,0.07652657,,,,
239806_at,0.54411769,0.14628107,,,,
218217_at,0.54413016,0.1466569,,,,
205930_at,0.54413234,0.08482366,,,,
1558045_a_at,0.54416707,-0.1489896,,,,
205731_s_at,0.54421657,0.12965062,,,,
234040_at,0.54422205,0.0449456,,,,
204862_s_at,0.54423777,-0.11813238,,,,
1567682_x_at,0.54424256,0.03050327,,,,
240744_at,0.54425752,-0.03572637,,,,
211866_x_at,0.5443051,-0.07362633,,,,
210788_s_at,0.54433849,-0.11556176,,,,
231769_at,0.54437104,0.1526162,,,,
1552402_at,0.54437212,-0.04355698,,,,
211263_s_at,0.54438356,0.03693011,,,,
213419_at,0.54439692,0.15125455,,,,
201997_s_at,0.54444006,-0.06657163,,,,
227586_at,0.5444467,-0.10411076,,,,
239992_at,0.54445366,0.07382535,,,,
209888_s_at,0.54450479,0.40666832,,,,
214131_at,0.54454319,0.20656683,,,,
214026_s_at,0.54458625,-0.04119956,,,,
225016_at,0.54459834,-0.31532973,,,,
222999_s_at,0.54460888,-0.15192921,,,,
206927_s_at,0.54465562,0.12659171,,,,
232098_at,0.5446834,0.17582634,,,,
220935_s_at,0.54471065,0.08555504,,,,
209018_s_at,0.54478369,-0.11341143,,,,
207668_x_at,0.54480707,0.07037656,,,,
201321_s_at,0.54481351,-0.06750589,,,,
244342_at,0.54481848,-0.03904007,,,,
203347_s_at,0.54486593,0.12268489,,,,
217857_s_at,0.54487212,0.08993397,,,,
205766_at,0.54488354,0.1986232,,,,
223823_at,0.54491792,0.0900128,,,,
1558977_at,0.54493775,0.04481368,,,,
204918_s_at,0.54495312,-0.22770509,,,,
213456_at,0.54496703,0.32918736,,,,
231021_at,0.54497724,-0.06458611,,,,
208697_s_at,0.54498222,-0.07489861,,,,
207802_at,0.54501369,-0.36235947,,,,
1562866_at,0.54501784,-0.03466953,,,,
1559108_at,0.54502602,-0.11581249,,,,
205768_s_at,0.5450608,-0.44491003,,,,
209893_s_at,0.54506085,-0.16312083,,,,
222802_at,0.54506234,-0.22664809,,,,
228099_at,0.54507243,-0.11206484,,,,
208496_x_at,0.54507989,0.07670061,,,,
237966_at,0.5451078,0.02953195,,,,
223289_s_at,0.54510897,0.0830006,,,,
235792_x_at,0.5451108,0.08221395,,,,
232450_at,0.54512286,0.04204353,,,,
241530_at,0.54516924,0.03804322,,,,
243848_at,0.54518125,0.08554045,,,,
1554803_s_at,0.54520423,0.10312716,,,,
232657_at,0.54520578,-0.04571274,,,,
208243_s_at,0.54520699,-0.05027053,,,,
204299_at,0.54521073,0.0680727,,,,
244445_at,0.54522788,-0.04023659,,,,
236388_at,0.54523256,0.09470523,,,,
242002_at,0.5452776,0.21069818,,,,
205568_at,0.54528741,-0.32629482,,,,
209137_s_at,0.54532659,0.08582271,,,,
215437_x_at,0.54535692,-0.04650625,,,,
233604_at,0.54537267,-0.29478447,,,,
220962_s_at,0.54539158,-0.04174575,,,,
222899_at,0.54542359,-0.12205285,,,,
205081_at,0.54543058,0.25871661,,,,
228810_at,0.54544295,0.12272762,,,,
1562013_a_at,0.54549709,0.0885874,,,,
1553254_at,0.54550561,-0.03687191,,,,
207469_s_at,0.54551457,0.18299178,,,,
234379_at,0.54551933,0.04592335,,,,
212091_s_at,0.54555273,-0.14815564,,,,
200703_at,0.54555654,0.05545583,,,,
1557223_at,0.54557215,-0.06262156,,,,
209975_at,0.54561788,0.65830902,,,,
207089_at,0.54564029,0.08349331,,,,
224805_s_at,0.54570003,-0.0917151,,,,
232932_at,0.5457401,-0.08660112,,,,
1563044_at,0.54574251,-0.03095123,,,,
1557275_a_at,0.54574283,0.14995437,,,,
230836_at,0.54574471,-0.17484089,,,,
218871_x_at,0.54575874,0.09816391,,,,
239935_at,0.54577756,0.04878619,,,,
233071_at,0.54582005,0.033472,,,,
240600_at,0.5458234,-0.07868468,,,,
242944_at,0.54584705,-0.17134227,,,,
208662_s_at,0.54585097,0.10283772,,,,
206944_at,0.54589886,-0.03649243,,,,
217340_at,0.54600304,-0.05737703,,,,
231142_at,0.54601624,0.08080387,,,,
235533_at,0.54602795,-0.1165523,,,,
207275_s_at,0.54603096,-0.2565053,,,,
1556849_at,0.54605964,0.03036162,,,,
211149_at,0.54606005,0.19207782,,,,
217125_at,0.54607177,0.10564162,,,,
1552726_at,0.54611642,0.11061084,,,,
224019_at,0.54612432,-0.02889007,,,,
235803_at,0.54612996,0.22876107,,,,
209103_s_at,0.54613186,-0.07195482,,,,
229852_at,0.54615118,-0.1071701,,,,
225091_at,0.54617139,0.08532686,,,,
221787_at,0.54620298,0.09138449,,,,
211851_x_at,0.54623221,-0.06601214,,,,
211763_s_at,0.54630673,-0.07837275,,,,
210438_x_at,0.54630808,0.08648961,,,,
232107_at,0.54631463,-0.07373823,,,,
220098_at,0.54635004,-0.0369781,,,,
243833_at,0.54636248,0.04725703,,,,
200760_s_at,0.54641145,-0.09858252,,,,
226661_at,0.54641944,0.15543365,,,,
222649_at,0.54642658,0.07960037,,,,
238944_at,0.54649245,0.10135408,,,,
229096_at,0.54649576,0.1464254,,,,
221035_s_at,0.54651696,0.11274754,,,,
209598_at,0.54653321,-0.28608055,,,,
209325_s_at,0.54654745,0.09524487,,,,
211673_s_at,0.5465511,0.09058877,,,,
223564_s_at,0.54656563,-0.07133176,,,,
206865_at,0.54656985,0.12015587,,,,
236649_at,0.54661419,0.14119389,,,,
236740_at,0.54664184,-0.0295925,,,,
215935_at,0.5466857,0.04754314,,,,
231424_at,0.54671032,0.03090431,,,,
202102_s_at,0.54672167,0.0884703,,,,
1555310_a_at,0.54672491,0.16236079,,,,
207539_s_at,0.54673442,-0.02509289,,,,
237912_at,0.54675014,-0.04265692,,,,
233171_at,0.5467981,0.02809267,,,,
241152_at,0.54683455,0.05021459,,,,
234827_at,0.54685619,-0.04321378,,,,
205702_at,0.54685647,-0.09615421,,,,
1553957_at,0.54686906,0.07879162,,,,
218671_s_at,0.54687517,-0.09137591,,,,
206943_at,0.54688448,-0.08557133,,,,
202660_at,0.54692311,0.19038693,,,,
238057_at,0.54692955,-0.11701346,,,,
215232_at,0.54694911,-0.05275643,,,,
1562396_at,0.54701659,-0.02573488,,,,
222132_s_at,0.54702653,0.07229883,,,,
204990_s_at,0.54711897,-0.22474352,,,,
228583_at,0.54713498,0.07142704,,,,
225623_at,0.54713974,-0.09082051,,,,
231919_at,0.54715195,0.10229646,,,,
227358_at,0.5471953,-0.07072368,,,,
226473_at,0.54719791,0.1985889,,,,
237358_at,0.5472088,-0.03824992,,,,
1555292_at,0.54721924,0.09032272,,,,
208491_s_at,0.54722107,-0.07289257,,,,
1560486_at,0.54722631,-0.0523909,,,,
204597_x_at,0.54723039,0.18090612,,,,
236101_at,0.54730266,0.10855662,,,,
209702_at,0.54733828,0.08072327,,,,
204356_at,0.54734857,-0.03805439,,,,
226523_at,0.54735301,0.05916674,,,,
211603_s_at,0.54738815,-0.14004471,,,,
229375_at,0.54739986,-0.06191289,,,,
216249_at,0.54744852,-0.04772098,,,,
225563_at,0.54745462,-0.0969573,,,,
1564149_at,0.54746796,0.09414392,,,,
209467_s_at,0.54747239,-0.07578965,,,,
1556427_s_at,0.54749386,0.29251312,,,,
244044_at,0.54751235,0.13903097,,,,
1558624_at,0.54752664,0.04167422,,,,
204819_at,0.54753029,0.13731692,,,,
233912_x_at,0.54754296,0.0540326,,,,
230673_at,0.54755148,-0.16105036,,,,
223833_at,0.54755379,-0.073941,,,,
214968_at,0.54756216,-0.059714,,,,
242952_at,0.54759297,-0.04011902,,,,
1558944_at,0.54759304,-0.04603171,,,,
242771_at,0.54760142,-0.04607555,,,,
219198_at,0.54762146,0.08508792,,,,
1569641_at,0.54765833,0.04719862,,,,
224108_at,0.54766352,-0.03621326,,,,
244183_x_at,0.54768101,-0.1502349,,,,
202151_s_at,0.54776666,0.08622004,,,,
229630_s_at,0.54782151,0.07451054,,,,
1557651_x_at,0.54782772,-0.06986291,,,,
206599_at,0.54782984,-0.12294643,,,,
244775_at,0.54783353,-0.03506279,,,,
223571_at,0.54786135,0.12530552,,,,
202077_at,0.54789651,0.0721319,,,,
58994_at,0.5479695,-0.09563523,,,,
1569794_at,0.54797624,-0.03077017,,,,
237274_at,0.54802211,0.03263611,,,,
231447_at,0.54803929,-0.04724589,,,,
224964_s_at,0.54804039,0.20879654,,,,
206105_at,0.5480477,-0.07019328,,,,
202307_s_at,0.54807515,-0.15246592,,,,
221784_at,0.54807933,0.04996535,,,,
233968_at,0.54809442,-0.03825666,,,,
229518_at,0.54810012,0.23309967,,,,
207396_s_at,0.54815799,-0.09432651,,,,
201584_s_at,0.54815939,0.13076097,,,,
221669_s_at,0.54817561,-0.1161028,,,,
210215_at,0.54819433,0.45033519,,,,
1561190_at,0.54821753,-0.05945614,,,,
229397_s_at,0.54825741,0.11752063,,,,
229421_s_at,0.54827136,-0.08500599,,,,
224921_at,0.5482793,-0.06510298,,,,
206351_s_at,0.54828108,-0.1084096,,,,
235067_at,0.54832013,0.07708747,,,,
233284_at,0.54834443,-0.04006191,,,,
1563219_at,0.54834742,-0.03283164,,,,
222791_at,0.54836925,-0.09706821,,,,
235428_at,0.54838582,-0.17559167,,,,
211064_at,0.54839137,0.07568615,,,,
224430_s_at,0.54840092,0.08284382,,,,
201384_s_at,0.54840804,-0.06020508,,,,
242031_at,0.54841718,-0.03476803,,,,
230629_s_at,0.54841986,0.13339774,,,,
32069_at,0.54844647,-0.10017969,,,,
214715_x_at,0.54844665,0.09194649,,,,
1568878_at,0.54845261,-0.06085666,,,,
238385_at,0.54845539,0.03115362,,,,
244849_at,0.54847083,-0.10496518,,,,
225650_at,0.5484984,-0.0907762,,,,
218210_at,0.54852495,0.09430255,,,,
225265_at,0.54854469,0.16518035,,,,
227423_at,0.54857939,0.09893616,,,,
221863_at,0.54860808,-0.04057189,,,,
218519_at,0.54865101,0.05948209,,,,
1560425_s_at,0.54871283,-0.1847986,,,,
244292_at,0.54871626,0.07803981,,,,
1561592_at,0.54877592,-0.0260316,,,,
235328_at,0.54879724,-0.05559904,,,,
208049_s_at,0.54882876,0.04033017,,,,
204408_at,0.54884252,-0.06883454,,,,
219643_at,0.54884399,0.16502324,,,,
210621_s_at,0.54886056,0.0984842,,,,
237189_at,0.54886237,-0.1238504,,,,
239878_at,0.54888632,0.05179812,,,,
236815_at,0.54891371,0.06393898,,,,
220938_s_at,0.54893963,-0.06060039,,,,
211347_at,0.54895587,-0.10648916,,,,
239272_at,0.54899241,-0.28938521,,,,
210715_s_at,0.54900119,-0.25661269,,,,
224688_at,0.54903846,-0.07874409,,,,
217681_at,0.54904569,0.07130496,,,,
217055_x_at,0.5490485,-0.05597785,,,,
226897_s_at,0.54904935,-0.10455792,,,,
208528_x_at,0.54908085,0.0510049,,,,
234601_x_at,0.54909702,-0.02296784,,,,
231480_at,0.54914387,0.04294478,,,,
205922_at,0.54916364,-0.17857035,,,,
1558858_at,0.54920238,-0.04065622,,,,
232512_at,0.54920578,0.04141739,,,,
1563340_at,0.54924099,-0.04966957,,,,
241911_at,0.54925385,0.04718698,,,,
239852_at,0.54925571,-0.08193803,,,,
202628_s_at,0.54925662,-0.22489195,,,,
228064_at,0.54926089,0.10919757,,,,
231709_x_at,0.54928662,0.01979532,,,,
236167_at,0.54931867,0.08220357,,,,
229894_s_at,0.54934865,0.08586614,,,,
238838_at,0.54935607,-0.04159466,,,,
239513_at,0.54942832,0.13756211,,,,
235053_at,0.54944024,-0.05773868,,,,
1559568_at,0.54947863,-0.04239828,,,,
216826_at,0.54949639,0.03380618,,,,
217073_x_at,0.54951941,0.624033,,,,
243374_x_at,0.54958289,0.04463166,,,,
1559152_at,0.54959385,0.03242427,,,,
229060_at,0.54963405,-0.12506431,,,,
201202_at,0.54964125,0.10747871,,,,
219201_s_at,0.54965895,0.14513274,,,,
206518_s_at,0.54966219,0.06212049,,,,
244318_at,0.54967575,-0.02760261,,,,
230624_at,0.54969736,0.20279583,,,,
244885_at,0.54970857,0.24021686,,,,
221522_at,0.54972381,0.10400854,,,,
207488_at,0.54974697,0.05084057,,,,
218300_at,0.54974708,-0.08841648,,,,
219058_x_at,0.54976224,-0.08589993,,,,
236370_at,0.54977459,0.10611687,,,,
218346_s_at,0.549817,-0.13960321,,,,
231759_at,0.54982068,-0.05926194,,,,
222401_s_at,0.54982976,-0.07373,,,,
229572_at,0.54992378,0.12400377,,,,
228201_at,0.54994166,0.12467674,,,,
1557631_at,0.55000902,-0.02124892,,,,
1552634_a_at,0.5500104,0.10215544,,,,
227259_at,0.5500134,0.14075501,,,,
214190_x_at,0.55003,-0.12148431,,,,
223130_s_at,0.55003202,0.14771526,,,,
201094_at,0.55003632,0.0345321,,,,
1560384_a_at,0.55005299,-0.03463207,,,,
239887_at,0.55009448,0.15025117,,,,
1553909_x_at,0.55010731,-0.06219673,,,,
203672_x_at,0.55012204,0.10121377,,,,
210818_s_at,0.55012301,-0.10407633,,,,
1559714_at,0.55012454,-0.05108209,,,,
210619_s_at,0.55012518,0.29470245,,,,
205125_at,0.55013151,-0.08202406,,,,
226354_at,0.55013785,-0.09036262,,,,
229844_at,0.55015813,0.1256517,,,,
214970_s_at,0.55016618,0.08868766,,,,
236198_at,0.55020527,-0.11654027,,,,
51158_at,0.55023874,0.17842833,,,,
218797_s_at,0.55024978,-0.10412388,,,,
202188_at,0.55025057,0.08377314,,,,
242339_at,0.55027845,-0.03681476,,,,
215758_x_at,0.55028143,0.08915854,,,,
221941_at,0.55029666,0.0790936,,,,
234859_at,0.55036556,0.02925371,,,,
57715_at,0.55039624,0.15387706,,,,
237193_s_at,0.55043363,-0.06093356,,,,
233521_at,0.55046998,0.03558801,,,,
236183_at,0.55055944,-0.04444207,,,,
1557263_s_at,0.55057777,-0.0672929,,,,
211522_s_at,0.55060777,-0.02829578,,,,
214200_s_at,0.55061212,-0.04518004,,,,
203543_s_at,0.55062113,0.18697188,,,,
236139_at,0.55062354,-0.10276957,,,,
225546_at,0.55063394,-0.08831802,,,,
233487_s_at,0.5506931,-0.1301408,,,,
212986_s_at,0.55070842,0.06228225,,,,
235210_s_at,0.55071067,-0.31912931,,,,
243148_at,0.55071296,-0.04387699,,,,
210681_s_at,0.55072068,0.08500244,,,,
241984_at,0.55073602,-0.08592895,,,,
224692_at,0.5507402,-0.07672968,,,,
211913_s_at,0.5507436,-0.15133747,,,,
1562502_at,0.55076677,0.02921735,,,,
203424_s_at,0.55078401,0.26355577,,,,
1558251_a_at,0.5507859,-0.12246615,,,,
200682_s_at,0.55081128,-0.06029997,,,,
238560_at,0.55081819,-0.05413528,,,,
224890_s_at,0.5508355,-0.07871018,,,,
237153_at,0.5508487,-0.03403599,,,,
204060_s_at,0.55087396,-0.14239576,,,,
1569111_at,0.55087564,-0.04235803,,,,
242150_at,0.55088573,0.03981197,,,,
1554516_at,0.55089026,-0.04798676,,,,
218254_s_at,0.55096847,0.11749796,,,,
235265_at,0.55101141,-0.04198112,,,,
244072_at,0.55102575,0.03279485,,,,
1559542_a_at,0.55104137,-0.02723819,,,,
207879_at,0.55106173,-0.02518088,,,,
210289_at,0.55106198,0.35157217,,,,
216955_at,0.55107805,-0.03821878,,,,
227980_at,0.55109654,0.10259814,,,,
227383_at,0.55109835,-0.15966171,,,,
1562301_at,0.5511032,-0.04558215,,,,
1561951_at,0.5511105,0.05679905,,,,
1563055_at,0.5511852,-0.01715572,,,,
230930_at,0.55120747,-0.17418558,,,,
1569484_s_at,0.55124246,-0.07964871,,,,
236097_at,0.55124709,-0.12378805,,,,
202153_s_at,0.55125051,-0.082428,,,,
223822_at,0.55126488,0.18311455,,,,
240116_at,0.5512966,-0.04487207,,,,
225685_at,0.55133065,-0.18924227,,,,
225950_at,0.55135515,0.08574646,,,,
237909_at,0.55135719,-0.03606076,,,,
220035_at,0.55141397,0.07468265,,,,
1553488_at,0.55142016,0.05725741,,,,
230349_at,0.55143049,-0.13692994,,,,
208903_at,0.55143335,-0.08272017,,,,
229853_at,0.55143677,-0.04068221,,,,
210154_at,0.55148441,-0.11184493,,,,
201500_s_at,0.5515878,-0.05796175,,,,
203971_at,0.55159326,0.12247884,,,,
240037_at,0.55160664,-0.05466062,,,,
213151_s_at,0.55161244,0.07601279,,,,
215187_at,0.55165565,-0.02887518,,,,
1555900_at,0.55166015,0.10042018,,,,
215069_at,0.55166208,0.06881708,,,,
1556411_s_at,0.55167195,-0.03084634,,,,
1570030_at,0.55167914,0.02604928,,,,
1556778_at,0.55168383,-0.03504642,,,,
203140_at,0.55170224,0.12669398,,,,
235945_at,0.5517249,0.23393481,,,,
229830_at,0.55173589,-0.15970733,,,,
226104_at,0.55180969,0.10539307,,,,
243241_at,0.55181025,-0.13520667,,,,
229860_x_at,0.55184465,-0.11404943,,,,
231348_s_at,0.5518527,-0.13630885,,,,
230444_at,0.55185549,-0.12612243,,,,
212493_s_at,0.55186216,0.06245576,,,,
1553461_at,0.55191977,-0.03003479,,,,
1554470_s_at,0.55195218,0.10105691,,,,
236711_at,0.55195701,0.03880709,,,,
1552523_a_at,0.55196811,0.0517826,,,,
222533_at,0.55199716,0.08394544,,,,
202922_at,0.55201043,0.14572125,,,,
1562484_at,0.55209061,0.14460989,,,,
232204_at,0.55209374,0.27747465,,,,
211838_x_at,0.55210107,-0.05132619,,,,
205774_at,0.55210834,0.32490659,,,,
227782_at,0.55210912,0.15474634,,,,
234858_at,0.55212876,0.05339901,,,,
212417_at,0.55213533,0.12581192,,,,
232598_at,0.55215774,0.03613765,,,,
220079_s_at,0.55216681,-0.08204962,,,,
220015_at,0.55218473,0.05952024,,,,
233048_at,0.55220506,-0.03067513,,,,
237138_at,0.55224239,-0.02796203,,,,
216454_at,0.5522516,0.03645527,,,,
218207_s_at,0.55225252,0.10602058,,,,
213022_s_at,0.5522589,-0.1002436,,,,
229872_s_at,0.55229703,0.15757527,,,,
1560063_a_at,0.55229756,0.06589786,,,,
225668_at,0.55231176,0.06060044,,,,
1561271_at,0.55232096,-0.02916519,,,,
227449_at,0.55234372,0.30501907,,,,
241531_at,0.55235022,0.04061073,,,,
227222_at,0.55236936,-0.06609935,,,,
206370_at,0.55238444,-0.12935806,,,,
243580_at,0.55241901,-0.07386699,,,,
213956_at,0.55241956,0.11288385,,,,
231720_s_at,0.55242421,0.1065653,,,,
205418_at,0.5524371,0.11433761,,,,
1552797_s_at,0.55243758,0.41865599,,,,
242193_at,0.55244395,-0.0265117,,,,
1553890_s_at,0.5524487,0.04294516,,,,
236363_at,0.55245789,-0.06617398,,,,
202455_at,0.5524671,-0.06993757,,,,
237573_at,0.55246835,-0.0350271,,,,
1553851_at,0.55247387,0.10399302,,,,
210633_x_at,0.55253019,0.1365471,,,,
234133_s_at,0.55256371,-0.04768204,,,,
1557758_at,0.55256686,0.02266868,,,,
241875_at,0.55257954,-0.03461669,,,,
204777_s_at,0.55258356,-0.24526434,,,,
1561050_a_at,0.55259618,0.04092486,,,,
210815_s_at,0.55265833,0.15286886,,,,
244863_at,0.55267852,0.03731665,,,,
238778_at,0.55270394,0.26187654,,,,
1569959_at,0.55273342,-0.03556678,,,,
1560918_at,0.55275651,0.02982307,,,,
209093_s_at,0.55278102,-0.10471608,,,,
1566656_a_at,0.55278466,-0.03846777,,,,
224785_at,0.55278481,-0.13109412,,,,
235601_at,0.55281969,0.08761743,,,,
216093_at,0.55281994,0.03460804,,,,
203646_at,0.55284439,0.1146597,,,,
214191_at,0.55285494,-0.06504606,,,,
214372_x_at,0.55285979,-0.08292114,,,,
219926_at,0.5528788,-0.28468421,,,,
211976_at,0.55288428,-0.083745,,,,
215378_at,0.55289774,0.05432588,,,,
230977_at,0.55293346,-0.04558481,,,,
211034_s_at,0.5529578,0.0903205,,,,
236078_at,0.55296074,0.08908817,,,,
215755_at,0.55296826,-0.03668405,,,,
211490_at,0.55298379,0.0504437,,,,
211704_s_at,0.55309129,0.11006112,,,,
204644_at,0.55310422,-0.06629411,,,,
223654_s_at,0.55311029,-0.10715253,,,,
212555_at,0.55312264,-0.05360891,,,,
232504_at,0.55312373,0.19226639,,,,
230732_s_at,0.55314064,0.03658095,,,,
225373_at,0.55315198,-0.14621418,,,,
225183_at,0.55318432,0.06845454,,,,
228854_at,0.5531898,-0.301322,,,,
1558600_a_at,0.5531989,0.05002027,,,,
229647_at,0.55320033,0.08695911,,,,
238733_at,0.55323722,-0.17521164,,,,
218741_at,0.55325428,-0.12669156,,,,
206266_at,0.55328398,-0.03559466,,,,
222653_at,0.55329823,0.15039769,,,,
214967_at,0.55331449,0.06447387,,,,
230639_at,0.55331531,-0.05108491,,,,
228712_at,0.55332456,0.04829097,,,,
237269_at,0.55332749,-0.13776785,,,,
1554977_at,0.55335921,-0.05081074,,,,
218206_x_at,0.55336715,-0.07725453,,,,
230217_at,0.55337111,-0.10071538,,,,
236538_at,0.5533878,0.11814041,,,,
231676_s_at,0.55340707,-0.10578248,,,,
1554122_a_at,0.55341298,-0.11420459,,,,
215360_at,0.55342142,0.03199405,,,,
227348_at,0.5534344,0.08889327,,,,
215233_at,0.55347082,0.07289396,,,,
231611_at,0.55349396,-0.04040423,,,,
215112_x_at,0.55366619,0.03011677,,,,
211596_s_at,0.55367242,0.18648163,,,,
230293_at,0.55369046,-0.06929855,,,,
224119_at,0.55370012,-0.0422991,,,,
1553217_s_at,0.55370204,0.0524408,,,,
1562811_at,0.55371125,-0.02726318,,,,
1558103_a_at,0.55371216,0.16525676,,,,
1555233_at,0.55371537,-0.15626536,,,,
212475_at,0.55372745,-0.10412985,,,,
244870_at,0.55378754,-0.03901598,,,,
205352_at,0.55378954,0.17340008,,,,
227064_at,0.55383054,0.06811441,,,,
216299_s_at,0.55385294,0.04963568,,,,
229858_at,0.55386411,0.13277768,,,,
1564660_at,0.55387536,-0.02948696,,,,
205576_at,0.55387792,0.56982062,,,,
213130_at,0.55388681,0.08408246,,,,
1554764_a_at,0.55388952,-0.02580107,,,,
204498_s_at,0.55389213,0.10963349,,,,
225986_x_at,0.5539035,-0.06067735,,,,
239762_at,0.55390965,0.08425361,,,,
218961_s_at,0.55396017,-0.07124276,,,,
229233_at,0.55397355,-0.14036469,,,,
1555399_a_at,0.55397962,0.08265611,,,,
230933_at,0.55399031,0.1082534,,,,
221981_s_at,0.55402677,-0.09168395,,,,
227516_at,0.55404571,-0.06660054,,,,
213212_x_at,0.55410415,0.19433237,,,,
213923_at,0.55418767,-0.1115179,,,,
230222_at,0.55420174,-0.04133528,,,,
214509_at,0.55420261,-0.04080289,,,,
206467_x_at,0.55421064,-0.15049854,,,,
1563589_at,0.55423279,-0.02560535,,,,
1569311_at,0.554246,-0.08067336,,,,
213697_at,0.55428482,-0.06064095,,,,
234188_at,0.55428876,0.04166491,,,,
220194_at,0.55429531,-0.05584353,,,,
231049_at,0.55434973,0.0593382,,,,
223959_at,0.55435629,-0.1026459,,,,
211210_x_at,0.55439919,-0.10009435,,,,
226881_at,0.55443428,-0.0680393,,,,
220356_at,0.55443476,-0.21328986,,,,
205669_at,0.55447897,0.07724768,,,,
223596_at,0.55449447,-0.11695514,,,,
204838_s_at,0.55451798,0.11283437,,,,
205129_at,0.554543,0.10667622,,,,
1556242_a_at,0.55455444,0.11270593,,,,
211324_s_at,0.55457979,-0.02863371,,,,
227545_at,0.55458419,0.12788615,,,,
203062_s_at,0.55460768,0.10159211,,,,
219899_x_at,0.5546215,-0.04101481,,,,
1563656_at,0.55462225,-0.02411961,,,,
200721_s_at,0.55465828,-0.08425082,,,,
202823_at,0.55470258,0.1225735,,,,
204216_s_at,0.55472919,-0.06753487,,,,
222292_at,0.55476647,-0.04692851,,,,
203449_s_at,0.5547706,0.09721699,,,,
237781_at,0.55478182,0.05145011,,,,
215659_at,0.55478243,0.05371845,,,,
211910_at,0.55480002,-0.04591668,,,,
205818_at,0.55480396,0.22986009,,,,
1569615_at,0.55481893,-0.03067535,,,,
230150_at,0.55483081,0.1073498,,,,
241508_at,0.55486226,-0.0513512,,,,
225001_at,0.55488622,-0.12508103,,,,
232640_at,0.55488854,-0.03872269,,,,
1569930_at,0.5549213,-0.03081054,,,,
1555907_at,0.55492218,-0.12712788,,,,
230507_at,0.55492848,-0.03409058,,,,
212760_at,0.55494405,0.07289967,,,,
207852_at,0.55495731,-0.08583219,,,,
237304_at,0.55496767,0.07324127,,,,
213398_s_at,0.55497741,0.08361893,,,,
201655_s_at,0.5550079,0.10135088,,,,
1555979_at,0.55504275,-0.04965627,,,,
236239_at,0.55505457,-0.05220323,,,,
1562822_at,0.55506001,-0.03552586,,,,
220556_at,0.55506824,0.11527872,,,,
228053_s_at,0.55506993,0.10604607,,,,
213141_at,0.55509255,0.0485135,,,,
218325_s_at,0.5551053,0.11257244,,,,
206941_x_at,0.55516124,-0.1579709,,,,
221701_s_at,0.55516216,-0.1018726,,,,
1557219_at,0.55517351,-0.0506594,,,,
240256_at,0.55518952,-0.04433377,,,,
1558722_at,0.55521698,0.13172283,,,,
224239_at,0.5552202,0.05716318,,,,
229238_at,0.55522545,0.13127439,,,,
233461_x_at,0.55527156,0.10594109,,,,
209701_at,0.55527966,-0.12627528,,,,
1552296_at,0.55528497,-0.14164231,,,,
244347_at,0.55529888,0.11700033,,,,
204191_at,0.55533712,0.07690777,,,,
201957_at,0.55534098,-0.12677677,,,,
1560282_at,0.55539331,-0.02847442,,,,
201887_at,0.55543844,0.1107805,,,,
244594_x_at,0.55544275,-0.03716341,,,,
202362_at,0.55545889,-0.06639734,,,,
214087_s_at,0.55553822,0.3391171,,,,
210131_x_at,0.55554884,0.10406294,,,,
227648_at,0.55555149,-0.03304199,,,,
226780_s_at,0.55556632,0.12949639,,,,
1559139_at,0.55559047,-0.09337037,,,,
206704_at,0.55559587,0.10810603,,,,
1557129_a_at,0.55559871,0.16140794,,,,
206951_at,0.55561273,0.07092028,,,,
229500_at,0.5556283,-0.13733949,,,,
239478_x_at,0.55563775,0.08924263,,,,
39763_at,0.55563948,0.49458707,,,,
217194_at,0.55567621,-0.02404821,,,,
219910_at,0.55573691,0.09003405,,,,
1564591_a_at,0.55575254,-0.03790154,,,,
233291_at,0.55577755,0.06040898,,,,
242500_at,0.55578,-0.10946549,,,,
219398_at,0.55578163,-0.09934228,,,,
215507_x_at,0.55578296,-0.04631983,,,,
1557829_at,0.555788,-0.03318599,,,,
231711_at,0.55579595,-0.16343112,,,,
235371_at,0.55581209,0.29510608,,,,
214598_at,0.55582922,0.24449809,,,,
202174_s_at,0.55584352,0.08506088,,,,
1554849_at,0.55587508,-0.03494909,,,,
212520_s_at,0.55589506,0.11828815,,,,
202701_at,0.55592337,0.10074378,,,,
225327_at,0.55592573,0.13170295,,,,
1553508_at,0.55593566,-0.02917265,,,,
208154_at,0.55597757,-0.05268852,,,,
1552666_a_at,0.55598059,-0.02863385,,,,
1566207_at,0.55598427,-0.03225034,,,,
243130_at,0.55598492,-0.05167843,,,,
1555557_a_at,0.55600522,0.03291029,,,,
215263_at,0.55602818,-0.06374292,,,,
240657_at,0.55607129,-0.0345368,,,,
228080_at,0.55607423,0.19421489,,,,
1555063_at,0.55612376,0.05536653,,,,
1563290_at,0.55613208,-0.04182449,,,,
228562_at,0.55615082,0.18261459,,,,
208846_s_at,0.55616827,0.07696535,,,,
1554310_a_at,0.55617967,-0.05356688,,,,
212374_at,0.55617968,0.09821176,,,,
1563178_at,0.55619739,-0.03642977,,,,
203406_at,0.55621648,0.05795296,,,,
211506_s_at,0.5562301,-0.35530832,,,,
1558400_x_at,0.5562385,-0.04086961,,,,
1568822_at,0.5562803,0.04202101,,,,
204783_at,0.55630584,0.25714179,,,,
1557734_s_at,0.55633009,-0.02959124,,,,
219957_at,0.55635413,-0.11496841,,,,
1560646_at,0.5563592,0.02816325,,,,
204343_at,0.55638226,-0.1570412,,,,
201564_s_at,0.55639477,0.22971331,,,,
218819_at,0.55639612,-0.08358149,,,,
235113_at,0.55641222,0.10780083,,,,
1558784_at,0.55641472,-0.05572893,,,,
213368_x_at,0.55642063,0.073332,,,,
242695_at,0.55646554,-0.10158389,,,,
218880_at,0.55660945,-0.16234834,,,,
1566702_at,0.5566107,-0.04126101,,,,
212179_at,0.55662144,0.14349939,,,,
237782_at,0.55663236,0.06775814,,,,
242161_at,0.55664559,0.05852746,,,,
214592_s_at,0.55664771,0.06806433,,,,
233178_at,0.55668328,-0.04297232,,,,
209541_at,0.55669619,0.34130669,,,,
236347_at,0.55669971,-0.11786447,,,,
200012_x_at,0.55670366,-0.04055702,,,,
1561237_at,0.55670529,0.044502,,,,
1568784_at,0.55670626,0.02169404,,,,
219357_at,0.55672878,-0.06247657,,,,
215397_x_at,0.55673588,0.0392126,,,,
239382_at,0.55674406,-0.04917236,,,,
1569699_at,0.55675296,-0.05396608,,,,
203458_at,0.55676913,-0.11754004,,,,
1558956_s_at,0.55679211,0.12873445,,,,
233695_s_at,0.55679309,-0.03702232,,,,
211374_x_at,0.55680096,0.04639632,,,,
233670_at,0.55680654,0.03040216,,,,
225497_at,0.55681082,0.08738142,,,,
1555390_at,0.55682511,0.07038281,,,,
1556963_at,0.5568737,0.03028646,,,,
1555162_at,0.55689751,0.04442257,,,,
240365_at,0.55692414,0.06238308,,,,
223240_at,0.55694089,0.09109386,,,,
232883_at,0.55694447,0.0653274,,,,
232845_at,0.55696812,0.05620918,,,,
207734_at,0.55705183,-0.10082593,,,,
206838_at,0.55706594,-0.05966632,,,,
240576_at,0.55707856,0.03724634,,,,
229211_at,0.5570906,0.06885989,,,,
230323_s_at,0.55709956,-0.3995399,,,,
214125_s_at,0.5571014,-0.06979961,,,,
214630_at,0.55711063,-0.05870203,,,,
1562907_at,0.55711718,-0.03701442,,,,
1556661_at,0.55712692,-0.0372657,,,,
202774_s_at,0.55716272,-0.07883433,,,,
225503_at,0.55720959,0.10074352,,,,
43544_at,0.55722009,0.07928157,,,,
233152_x_at,0.55723092,0.15499393,,,,
229229_at,0.5572511,0.30826062,,,,
211694_at,0.55727062,-0.03669145,,,,
240751_at,0.55728048,-0.0257461,,,,
1563043_at,0.55730204,-0.03959569,,,,
218351_at,0.55734197,0.10449801,,,,
225837_at,0.55737137,0.11507662,,,,
224765_at,0.55737817,0.07565567,,,,
1569024_at,0.55739265,0.047698,,,,
211577_s_at,0.55740583,0.22343357,,,,
236038_at,0.55744694,0.22255275,,,,
222416_at,0.55745449,0.10500805,,,,
1564773_x_at,0.55746334,0.06632199,,,,
216232_s_at,0.55746605,0.0811401,,,,
219129_s_at,0.55746797,-0.0597751,,,,
235936_at,0.55750235,-0.06827396,,,,
201924_at,0.55750393,0.10559779,,,,
1559462_at,0.55754798,-0.1449787,,,,
217600_at,0.5575489,0.06981531,,,,
1555434_a_at,0.55756424,-0.15313255,,,,
243034_at,0.55757013,-0.04718797,,,,
214698_at,0.55757128,-0.10278031,,,,
1560698_a_at,0.55763905,-0.07448126,,,,
235734_at,0.55764568,0.06177184,,,,
228449_at,0.55767238,0.09344042,,,,
215927_at,0.55767302,-0.03948506,,,,
216861_at,0.5577057,-0.03663397,,,,
207321_s_at,0.55773077,-0.05723301,,,,
1555332_at,0.55774183,-0.0282978,,,,
203365_s_at,0.5577435,-0.10175255,,,,
205769_at,0.55780067,-0.4128398,,,,
1561104_at,0.55786383,-0.02809588,,,,
211863_x_at,0.55786597,-0.07797324,,,,
1556581_at,0.55787441,-0.0588651,,,,
240778_at,0.55788034,0.03637686,,,,
210996_s_at,0.55790382,-0.08308516,,,,
231426_at,0.55790789,-0.16508843,,,,
240591_at,0.55790967,-0.03513691,,,,
231376_at,0.55792604,0.230704,,,,
217737_x_at,0.55793657,-0.07550243,,,,
240734_at,0.55796705,-0.02279946,,,,
1554194_at,0.55800241,-0.03739777,,,,
232211_at,0.55800634,0.0428722,,,,
224740_at,0.55801254,0.07829686,,,,
203939_at,0.55801315,0.26056316,,,,
225547_at,0.55803154,0.11714307,,,,
1562529_s_at,0.55806036,0.13522171,,,,
207883_s_at,0.55813823,0.28793122,,,,
1555862_s_at,0.5581752,0.06823915,,,,
240738_at,0.55817648,0.04642102,,,,
244714_at,0.55817902,-0.03173769,,,,
215214_at,0.55818186,-0.26388095,,,,
228994_at,0.55819164,-0.0754763,,,,
240342_at,0.55820384,-0.04541427,,,,
226253_at,0.55822032,0.08888978,,,,
227386_s_at,0.55824866,-0.14338363,,,,
226287_at,0.55826045,0.14371799,,,,
55616_at,0.55827188,-0.08023292,,,,
223070_at,0.55829594,0.05858788,,,,
218027_at,0.55831453,0.10728212,,,,
1569212_at,0.55835274,0.04063278,,,,
206963_s_at,0.55837919,0.24877602,,,,
222303_at,0.55839249,-0.18290017,,,,
236972_at,0.55840384,0.18676224,,,,
240013_at,0.5584195,-0.13098361,,,,
208852_s_at,0.55847518,-0.09022445,,,,
235917_at,0.55848983,0.07477138,,,,
240688_at,0.5584899,-0.04025121,,,,
1557948_at,0.5585529,0.11239983,,,,
207649_at,0.55856128,-0.06008281,,,,
233428_at,0.55858249,0.0886505,,,,
1560512_at,0.55858288,-0.11168303,,,,
231485_at,0.55859132,0.03892291,,,,
235593_at,0.55859177,-0.19061561,,,,
201760_s_at,0.55860939,-0.06630868,,,,
234137_s_at,0.55860948,-0.05470842,,,,
206317_s_at,0.55862038,-0.05610768,,,,
209759_s_at,0.55862201,-0.11780094,,,,
204009_s_at,0.55863116,0.08136855,,,,
243864_at,0.55866582,0.25765279,,,,
220265_at,0.55869198,-0.09257769,,,,
239531_at,0.5587757,0.05362205,,,,
233891_at,0.55884978,-0.04414384,,,,
225046_at,0.55885023,0.24732191,,,,
239586_at,0.55886716,-0.22650148,,,,
201583_s_at,0.55887837,0.10320233,,,,
1570244_at,0.55888318,0.02316107,,,,
223535_at,0.55888455,0.18221286,,,,
243931_at,0.55888498,0.14881223,,,,
231810_at,0.55892131,-0.11755453,,,,
207989_at,0.55892868,-0.03132723,,,,
233434_at,0.55893609,-0.03083811,,,,
221208_s_at,0.55895992,0.12062188,,,,
219571_s_at,0.55898086,0.10496748,,,,
218992_at,0.55899863,-0.10912948,,,,
213105_s_at,0.55900015,0.06208496,,,,
218117_at,0.55900453,0.07812216,,,,
1553878_at,0.55903009,0.04430881,,,,
219305_x_at,0.55903716,0.20606326,,,,
226037_s_at,0.55904665,0.09147895,,,,
1565149_at,0.55905893,-0.07750311,,,,
207036_x_at,0.55907887,0.03586602,,,,
230151_at,0.55911114,-0.1182564,,,,
221854_at,0.5591602,0.27733935,,,,
1569539_at,0.55917174,-0.02908384,,,,
219717_at,0.55918508,-0.12460726,,,,
236607_at,0.55919427,0.09242978,,,,
220020_at,0.55923228,-0.0633471,,,,
208644_at,0.55923364,0.09585495,,,,
235739_at,0.55925274,-0.04032533,,,,
226670_s_at,0.55928861,0.18645154,,,,
225651_at,0.55929572,0.13366955,,,,
1555441_at,0.55929808,0.06037066,,,,
243689_s_at,0.5593484,-0.03080271,,,,
214109_at,0.559357,-0.11888609,,,,
1566779_at,0.55936567,-0.03137291,,,,
200075_s_at,0.559394,-0.08495039,,,,
238010_at,0.55939874,-0.13319117,,,,
227280_s_at,0.55944239,0.10898275,,,,
213210_at,0.55944755,-0.05576921,,,,
237300_at,0.55945792,-0.04251379,,,,
238422_at,0.55946976,-0.08329787,,,,
224005_at,0.55951899,0.06111248,,,,
220029_at,0.55952051,0.16664801,,,,
237497_at,0.55953135,-0.04348783,,,,
237974_at,0.55954615,0.13719174,,,,
211076_x_at,0.55955089,0.06588719,,,,
224793_s_at,0.55956035,0.09715693,,,,
228564_at,0.55958825,0.26115812,,,,
224653_at,0.55962298,0.07892515,,,,
244685_at,0.55963501,-0.03519506,,,,
230526_at,0.55968256,-0.11376092,,,,
217891_at,0.5597016,-0.1175361,,,,
215958_at,0.55970434,-0.03047053,,,,
243667_at,0.55971772,-0.06180222,,,,
242967_at,0.55971924,-0.18983701,,,,
226742_at,0.55973818,-0.1124619,,,,
1566541_at,0.55974229,-0.02700535,,,,
238948_at,0.5597441,0.07311955,,,,
210415_s_at,0.55977298,0.10453948,,,,
225344_at,0.55978271,0.14322701,,,,
239718_at,0.55978774,0.09954668,,,,
201910_at,0.55980267,0.11552295,,,,
214693_x_at,0.55983476,0.11997115,,,,
237910_x_at,0.5598472,-0.04204645,,,,
235250_at,0.55990126,0.07349747,,,,
231057_at,0.55990218,0.10714862,,,,
236613_at,0.55991056,0.08246056,,,,
1557505_a_at,0.55992424,-0.06245446,,,,
1560488_at,0.55993551,-0.04340845,,,,
1558762_a_at,0.5599356,0.05555737,,,,
1552919_at,0.55995297,0.06374903,,,,
209310_s_at,0.55995481,-0.12681425,,,,
1558570_at,0.56000584,-0.03906236,,,,
222087_at,0.56002196,-0.06488316,,,,
1552619_a_at,0.56002854,0.18768606,,,,
229843_at,0.5600363,0.14311518,,,,
224237_at,0.56004816,-0.0279784,,,,
206771_at,0.56008191,-0.06291509,,,,
244655_at,0.56012449,0.10488701,,,,
220357_s_at,0.56012552,-0.12448899,,,,
228402_at,0.56012895,0.10487643,,,,
216774_at,0.56013115,-0.04246141,,,,
243826_at,0.560146,0.04685656,,,,
235635_at,0.56015111,0.17109525,,,,
1565598_at,0.56016201,-0.09618554,,,,
243463_s_at,0.5601988,0.09650099,,,,
215921_at,0.56020661,-0.10197034,,,,
1557287_at,0.5602183,0.0738354,,,,
241326_at,0.56022442,-0.03690692,,,,
240449_at,0.56022796,-0.07516351,,,,
210658_s_at,0.56023398,-0.10862455,,,,
1558418_at,0.56028333,-0.03299413,,,,
216027_at,0.56028531,-0.02993384,,,,
208900_s_at,0.5603265,-0.12456214,,,,
228048_at,0.56032661,-0.07575717,,,,
207906_at,0.56032675,-0.03189518,,,,
224766_at,0.56034771,0.13071055,,,,
225240_s_at,0.56037234,0.18040904,,,,
1554931_at,0.56038056,0.07982026,,,,
206340_at,0.56039075,0.36183815,,,,
213866_at,0.56039131,0.05699029,,,,
239646_at,0.56040695,-0.0673168,,,,
239637_at,0.56045064,0.06937937,,,,
218037_at,0.56045856,0.07425851,,,,
222774_s_at,0.56054214,0.21841886,,,,
1554689_a_at,0.56055261,-0.09338387,,,,
217193_x_at,0.56055553,-0.04035839,,,,
236593_at,0.56056275,-0.04490052,,,,
201579_at,0.56056277,0.18000444,,,,
222104_x_at,0.56058862,0.07339003,,,,
237256_at,0.56059561,-0.04055718,,,,
236223_s_at,0.56060157,-0.12380991,,,,
1564665_at,0.5606056,-0.03470866,,,,
230854_at,0.56061333,0.15033243,,,,
244635_s_at,0.56062302,0.03077933,,,,
1555120_at,0.5606253,-0.10414213,,,,
220730_at,0.5606326,-0.04997093,,,,
225448_at,0.56066486,0.10299802,,,,
216733_s_at,0.56069157,0.32881786,,,,
207308_at,0.56070544,0.10578424,,,,
204001_at,0.56075122,-0.07678464,,,,
233730_at,0.56077399,0.05759772,,,,
234783_at,0.56077713,-0.02963212,,,,
238246_at,0.56081401,0.04684386,,,,
230804_at,0.560852,0.03787898,,,,
210038_at,0.5608555,-0.17066931,,,,
214528_s_at,0.56092572,-0.19306915,,,,
1555848_at,0.56096245,-0.09448374,,,,
207261_at,0.56098979,-0.03064845,,,,
237098_at,0.56100126,0.05194712,,,,
1558622_a_at,0.56101743,-0.06610447,,,,
243638_at,0.56102059,0.02825083,,,,
223226_x_at,0.56102524,0.07526773,,,,
212499_s_at,0.56103601,0.08626884,,,,
206079_at,0.56104865,0.10423197,,,,
209558_s_at,0.56106293,0.11332173,,,,
240586_at,0.56106331,-0.02357369,,,,
1569578_at,0.56106894,-0.05170501,,,,
231239_at,0.56106914,0.04529363,,,,
241957_x_at,0.56107091,0.10036088,,,,
226786_at,0.56108616,-0.05778612,,,,
236294_at,0.56110098,-0.06541738,,,,
1553797_a_at,0.56110761,0.08600934,,,,
1569608_x_at,0.56112829,0.11258451,,,,
217686_at,0.56113412,-0.04984425,,,,
225909_at,0.56113446,-0.06698733,,,,
233160_at,0.56114741,-0.02741276,,,,
220926_s_at,0.56115755,-0.10586823,,,,
219113_x_at,0.5611714,-0.11129657,,,,
204155_s_at,0.56117382,-0.07099944,,,,
229943_at,0.56118098,-0.12434721,,,,
1564211_at,0.56118919,0.03321456,,,,
239280_at,0.56118987,0.09462736,,,,
216670_at,0.56121946,-0.04537617,,,,
225148_at,0.56124038,0.04876442,,,,
1559256_at,0.56125982,-0.03617538,,,,
232914_s_at,0.56126435,-0.19442704,,,,
239319_at,0.56126444,-0.25893441,,,,
207820_at,0.5612925,0.57266453,,,,
224316_at,0.56129357,-0.09219627,,,,
238456_at,0.56129715,0.10663351,,,,
229443_at,0.56130045,0.06075114,,,,
207694_at,0.56131786,0.03411995,,,,
233610_at,0.56131852,0.03143151,,,,
232908_at,0.56132379,-0.05781881,,,,
207534_at,0.56135052,0.03568771,,,,
1556616_a_at,0.56135333,0.08832133,,,,
1559393_at,0.5613569,0.05343281,,,,
214856_at,0.56136493,-0.03498703,,,,
223297_at,0.56138002,0.07387916,,,,
210303_at,0.56140042,-0.0492314,,,,
1570114_at,0.56146957,0.02446047,,,,
230554_at,0.5615029,0.50416764,,,,
203973_s_at,0.56152901,0.13855366,,,,
236631_at,0.56160769,0.06143869,,,,
215495_s_at,0.56161237,-0.11805918,,,,
209379_s_at,0.56161295,0.09342383,,,,
228222_at,0.56161906,0.10879386,,,,
201362_at,0.56162074,-0.13110794,,,,
1569112_at,0.56167653,-0.19062274,,,,
231603_at,0.56173173,0.02302617,,,,
233196_at,0.56177095,-0.05135911,,,,
223537_s_at,0.5617849,0.07789859,,,,
211601_at,0.56179203,0.03045965,,,,
212082_s_at,0.56179714,0.05081899,,,,
216063_at,0.56182881,0.04166728,,,,
244708_at,0.5618576,-0.04463771,,,,
216127_at,0.56186237,0.04060243,,,,
224461_s_at,0.56187416,0.140531,,,,
225442_at,0.56187911,0.24260949,,,,
225049_at,0.56188917,0.0735135,,,,
208040_s_at,0.56189,-0.05411348,,,,
204774_at,0.56189584,-0.19136844,,,,
1554783_s_at,0.56190798,0.06522909,,,,
1553589_a_at,0.56192429,-0.33943565,,,,
238015_at,0.56196,0.13078582,,,,
221142_s_at,0.56205984,0.20388035,,,,
1557861_at,0.56206042,-0.02750066,,,,
233268_s_at,0.56208249,0.08799064,,,,
233398_at,0.56211945,0.04882267,,,,
1566644_at,0.56212468,-0.03191968,,,,
1568704_a_at,0.56212476,-0.03940038,,,,
217815_at,0.56212655,0.0662994,,,,
238409_x_at,0.56213326,-0.04850491,,,,
222593_s_at,0.56215385,0.11279209,,,,
233397_at,0.56222871,-0.03410845,,,,
238581_at,0.5622301,-0.17506716,,,,
213164_at,0.56224169,-0.11248608,,,,
1555334_s_at,0.56224588,-0.09411183,,,,
239434_at,0.56225368,-0.04817578,,,,
224347_x_at,0.56231567,-0.06103674,,,,
242496_at,0.56238748,0.34004654,,,,
223141_at,0.56242553,0.05730087,,,,
215316_at,0.56252589,-0.0371659,,,,
202386_s_at,0.56254191,-0.07282158,,,,
215786_at,0.56256707,-0.04736163,,,,
1559593_a_at,0.56257742,0.04561713,,,,
236577_at,0.56262835,0.18389738,,,,
242184_s_at,0.56264938,-0.03893079,,,,
228421_s_at,0.56270384,-0.10273713,,,,
236285_at,0.56271204,0.13721267,,,,
206631_at,0.56271773,-0.19035546,,,,
206983_at,0.56272846,-0.13970185,,,,
204449_at,0.56276082,0.08413807,,,,
238377_s_at,0.56279711,-0.04003574,,,,
242538_at,0.56282389,-0.08243165,,,,
239026_x_at,0.56286844,0.05361753,,,,
1570264_at,0.56288069,0.04384582,,,,
243905_at,0.56288769,-0.0487736,,,,
1554015_a_at,0.5629083,0.08906503,,,,
215529_x_at,0.56292444,0.06379294,,,,
204790_at,0.56295649,-0.09656329,,,,
212576_at,0.56296797,-0.06780318,,,,
216095_x_at,0.56298986,0.07348534,,,,
37549_g_at,0.56299868,0.08030175,,,,
207290_at,0.56300141,0.09759538,,,,
203741_s_at,0.56301005,-0.15630544,,,,
218937_at,0.56301344,-0.05425631,,,,
242610_x_at,0.5630165,0.0869034,,,,
208523_x_at,0.56303751,0.1484268,,,,
1553280_at,0.5630414,-0.07751143,,,,
228055_at,0.56307462,-0.21282836,,,,
214454_at,0.56307827,0.12470427,,,,
229933_at,0.5631011,0.10996414,,,,
242963_at,0.5631351,-0.15852953,,,,
1560133_at,0.56315706,0.06214939,,,,
241450_at,0.56316223,0.06812118,,,,
1565603_at,0.56317891,-0.04234789,,,,
220756_s_at,0.56319686,-0.05811778,,,,
215816_at,0.56320299,-0.03670214,,,,
209790_s_at,0.56321098,0.139481,,,,
223418_x_at,0.56327486,-0.09329551,,,,
213426_s_at,0.56332476,-0.07589129,,,,
241936_x_at,0.56332504,0.10390815,,,,
1553219_a_at,0.56333598,-0.16305551,,,,
218662_s_at,0.56335983,0.18374738,,,,
239074_at,0.56337052,-0.04536286,,,,
207695_s_at,0.56338156,0.08353862,,,,
218019_s_at,0.56339859,-0.11468274,,,,
205584_at,0.56343593,-0.10384803,,,,
1552849_at,0.56347788,-0.05206785,,,,
226886_at,0.56349085,-0.13075594,,,,
206010_at,0.56355753,0.34064619,,,,
229262_at,0.56359478,0.06653914,,,,
214744_s_at,0.56361936,-0.10396566,,,,
213135_at,0.56363422,0.18255279,,,,
238938_at,0.56367738,-0.02944162,,,,
237267_at,0.56372791,-0.03799308,,,,
241338_at,0.56372826,0.03779245,,,,
221654_s_at,0.56377009,0.07448129,,,,
217448_s_at,0.56378782,-0.12875932,,,,
242922_at,0.56379747,-0.06032711,,,,
1557689_at,0.56382073,-0.04679927,,,,
204362_at,0.56383457,-0.16103442,,,,
226263_at,0.56387444,0.06618175,,,,
220413_at,0.56389733,0.17480639,,,,
226334_s_at,0.56389977,0.16719432,,,,
243081_at,0.56391226,-0.02952843,,,,
214175_x_at,0.56392802,0.14795849,,,,
1557415_s_at,0.56395288,-0.07458063,,,,
1553007_a_at,0.56398256,-0.03934017,,,,
225222_at,0.56399979,0.06608565,,,,
200811_at,0.56400917,-0.11541304,,,,
243160_at,0.56401426,0.06261723,,,,
1569780_at,0.56402547,0.03294977,,,,
242263_at,0.56407036,-0.14726021,,,,
244528_at,0.56407065,-0.02716913,,,,
217013_at,0.56408096,0.11965106,,,,
1566766_a_at,0.56409705,-0.27026869,,,,
243501_at,0.56411109,0.09835039,,,,
203260_at,0.56412456,0.10045966,,,,
1563013_at,0.56416178,-0.03403021,,,,
231163_at,0.56420469,-0.04129915,,,,
1563034_at,0.56423945,0.05255065,,,,
229230_at,0.56429561,0.34355095,,,,
239624_at,0.56430893,-0.18772497,,,,
237079_at,0.56432585,-0.04535604,,,,
215011_at,0.56432863,-0.13125345,,,,
241573_at,0.56438182,-0.04306382,,,,
208535_x_at,0.56438583,-0.04383176,,,,
203283_s_at,0.56441377,0.09805716,,,,
214272_at,0.56442533,0.03912401,,,,
203598_s_at,0.56443307,0.08955799,,,,
1570248_at,0.564437,-0.03051282,,,,
224989_at,0.56444602,0.1569598,,,,
226443_at,0.5644496,0.07078954,,,,
1561497_at,0.56447283,0.05108665,,,,
204273_at,0.56449318,0.2405949,,,,
202181_at,0.56453577,-0.08711567,,,,
206535_at,0.56459781,0.55510881,,,,
207849_at,0.56460728,-0.02786353,,,,
1561468_at,0.56461247,0.03266465,,,,
206399_x_at,0.56471657,-0.08274439,,,,
1557353_at,0.56473388,0.08231524,,,,
236254_at,0.56478855,-0.11919871,,,,
224181_at,0.56483098,-0.05306423,,,,
213873_at,0.56489095,-0.06020619,,,,
1555726_at,0.56491297,-0.02319666,,,,
241043_at,0.56493801,0.03083124,,,,
209636_at,0.56495016,-0.06310141,,,,
225764_at,0.5650082,0.12789163,,,,
220904_at,0.56502811,-0.05329981,,,,
204236_at,0.56503847,-0.17910806,,,,
205581_s_at,0.56504537,-0.1192867,,,,
219575_s_at,0.56505493,0.08239104,,,,
204642_at,0.56506064,0.12526277,,,,
221038_at,0.56509896,-0.05337609,,,,
212099_at,0.56512104,0.15594437,,,,
215726_s_at,0.56512168,0.24824588,,,,
205915_x_at,0.56513166,-0.04246761,,,,
242228_at,0.56517669,-0.15986484,,,,
212681_at,0.56518239,-0.20815585,,,,
204350_s_at,0.56521426,0.07295033,,,,
209908_s_at,0.56522312,0.14568683,,,,
214541_s_at,0.56522491,-0.06822048,,,,
225339_at,0.5652258,-0.08861569,,,,
227588_s_at,0.56524107,-0.04512631,,,,
215426_at,0.56525565,0.04348703,,,,
220795_s_at,0.56527014,0.08047204,,,,
218913_s_at,0.56529032,-0.07966548,,,,
236159_x_at,0.56529578,-0.03230004,,,,
214743_at,0.56531615,0.11677269,,,,
207962_at,0.56532356,-0.0371221,,,,
202783_at,0.56532923,0.15997165,,,,
239182_at,0.56536488,0.06052727,,,,
215005_at,0.56536774,-0.06063322,,,,
212118_at,0.56540088,0.06641543,,,,
1557994_at,0.56541229,0.12080523,,,,
217646_at,0.56544425,-0.05371021,,,,
229711_s_at,0.56547932,0.12785232,,,,
232022_at,0.56549097,0.05012441,,,,
1561339_at,0.56553169,-0.03734562,,,,
1564568_at,0.56553314,-0.04137226,,,,
244276_at,0.56554206,0.31268589,,,,
211467_s_at,0.56555471,0.17139726,,,,
202426_s_at,0.56561541,0.1112036,,,,
238583_at,0.56562608,0.10069748,,,,
203114_at,0.56562803,0.11733304,,,,
1553992_s_at,0.56563046,-0.09828564,,,,
244727_at,0.56564605,0.03320508,,,,
203583_at,0.56565374,-0.05407774,,,,
1565978_a_at,0.56569255,0.03028805,,,,
240433_x_at,0.56571493,-0.05111157,,,,
219249_s_at,0.56572632,0.17115721,,,,
227890_at,0.56573484,0.10399437,,,,
210529_s_at,0.56574161,0.09732084,,,,
216229_x_at,0.56576037,0.05151608,,,,
202869_at,0.56578527,-0.19949,,,,
213062_at,0.56582436,0.08205402,,,,
243071_at,0.56583956,-0.06208651,,,,
242169_at,0.56585678,0.04318281,,,,
1553474_at,0.56587564,-0.03554516,,,,
1554333_at,0.56588565,-0.1998364,,,,
242162_at,0.56588914,0.0803235,,,,
234724_x_at,0.56596254,-0.08172032,,,,
227755_at,0.56602138,0.1080633,,,,
220827_at,0.5660273,-0.04083231,,,,
230875_s_at,0.56605741,-0.17885184,,,,
232006_at,0.56606139,-0.04382077,,,,
239377_at,0.56606222,0.06205771,,,,
229273_at,0.56607257,0.30109765,,,,
218543_s_at,0.56609093,-0.13362578,,,,
243702_at,0.56609243,-0.10946998,,,,
218907_s_at,0.5661065,-0.07691264,,,,
202864_s_at,0.5661257,-0.08315796,,,,
1560433_at,0.56615156,-0.11079124,,,,
1560648_s_at,0.56617246,0.07351989,,,,
222911_s_at,0.5661787,0.09415012,,,,
222762_x_at,0.56622302,0.08523941,,,,
205847_at,0.5662321,-0.08694002,,,,
207764_s_at,0.56624764,-0.105485,,,,
1552390_a_at,0.56625276,0.2549874,,,,
1554542_at,0.56625309,-0.03754159,,,,
222224_at,0.56625466,-0.03330387,,,,
224967_at,0.56627857,-0.10740129,,,,
241903_at,0.56631277,0.08384846,,,,
226586_at,0.56631631,0.10029267,,,,
233756_at,0.56635807,-0.04231424,,,,
209008_x_at,0.56635922,-0.27636933,,,,
234448_at,0.56640526,-0.02698556,,,,
1552846_s_at,0.56640854,-0.14086571,,,,
241123_at,0.5664227,0.03067172,,,,
1560987_a_at,0.56645835,-0.02901642,,,,
37872_at,0.56649457,-0.04465911,,,,
225120_at,0.56650067,0.08991029,,,,
201045_s_at,0.56655806,0.06653042,,,,
201214_s_at,0.56658396,-0.07004617,,,,
211728_s_at,0.56662795,0.0743364,,,,
210325_at,0.56663397,-0.14942143,,,,
244421_at,0.56668345,-0.03969326,,,,
219316_s_at,0.56668733,-0.15961507,,,,
219301_s_at,0.56673718,-0.20449008,,,,
243274_x_at,0.56674028,-0.02666933,,,,
209450_at,0.56676641,0.05943791,,,,
219759_at,0.56677599,-0.32397423,,,,
244376_at,0.56682569,-0.03352484,,,,
224410_s_at,0.56685401,-0.10898251,,,,
206330_s_at,0.56689201,-0.05736649,,,,
213309_at,0.56690159,-0.16984838,,,,
241558_at,0.56692843,-0.03010362,,,,
220964_s_at,0.56695791,-0.06690319,,,,
1558982_at,0.56695962,-0.09533293,,,,
209107_x_at,0.56698888,0.07227739,,,,
200046_at,0.56701437,0.06199212,,,,
244803_at,0.56702358,0.1512798,,,,
206657_s_at,0.56703187,0.04542907,,,,
208876_s_at,0.56707151,0.11012526,,,,
213806_at,0.56708731,0.03993378,,,,
207095_at,0.56711223,-0.02975864,,,,
234843_s_at,0.56711284,-0.10253313,,,,
239279_at,0.56711679,0.11222759,,,,
229069_at,0.56712391,0.07657029,,,,
1554305_at,0.56713171,-0.04600206,,,,
224924_at,0.56713446,-0.09207915,,,,
1561516_at,0.56714796,-0.03290421,,,,
233703_x_at,0.5671527,-0.01987926,,,,
213200_at,0.56725899,-0.05274344,,,,
242157_at,0.56726105,-0.0968421,,,,
238705_at,0.56726402,-0.028905,,,,
216116_at,0.56727224,-0.03667093,,,,
1566476_at,0.56728271,-0.02996958,,,,
220778_x_at,0.5672881,-0.04115466,,,,
242939_at,0.56729126,-0.11141207,,,,
1562737_at,0.56730293,-0.02313501,,,,
205118_at,0.56731089,-0.034439,,,,
220095_at,0.56731978,-0.09549729,,,,
213577_at,0.56733028,-0.13852708,,,,
227868_at,0.56735669,0.14874001,,,,
215140_at,0.56740124,0.04585129,,,,
201510_at,0.56740126,-0.30313765,,,,
236053_at,0.56740321,-0.04098854,,,,
204845_s_at,0.56740399,0.22671163,,,,
237772_at,0.56740478,0.03839062,,,,
211029_x_at,0.56740965,0.22066675,,,,
228831_s_at,0.56741151,-0.15531619,,,,
1559239_s_at,0.5674142,0.13862879,,,,
241396_at,0.56743806,0.13675255,,,,
244883_at,0.56744775,-0.03145621,,,,
1554321_a_at,0.56746159,-0.1345454,,,,
238209_at,0.56749905,-0.04314572,,,,
201452_at,0.56756851,0.08328486,,,,
1560717_at,0.56758168,0.02294103,,,,
1570542_a_at,0.56762534,-0.07497401,,,,
234005_x_at,0.56767193,-0.08774768,,,,
237541_at,0.56767455,-0.04260462,,,,
1556571_at,0.5676778,-0.04705091,,,,
1553106_at,0.56769603,-0.14695005,,,,
213482_at,0.56769669,-0.09390529,,,,
238028_at,0.56769854,0.17250734,,,,
233132_at,0.56771798,-0.07582752,,,,
236264_at,0.56773166,-0.12385522,,,,
225212_at,0.56775179,0.10335174,,,,
227157_at,0.56775711,0.0915111,,,,
231180_at,0.56784251,0.11242144,,,,
243118_at,0.56792935,0.08097027,,,,
215895_x_at,0.5679382,-0.03554208,,,,
228726_at,0.56794383,0.17521764,,,,
230092_at,0.56796027,0.07850048,,,,
204543_at,0.5679708,-0.05980454,,,,
1554601_at,0.56803868,-0.02988477,,,,
236368_at,0.56806051,0.07137685,,,,
222099_s_at,0.56806693,0.06022682,,,,
244223_at,0.56808078,-0.0284174,,,,
240690_at,0.56808366,0.10537206,,,,
227224_at,0.56814068,-0.16180701,,,,
219338_s_at,0.56815483,0.17290556,,,,
212372_at,0.56818446,0.17292066,,,,
1560104_at,0.56823291,-0.03043294,,,,
1552311_a_at,0.56825251,0.04323685,,,,
1554250_s_at,0.56826281,-0.12084289,,,,
223291_at,0.56828435,-0.0716162,,,,
201525_at,0.56829434,0.31523398,,,,
216514_at,0.56831338,0.03346985,,,,
216799_at,0.5683265,-0.03741923,,,,
201754_at,0.56839603,0.07929738,,,,
217809_at,0.56840024,0.10755863,,,,
225349_at,0.56841353,0.05996382,,,,
220943_s_at,0.56842483,0.06918666,,,,
209357_at,0.56844568,-0.16025991,,,,
220972_s_at,0.56846559,-0.02523927,,,,
1553226_at,0.56849282,0.03562844,,,,
228742_at,0.56850109,0.15405447,,,,
203432_at,0.5685082,0.11213818,,,,
224710_at,0.5685406,0.2259066,,,,
206615_s_at,0.56857358,0.04559454,,,,
239475_at,0.56857553,-0.04751157,,,,
1563003_at,0.56858891,0.02930112,,,,
222719_s_at,0.56861835,-0.15008007,,,,
218734_at,0.56866276,0.08269836,,,,
230305_at,0.56870064,-0.12880877,,,,
1569293_x_at,0.56873476,-0.04072426,,,,
215440_s_at,0.56877479,-0.21497302,,,,
229185_at,0.56878456,-0.05040461,,,,
215901_at,0.56879412,-0.03049902,,,,
203095_at,0.56881243,0.07660505,,,,
224001_at,0.56881266,0.04347543,,,,
219001_s_at,0.56882074,0.10807681,,,,
213125_at,0.56886705,0.204206,,,,
240328_at,0.56889366,-0.03710001,,,,
235441_at,0.56891525,0.06522337,,,,
236858_s_at,0.56891681,-0.13911932,,,,
208337_s_at,0.56892253,-0.15622125,,,,
213019_at,0.56898185,0.06970091,,,,
223645_s_at,0.56899089,0.16148369,,,,
1569986_x_at,0.56900157,0.13148641,,,,
1559807_at,0.56906285,-0.03391431,,,,
238769_at,0.56907886,-0.05722847,,,,
1562927_at,0.56908381,0.02897661,,,,
1562035_at,0.56909014,-0.02296298,,,,
1567014_s_at,0.56911886,0.10996365,,,,
231957_s_at,0.56913216,-0.10708215,,,,
222380_s_at,0.56915281,0.14973518,,,,
240093_x_at,0.56916926,0.0236721,,,,
229727_x_at,0.56919552,0.09143722,,,,
239689_at,0.56920509,0.05640212,,,,
1558044_s_at,0.56921386,-0.06573591,,,,
220388_at,0.569228,0.05093383,,,,
239931_at,0.5692772,0.03679351,,,,
224741_x_at,0.56931311,-0.12350324,,,,
232793_at,0.56932876,0.11342169,,,,
234195_at,0.56933143,-0.04468866,,,,
213461_at,0.56938344,0.09518407,,,,
1563115_at,0.56942503,-0.02834182,,,,
241733_at,0.56943628,0.06821443,,,,
231614_at,0.56947218,0.06477342,,,,
227956_at,0.56947357,0.04421766,,,,
219056_at,0.56950752,-0.12020478,,,,
222105_s_at,0.56952363,0.06527886,,,,
211814_s_at,0.56953672,-0.19305469,,,,
213377_x_at,0.56954806,0.0358264,,,,
1553197_at,0.56957433,-0.02352293,,,,
1552370_at,0.56960074,-0.12439263,,,,
233600_at,0.56962581,0.03024226,,,,
1555533_at,0.56964928,-0.03254345,,,,
234748_x_at,0.56966358,0.03138869,,,,
218843_at,0.56967516,0.1172499,,,,
216187_x_at,0.56969525,0.09222255,,,,
220977_x_at,0.56972256,0.07721187,,,,
201497_x_at,0.56978821,0.23257733,,,,
208184_s_at,0.56979009,-0.05990088,,,,
218697_at,0.56979288,-0.05039285,,,,
1566499_at,0.56983969,0.0371962,,,,
221295_at,0.56984881,-0.13120838,,,,
227709_at,0.56986669,-0.11048557,,,,
241340_at,0.56987243,-0.02297026,,,,
227969_at,0.56988145,-0.0914761,,,,
202678_at,0.56989111,0.05645561,,,,
229521_at,0.56990384,-0.10409082,,,,
237979_at,0.56992001,-0.04256638,,,,
1563376_at,0.56993455,-0.03414298,,,,
215908_at,0.56997875,0.05915102,,,,
201304_at,0.5699794,0.07868701,,,,
205332_at,0.56999271,-0.03413304,,,,
229991_s_at,0.57004665,0.08742436,,,,
240455_at,0.57005859,-0.06511302,,,,
244172_at,0.57011552,-0.06829865,,,,
206315_at,0.57019024,-0.13795573,,,,
218559_s_at,0.5702074,0.16537646,,,,
1554831_x_at,0.57021273,0.052693,,,,
239265_at,0.57023306,0.10352725,,,,
1560944_at,0.57024478,0.02914936,,,,
213457_at,0.57024902,0.15790579,,,,
1554465_s_at,0.57026167,0.08452816,,,,
1556740_at,0.57031422,-0.03618462,,,,
238232_at,0.57033694,0.06259811,,,,
235229_at,0.5703375,0.33992996,,,,
206827_s_at,0.57033987,0.08373639,,,,
229093_at,0.57034544,-0.03674362,,,,
1554480_a_at,0.57034664,0.08260142,,,,
219251_s_at,0.57035921,0.09158824,,,,
226266_at,0.57036368,-0.06424427,,,,
216894_x_at,0.5703682,0.14907753,,,,
201893_x_at,0.57037117,0.1978333,,,,
217958_at,0.5704197,0.07452552,,,,
200613_at,0.57043807,-0.12020762,,,,
237746_at,0.5704573,0.04566671,,,,
238616_at,0.57053647,0.07089819,,,,
215111_s_at,0.57055909,-0.10702907,,,,
240940_at,0.57056024,-0.03501497,,,,
201372_s_at,0.57061436,0.07921731,,,,
200850_s_at,0.5706353,-0.07149984,,,,
201935_s_at,0.57065722,-0.08816245,,,,
243604_at,0.57067954,-0.03640632,,,,
1554296_at,0.5706906,0.03296035,,,,
1570541_s_at,0.57069427,-0.05189682,,,,
224225_s_at,0.57070473,-0.12303681,,,,
1558738_at,0.57071451,-0.10462175,,,,
214392_at,0.57072015,-0.03342196,,,,
242678_at,0.57073836,-0.02905291,,,,
1560306_at,0.57073874,-0.02969679,,,,
225733_at,0.57074006,0.07455462,,,,
211829_s_at,0.57075188,0.13039957,,,,
214635_at,0.57075329,-0.05978739,,,,
227467_at,0.57075689,0.15306607,,,,
209090_s_at,0.57079841,-0.08650444,,,,
203153_at,0.57080453,0.23798604,,,,
228319_at,0.57081221,-0.05092173,,,,
229454_at,0.57083468,-0.08262181,,,,
225881_at,0.57090371,0.08787413,,,,
212214_at,0.57091206,0.07170898,,,,
225746_at,0.57091856,-0.13245192,,,,
1561002_at,0.57093074,0.03343745,,,,
239876_at,0.57095433,-0.06961781,,,,
1565424_at,0.57096463,-0.03375487,,,,
232279_at,0.57097661,-0.06214453,,,,
1567303_at,0.57101113,0.0218227,,,,
229553_at,0.57102792,-0.14834331,,,,
226073_at,0.57103267,-0.07598512,,,,
1554671_a_at,0.57103944,-0.05992452,,,,
231552_at,0.5711006,-0.07650606,,,,
225562_at,0.57111973,-0.12406049,,,,
214692_s_at,0.57111997,-0.06443442,,,,
214723_x_at,0.57122808,0.20338643,,,,
217902_s_at,0.57123006,0.07663949,,,,
235692_at,0.57129621,-0.12640324,,,,
236773_at,0.57130239,0.17882236,,,,
221434_s_at,0.57133687,0.08040583,,,,
242576_x_at,0.57137482,0.05075174,,,,
230292_at,0.57137822,-0.12491462,,,,
231133_at,0.57140224,-0.03883892,,,,
240882_at,0.57140301,-0.03656802,,,,
224517_at,0.57140503,-0.07348241,,,,
1556762_a_at,0.57143284,-0.03510379,,,,
232067_at,0.57144441,0.22037618,,,,
242752_at,0.57145044,0.09307578,,,,
1563009_at,0.57148536,0.04946061,,,,
239647_at,0.57150442,0.24790555,,,,
1569759_at,0.57151358,-0.02803383,,,,
219855_at,0.5715808,0.21866828,,,,
244571_s_at,0.5716237,0.08308406,,,,
230492_s_at,0.57163028,-0.16814114,,,,
239386_at,0.57164663,-0.04564071,,,,
1566126_at,0.57164915,0.03110854,,,,
221614_s_at,0.57166363,0.13542886,,,,
219204_s_at,0.5716964,0.13192224,,,,
216671_x_at,0.57169759,0.06407904,,,,
205852_at,0.57170618,-0.08731468,,,,
230102_at,0.57170671,0.14144264,,,,
212937_s_at,0.57174447,-0.09728115,,,,
1556545_at,0.57176232,-0.0591887,,,,
236557_at,0.57177057,-0.09773134,,,,
232991_at,0.57181484,0.06875376,,,,
1569936_a_at,0.57183507,0.06274132,,,,
229260_at,0.57184695,-0.09352298,,,,
227041_at,0.57189625,0.14070167,,,,
223080_at,0.57194486,-0.04531959,,,,
241651_at,0.57194792,-0.03013225,,,,
201382_at,0.57195135,0.0545685,,,,
225005_at,0.57196103,0.08032603,,,,
225753_at,0.57198178,-0.06662337,,,,
217620_s_at,0.57203908,0.09247616,,,,
206332_s_at,0.57204768,0.1694535,,,,
213473_at,0.57210033,0.06537083,,,,
209643_s_at,0.57211958,0.05646218,,,,
1562677_at,0.57214057,-0.02463514,,,,
220290_at,0.57214272,-0.04054387,,,,
223305_at,0.57214479,0.1110874,,,,
204541_at,0.5721595,0.21525922,,,,
226306_at,0.57218352,-0.08339959,,,,
235997_at,0.57227793,0.07789021,,,,
211564_s_at,0.57228714,0.24083718,,,,
219374_s_at,0.57231111,-0.07297464,,,,
1566142_at,0.57235228,-0.03035562,,,,
244095_at,0.57235777,-0.03982853,,,,
229210_at,0.57236289,-0.09341742,,,,
244830_at,0.57237913,-0.04116645,,,,
1553491_at,0.5723874,0.0372688,,,,
218879_s_at,0.57243384,-0.07345714,,,,
208661_s_at,0.57246163,0.09761024,,,,
230399_at,0.57248568,0.11116855,,,,
212778_at,0.57249385,-0.07253581,,,,
233920_at,0.57251125,-0.04452206,,,,
220046_s_at,0.57251264,0.0965828,,,,
1558836_at,0.57253118,0.06315032,,,,
235719_at,0.57256358,0.07239886,,,,
1558814_s_at,0.57257339,-0.03130953,,,,
243208_x_at,0.57258994,0.037516,,,,
1566079_at,0.57259667,-0.07395861,,,,
1554242_a_at,0.57259992,-0.16962335,,,,
236308_at,0.57269105,0.16175636,,,,
243957_at,0.57271,0.08978111,,,,
214889_at,0.57272327,0.17620399,,,,
208598_s_at,0.57274241,0.07027803,,,,
239284_at,0.57276815,-0.03793979,,,,
201625_s_at,0.57277103,0.1868665,,,,
1567285_at,0.57278713,-0.03005298,,,,
237876_at,0.57281281,-0.02477232,,,,
223426_s_at,0.57290002,-0.15772641,,,,
1561244_at,0.57290348,-0.02351969,,,,
235837_at,0.57291837,-0.06077647,,,,
1562415_a_at,0.57296351,-0.05461205,,,,
237534_at,0.57296396,-0.03842978,,,,
217402_at,0.57296888,0.02549175,,,,
235969_at,0.57301312,-0.04563728,,,,
226278_at,0.57304029,0.15000841,,,,
1255_g_at,0.57304378,-0.05625093,,,,
211966_at,0.5730476,0.12931872,,,,
208113_x_at,0.57306018,-0.05371831,,,,
225380_at,0.57306247,-0.1755135,,,,
203093_s_at,0.57306703,-0.08603058,,,,
207348_s_at,0.57309822,0.10276307,,,,
205447_s_at,0.57310083,-0.08790382,,,,
1560877_a_at,0.57313244,-0.0436467,,,,
228384_s_at,0.57314111,0.11561206,,,,
216161_at,0.57315794,0.03049707,,,,
237837_at,0.57320635,0.03065225,,,,
1563828_at,0.57325343,-0.03918794,,,,
222397_at,0.57328308,-0.03758418,,,,
226744_at,0.57328324,-0.08226535,,,,
209337_at,0.57330356,-0.1474866,,,,
228675_at,0.57330645,-0.08588145,,,,
228252_at,0.57331226,-0.08521917,,,,
211350_s_at,0.57336014,-0.03255398,,,,
236452_at,0.57339964,-0.04280465,,,,
1567575_at,0.57343045,-0.03030023,,,,
201416_at,0.57343887,0.15396157,,,,
227390_at,0.57345011,0.04386083,,,,
1553388_at,0.57345288,-0.02787941,,,,
211483_x_at,0.57346243,0.12777682,,,,
208620_at,0.57348698,0.05223116,,,,
202275_at,0.57351568,0.13846817,,,,
202747_s_at,0.57356494,0.21773333,,,,
235367_at,0.57358836,-0.0607398,,,,
225059_at,0.5736107,-0.11849238,,,,
215333_x_at,0.57362238,-0.11391401,,,,
224906_at,0.57363484,0.0849373,,,,
210533_at,0.57366262,-0.05067533,,,,
241012_at,0.57366731,-0.02980562,,,,
231325_at,0.57366779,0.09276243,,,,
204545_at,0.57372162,0.12552519,,,,
227815_at,0.57372599,0.06416249,,,,
210469_at,0.5737423,0.07066444,,,,
219809_at,0.57377192,-0.08471437,,,,
1567696_at,0.57377494,-0.02259269,,,,
220449_at,0.57379028,-0.05626749,,,,
224178_s_at,0.57380474,-0.07064583,,,,
204955_at,0.57385095,0.25745909,,,,
240450_at,0.57385601,0.04319042,,,,
237829_at,0.57389084,0.02878708,,,,
236445_at,0.5739198,-0.13324,,,,
221523_s_at,0.57392172,-0.15925339,,,,
1557740_a_at,0.57393541,0.05003372,,,,
1553709_a_at,0.57394074,-0.0790818,,,,
226864_at,0.57396244,-0.30232024,,,,
236641_at,0.57398877,0.18864691,,,,
241724_x_at,0.57403338,0.06037739,,,,
1566696_at,0.57403962,-0.03574484,,,,
1562960_at,0.57404504,-0.04600106,,,,
234164_at,0.57411047,0.03285961,,,,
225428_s_at,0.57416247,-0.08492506,,,,
229242_at,0.57416794,-0.2039789,,,,
230807_at,0.57418835,0.1284917,,,,
214185_at,0.57423039,0.08892472,,,,
230242_at,0.57423086,0.05319417,,,,
215227_x_at,0.574239,-0.07896443,,,,
234866_s_at,0.5742578,-0.02313127,,,,
202669_s_at,0.57426107,-0.18983421,,,,
213627_at,0.5742889,0.11835066,,,,
231909_x_at,0.57429291,0.08783352,,,,
215823_x_at,0.57429639,-0.05567772,,,,
214230_at,0.57431044,0.07853726,,,,
1556489_at,0.57432041,0.03603307,,,,
202745_at,0.57436993,0.04456799,,,,
243401_at,0.57438597,0.03259993,,,,
212483_at,0.57439715,0.10936234,,,,
237663_at,0.57441292,-0.03376375,,,,
238639_x_at,0.5744468,-0.03242734,,,,
237977_at,0.57446273,-0.03710833,,,,
223873_s_at,0.57446893,0.02771876,,,,
215567_at,0.57449943,-0.06645557,,,,
208191_x_at,0.5745427,0.08004162,,,,
1552590_a_at,0.5745452,-0.02903119,,,,
212265_at,0.57456275,0.13512088,,,,
241831_at,0.57459329,0.03641744,,,,
217474_at,0.57461429,0.03463234,,,,
241147_at,0.57463675,0.02494791,,,,
230528_s_at,0.57465257,0.0938544,,,,
1555125_at,0.57467034,-0.07645892,,,,
211067_s_at,0.57467354,0.19941183,,,,
233130_at,0.57467564,0.07513281,,,,
204323_x_at,0.57467574,0.07797679,,,,
244226_s_at,0.57468607,-0.03246607,,,,
1555727_at,0.57470312,-0.03183601,,,,
231518_at,0.57472117,-0.07807501,,,,
1558754_at,0.57473856,0.06521696,,,,
1560728_at,0.57474281,-0.03755913,,,,
200654_at,0.57475383,0.07910771,,,,
203405_at,0.57476058,0.13088204,,,,
211722_s_at,0.57477072,-0.037189,,,,
222506_at,0.57480163,0.11589668,,,,
242720_at,0.57480743,0.27008229,,,,
217775_s_at,0.57481264,0.09608579,,,,
239710_at,0.57485123,0.20057573,,,,
230199_at,0.57486596,-0.03432987,,,,
237972_at,0.57488616,0.02518159,,,,
206284_x_at,0.57490323,-0.14342563,,,,
201311_s_at,0.57492359,-0.15006069,,,,
242472_x_at,0.57493033,-0.04427164,,,,
210823_s_at,0.57495317,0.10131695,,,,
219491_at,0.57495336,-0.10544211,,,,
227452_at,0.57496691,0.25489789,,,,
234024_at,0.57499652,-0.07827771,,,,
226261_at,0.57502393,0.11179798,,,,
208553_at,0.57512737,0.07166841,,,,
201275_at,0.57516715,0.11462113,,,,
210507_s_at,0.57517176,-0.04772288,,,,
210044_s_at,0.57517424,-0.06351564,,,,
32811_at,0.57519943,0.06451129,,,,
237086_at,0.57522917,0.25016903,,,,
1569701_at,0.57528019,0.06108518,,,,
241670_x_at,0.57528325,0.05720812,,,,
203954_x_at,0.57528379,-0.30220238,,,,
240458_at,0.57529975,0.14557363,,,,
227571_at,0.57532422,-0.05797031,,,,
238118_s_at,0.57533745,-0.03995093,,,,
222410_s_at,0.57533935,0.07989141,,,,
204612_at,0.57535764,-0.30737544,,,,
228087_at,0.57535776,0.10358233,,,,
221644_s_at,0.57535782,-0.1879263,,,,
215943_at,0.57537054,-0.03412203,,,,
234424_at,0.57539347,-0.02908899,,,,
227619_at,0.57543985,-0.05951587,,,,
216980_s_at,0.5754455,-0.03994839,,,,
235836_at,0.57547066,0.09488045,,,,
1558310_s_at,0.57549973,0.06740465,,,,
204932_at,0.57550972,-0.22200563,,,,
200914_x_at,0.57551133,0.07644692,,,,
1555598_a_at,0.57553394,0.05173571,,,,
242451_x_at,0.57557129,-0.05344728,,,,
210518_at,0.57560276,-0.02987807,,,,
235472_at,0.57560851,0.0929267,,,,
231284_at,0.57562018,-0.02801224,,,,
236221_at,0.57563106,-0.03781816,,,,
1561116_at,0.57563559,0.02961266,,,,
229774_at,0.57564145,0.13703454,,,,
228163_at,0.57568055,0.03362439,,,,
214850_at,0.57570285,0.16216092,,,,
230171_at,0.5757216,0.05396328,,,,
205422_s_at,0.57572254,-0.2591904,,,,
1556542_a_at,0.57572909,-0.0584109,,,,
237714_at,0.575743,-0.03381689,,,,
236102_at,0.57576238,0.04174284,,,,
237180_at,0.57576454,0.10493425,,,,
216122_at,0.57577689,-0.02992647,,,,
219353_at,0.57578501,0.08593492,,,,
214919_s_at,0.57578547,-0.10057518,,,,
236166_at,0.57583063,0.09646264,,,,
224483_s_at,0.57585574,0.10039618,,,,
242558_at,0.57587723,0.15292995,,,,
229420_at,0.57592016,-0.11908794,,,,
220691_at,0.57593083,0.04159386,,,,
225020_at,0.57594258,0.09119414,,,,
239411_at,0.57595173,-0.04866249,,,,
224052_at,0.57597133,-0.02851855,,,,
238235_at,0.5759822,-0.04265312,,,,
241039_at,0.576008,0.03725038,,,,
226510_at,0.57607846,0.08694328,,,,
207593_at,0.57608312,-0.03585644,,,,
242377_x_at,0.57609972,-0.05344589,,,,
1558782_a_at,0.57610261,-0.03939706,,,,
221921_s_at,0.57610423,0.0881227,,,,
233073_at,0.57610719,0.08362614,,,,
1566888_at,0.57611984,-0.02626,,,,
225439_at,0.57612014,0.11264707,,,,
228843_at,0.57612989,0.17804182,,,,
244148_at,0.57613779,-0.03560386,,,,
230023_at,0.57614462,0.08211202,,,,
211896_s_at,0.5761478,0.22195011,,,,
213361_at,0.57617258,-0.10816097,,,,
1553567_s_at,0.57621202,-0.03259372,,,,
208509_s_at,0.57625996,-0.0347621,,,,
219324_at,0.57627328,-0.08182908,,,,
212426_s_at,0.57627981,0.06654023,,,,
219555_s_at,0.57628963,0.14878559,,,,
210705_s_at,0.57630474,-0.10257612,,,,
209646_x_at,0.57636037,-0.12949149,,,,
215852_x_at,0.5763655,-0.05308696,,,,
47105_at,0.57638158,-0.05052999,,,,
201102_s_at,0.57640188,-0.07654833,,,,
242055_at,0.57642746,0.1136965,,,,
215402_at,0.57644187,-0.02767364,,,,
240066_at,0.57650584,0.07848554,,,,
1560834_a_at,0.57654473,-0.03112834,,,,
231724_at,0.57655373,-0.06215012,,,,
207822_at,0.57657619,0.07971743,,,,
225087_at,0.57662541,0.0568331,,,,
1561481_at,0.57663169,-0.03600392,,,,
201886_at,0.57665143,0.11542608,,,,
227153_at,0.57672682,0.088806,,,,
241112_at,0.57674164,-0.03748305,,,,
206037_at,0.5767804,-0.06527812,,,,
207202_s_at,0.57679319,-0.33435276,,,,
1568864_at,0.57684494,-0.04002648,,,,
203246_s_at,0.5768647,-0.07688594,,,,
1563147_at,0.57687349,0.06327825,,,,
213994_s_at,0.57687831,0.37454647,,,,
211314_at,0.57687884,-0.03790617,,,,
229954_at,0.57688855,0.23470093,,,,
216219_at,0.57690587,-0.042775,,,,
1556397_at,0.5769205,-0.0298527,,,,
224841_x_at,0.57695342,-0.1219007,,,,
230502_s_at,0.57698531,-0.06490359,,,,
212142_at,0.57699,-0.18772285,,,,
208099_x_at,0.57699764,-0.03620327,,,,
227308_x_at,0.57701324,0.07077794,,,,
216768_x_at,0.57702643,-0.04255139,,,,
1561249_a_at,0.57703758,0.03866138,,,,
225513_at,0.57704078,-0.03993485,,,,
227337_at,0.57706401,-0.16041628,,,,
233980_s_at,0.57706625,-0.04405337,,,,
212139_at,0.57707222,0.06511404,,,,
1562426_a_at,0.57709069,-0.02861577,,,,
212539_at,0.57710151,0.10390746,,,,
1559566_at,0.57712542,0.02642947,,,,
214238_at,0.57712759,0.13987063,,,,
211996_s_at,0.57713555,-0.12022117,,,,
1561767_at,0.57714061,-0.05305907,,,,
226165_at,0.57714254,0.09714775,,,,
221745_at,0.57715176,0.08894986,,,,
243479_at,0.57716273,0.02059383,,,,
222562_s_at,0.57717312,-0.14962638,,,,
232185_at,0.57717385,-0.04690899,,,,
229373_at,0.57718511,0.09953574,,,,
236914_at,0.57719809,-0.03528847,,,,
229950_s_at,0.57721117,0.03663708,,,,
211129_x_at,0.57721296,0.03809648,,,,
1564021_at,0.57723781,0.05199256,,,,
202611_s_at,0.57725144,0.10065356,,,,
230355_at,0.57726307,-0.05648249,,,,
204397_at,0.57728881,-0.04097162,,,,
228220_at,0.57732883,-0.09946475,,,,
233136_at,0.57734429,0.13397279,,,,
235421_at,0.57734511,0.11621277,,,,
1557837_a_at,0.57735446,0.03223474,,,,
235279_at,0.57737714,-0.10091141,,,,
1556638_at,0.57737835,0.10641575,,,,
237455_at,0.57741108,0.04313227,,,,
208837_at,0.57747395,0.11416336,,,,
212169_at,0.57747862,0.08084878,,,,
237177_at,0.57749347,0.12715511,,,,
210521_s_at,0.57753385,0.31353963,,,,
238922_at,0.57753868,-0.02744611,,,,
234258_at,0.57754226,-0.05019975,,,,
219053_s_at,0.57754602,-0.07694401,,,,
211411_at,0.57754739,0.04793173,,,,
1564157_at,0.57755755,-0.0474132,,,,
236140_at,0.57759931,0.14215909,,,,
227492_at,0.57763375,0.2112046,,,,
222909_s_at,0.57763743,0.10022219,,,,
232690_at,0.577653,0.06862892,,,,
1561960_at,0.57768369,-0.03348346,,,,
206490_at,0.57773991,0.12450064,,,,
228937_at,0.57779822,-0.1473288,,,,
229446_at,0.57782699,0.08558858,,,,
211794_at,0.57783395,-0.13707588,,,,
202658_at,0.57787297,0.07584888,,,,
234930_at,0.57789857,0.02766603,,,,
208232_x_at,0.57791613,0.05394561,,,,
243305_at,0.57791794,0.10625614,,,,
243506_at,0.57794225,0.06532698,,,,
225471_s_at,0.5779423,0.07223181,,,,
202410_x_at,0.57799546,0.24776592,,,,
216783_at,0.57799742,0.02947153,,,,
242877_at,0.57802906,0.09971055,,,,
208864_s_at,0.5780807,0.09403091,,,,
209308_s_at,0.57810802,0.10454284,,,,
238090_at,0.57811004,-0.03781059,,,,
226133_s_at,0.57811957,0.07026155,,,,
218788_s_at,0.5781689,-0.13043538,,,,
217009_at,0.57817036,-0.04426808,,,,
223673_at,0.57817499,-0.02704996,,,,
217068_at,0.5782227,0.03315022,,,,
210467_x_at,0.57825923,0.25207794,,,,
237099_at,0.57826938,0.07412771,,,,
1557118_a_at,0.57831319,-0.08044015,,,,
214345_at,0.5783421,-0.04417953,,,,
61874_at,0.57834724,-0.05503866,,,,
215123_at,0.57835148,0.10338379,,,,
205272_s_at,0.57840569,0.05091227,,,,
233332_at,0.57843609,-0.02671425,,,,
225169_at,0.57850739,0.06763239,,,,
238203_at,0.57859657,0.02080309,,,,
1553400_a_at,0.57861268,0.11248219,,,,
210176_at,0.57866894,-0.14247596,,,,
235916_at,0.5786708,0.07135212,,,,
1556331_a_at,0.57867525,0.09895848,,,,
230218_at,0.5786889,-0.14942592,,,,
224141_at,0.57870069,-0.03345857,,,,
241233_x_at,0.57878391,0.09334955,,,,
240936_at,0.57881084,-0.04386429,,,,
209743_s_at,0.57884872,-0.12685069,,,,
1569600_at,0.5788529,0.02562892,,,,
218840_s_at,0.57886994,0.08494535,,,,
244383_at,0.57889467,-0.08325932,,,,
218441_s_at,0.57889566,0.05419632,,,,
231467_at,0.57890475,0.05505446,,,,
243489_at,0.57891406,0.13388908,,,,
1557225_at,0.57892394,0.11113302,,,,
239086_at,0.5789327,0.08542608,,,,
219901_at,0.5789716,0.16239872,,,,
222207_x_at,0.57897884,0.06675154,,,,
216992_s_at,0.57898011,-0.16406721,,,,
208393_s_at,0.57898065,-0.07658121,,,,
236011_at,0.57898596,-0.03304794,,,,
241822_at,0.57898775,0.04400964,,,,
1556836_at,0.57901047,-0.03702763,,,,
242731_x_at,0.5790245,-0.04550854,,,,
1560411_at,0.57904951,-0.05006497,,,,
219619_at,0.57905099,-0.19003942,,,,
219549_s_at,0.57906208,-0.07679997,,,,
229476_s_at,0.57907201,0.39514662,,,,
216193_at,0.5790858,-0.03024134,,,,
222886_at,0.57913472,0.0500873,,,,
208156_x_at,0.5792069,0.17714555,,,,
244726_at,0.57920864,0.08375738,,,,
207994_s_at,0.57924734,0.03329136,,,,
235084_x_at,0.5792603,0.07200987,,,,
1561084_at,0.57926492,-0.03257996,,,,
1558304_s_at,0.57931885,-0.06602091,,,,
234570_at,0.57935193,-0.03820682,,,,
1564300_at,0.57935616,-0.04149365,,,,
1569396_at,0.57938043,-0.03238243,,,,
210014_x_at,0.57941059,0.07279149,,,,
1570153_at,0.57943753,0.1576526,,,,
237049_at,0.57944527,0.03724815,,,,
218496_at,0.57946037,-0.06925093,,,,
1561912_at,0.57947478,-0.02239247,,,,
216997_x_at,0.57949011,-0.09795453,,,,
243070_at,0.57950835,-0.05116293,,,,
243966_at,0.57951099,-0.06743893,,,,
206626_x_at,0.57951948,0.17732411,,,,
204074_s_at,0.57952106,0.07592542,,,,
210240_s_at,0.57953504,-0.09860927,,,,
232153_at,0.57955277,-0.04174367,,,,
230020_at,0.57958995,0.11713937,,,,
236440_at,0.5796158,-0.03832534,,,,
206770_s_at,0.57961707,-0.14116052,,,,
213478_at,0.57964303,0.18489142,,,,
228251_at,0.57965981,0.07278907,,,,
224295_at,0.57967614,-0.03151857,,,,
213959_s_at,0.57969777,0.15757078,,,,
213635_s_at,0.57971712,-0.05687687,,,,
227247_at,0.57976037,0.09690213,,,,
209344_at,0.57976054,-0.16161787,,,,
206489_s_at,0.57977007,0.11938854,,,,
222741_s_at,0.57978108,0.1015902,,,,
221819_at,0.57979425,0.03839866,,,,
223093_at,0.57981141,0.13703355,,,,
1561378_at,0.57981636,-0.03538036,,,,
202440_s_at,0.57983416,-0.09095735,,,,
225757_s_at,0.57985745,-0.10700111,,,,
240317_at,0.57988744,0.15467579,,,,
222960_at,0.57991598,0.0371834,,,,
240044_x_at,0.57992177,0.06853897,,,,
205577_at,0.57993882,0.17231957,,,,
201594_s_at,0.57997097,0.11897053,,,,
209576_at,0.57997438,0.19092664,,,,
224963_at,0.57998581,-0.22669745,,,,
213183_s_at,0.57999661,0.16896067,,,,
230212_at,0.58008487,0.08347768,,,,
228692_at,0.58008746,0.1750833,,,,
215425_at,0.58012207,0.22819653,,,,
209062_x_at,0.58012498,0.0803438,,,,
213474_at,0.58014099,-0.09158455,,,,
1553775_at,0.58014289,-0.07130994,,,,
234116_at,0.58014651,-0.04230725,,,,
240447_at,0.58015422,0.03998926,,,,
232628_at,0.58018916,-0.16268131,,,,
239986_at,0.58019861,-0.03975604,,,,
1561535_at,0.58020256,-0.02558056,,,,
203878_s_at,0.58022041,-0.21595915,,,,
1553720_a_at,0.58026354,0.03863444,,,,
204329_s_at,0.58028329,0.07706847,,,,
223876_at,0.58030269,-0.0403552,,,,
222650_s_at,0.58031249,0.08951673,,,,
223874_at,0.58032055,0.14537787,,,,
242369_x_at,0.58033082,0.08595825,,,,
227729_at,0.58036605,-0.09870398,,,,
210797_s_at,0.58037412,-0.14951544,,,,
217411_s_at,0.58038868,0.04815977,,,,
1553295_at,0.58048181,0.06962158,,,,
229769_at,0.58049819,-0.03723933,,,,
238908_at,0.58051104,0.05880941,,,,
223494_at,0.58055016,-0.11314454,,,,
236840_at,0.58056922,0.21397067,,,,
221670_s_at,0.58057322,-0.04269461,,,,
204682_at,0.58057676,-0.16114868,,,,
225316_at,0.58058957,0.20378637,,,,
207077_at,0.58060983,-0.03644061,,,,
1562935_at,0.58062494,-0.03471059,,,,
221535_at,0.58064382,0.08247634,,,,
227447_at,0.58066115,0.07580487,,,,
203778_at,0.58066448,-0.08220351,,,,
229633_at,0.5806937,0.0789879,,,,
212369_at,0.58069455,-0.05164462,,,,
1552569_a_at,0.58070817,0.30269773,,,,
232888_at,0.58077206,-0.0911287,,,,
217687_at,0.58077819,0.06020701,,,,
225852_at,0.58081903,0.08200954,,,,
207515_s_at,0.58082421,0.0651626,,,,
242757_at,0.58088934,-0.04592131,,,,
1564052_at,0.58093231,-0.04854518,,,,
212994_at,0.58095104,0.08785794,,,,
241991_at,0.580953,-0.11428138,,,,
236325_at,0.58095524,-0.10207913,,,,
219925_at,0.58095589,-0.07977145,,,,
219679_s_at,0.5809631,-0.10447303,,,,
213348_at,0.58097435,0.16556702,,,,
231972_at,0.58097465,-0.08955644,,,,
217955_at,0.58100436,-0.08264147,,,,
202643_s_at,0.58105385,-0.14281265,,,,
238670_at,0.58106652,0.07177323,,,,
204752_x_at,0.58109151,0.06990649,,,,
1556359_at,0.58113604,0.04616988,,,,
203422_at,0.58113984,-0.08494929,,,,
1553162_x_at,0.58114461,-0.06140111,,,,
1557628_s_at,0.5811509,-0.03553589,,,,
219314_s_at,0.58116782,0.06106967,,,,
220434_at,0.58116919,0.02948279,,,,
203647_s_at,0.58117188,0.10573028,,,,
215897_at,0.58117397,-0.02649195,,,,
222903_s_at,0.58125559,-0.067031,,,,
1562878_at,0.58129258,-0.0319145,,,,
206009_at,0.58131596,0.11732826,,,,
1555404_a_at,0.58135265,-0.07254202,,,,
209990_s_at,0.58141341,0.23446916,,,,
200875_s_at,0.58143963,0.10994277,,,,
239918_at,0.58148406,0.04021014,,,,
232568_at,0.58148429,0.18429443,,,,
200593_s_at,0.58149763,-0.06693605,,,,
224030_s_at,0.58154972,-0.15279077,,,,
232132_at,0.58155082,0.05909306,,,,
1554147_s_at,0.5815687,-0.09787533,,,,
1553924_at,0.5815942,0.08086809,,,,
214826_at,0.58160923,-0.03761678,,,,
214213_x_at,0.58164184,-0.04800302,,,,
238355_at,0.58164906,-0.02879489,,,,
1564595_at,0.58169114,0.02917224,,,,
1568593_a_at,0.58169599,-0.16059133,,,,
49679_s_at,0.58170161,-0.06601528,,,,
233571_x_at,0.5817066,-0.1130588,,,,
1558300_at,0.58171173,-0.03348326,,,,
243794_at,0.58171389,0.02832914,,,,
225751_at,0.58175605,-0.11500227,,,,
228228_at,0.58175641,0.1295291,,,,
1555339_at,0.581771,-0.03329963,,,,
1559060_a_at,0.58182819,-0.11329977,,,,
208826_x_at,0.58187946,0.06118718,,,,
239219_at,0.58188438,-0.07024164,,,,
235284_s_at,0.5819824,-0.02529694,,,,
214006_s_at,0.581991,0.08702959,,,,
225050_at,0.5819966,0.10669847,,,,
224272_at,0.58207989,0.02660055,,,,
232335_at,0.58210698,-0.04138264,,,,
215411_s_at,0.58213596,0.09734894,,,,
222011_s_at,0.58214243,0.10616955,,,,
231195_at,0.58214308,0.09373447,,,,
228016_s_at,0.5821638,0.05309809,,,,
237853_x_at,0.58217437,-0.05918682,,,,
1554414_a_at,0.58219947,-0.11913152,,,,
231034_s_at,0.58221558,-0.10025694,,,,
222956_at,0.58223315,-0.07897398,,,,
1570490_at,0.58223326,0.03619056,,,,
220180_at,0.58224208,-0.20322894,,,,
221749_at,0.58224335,0.06565317,,,,
240208_at,0.58233651,0.02715921,,,,
237132_at,0.58234929,-0.03364166,,,,
215576_at,0.58237415,-0.02934598,,,,
210654_at,0.58240194,-0.08438659,,,,
215782_at,0.58240463,-0.03524981,,,,
217762_s_at,0.58244152,-0.1796561,,,,
1558392_at,0.58252261,-0.05247053,,,,
212980_at,0.58255104,0.18589117,,,,
240162_at,0.58255678,-0.03888305,,,,
220156_at,0.58261268,-0.04788103,,,,
204579_at,0.58262906,-0.21793966,,,,
243001_at,0.58264593,0.09298949,,,,
222430_s_at,0.58264708,0.0679407,,,,
234066_at,0.58264906,-0.04527074,,,,
1563320_at,0.58265508,0.08435968,,,,
236243_at,0.58266994,0.08791737,,,,
233721_x_at,0.58268517,-0.0262276,,,,
207631_at,0.5827108,0.05205583,,,,
206919_at,0.58273735,-0.08209246,,,,
1555803_a_at,0.58274578,-0.07395607,,,,
229035_s_at,0.58275057,-0.08289813,,,,
206252_s_at,0.58277319,0.06741084,,,,
216473_x_at,0.58278414,-0.05472119,,,,
206096_at,0.58280313,0.0715399,,,,
231197_at,0.58281872,-0.0368053,,,,
1553989_a_at,0.5828294,0.11573261,,,,
243354_at,0.58292996,-0.05822442,,,,
225607_at,0.58293083,0.07461848,,,,
203428_s_at,0.58293433,0.11400578,,,,
233616_at,0.58298122,-0.02196822,,,,
210750_s_at,0.5829999,-0.04539366,,,,
213245_at,0.58300188,0.22641975,,,,
212020_s_at,0.58301145,-0.14010707,,,,
229948_at,0.58303896,0.10259504,,,,
1563796_s_at,0.5830448,0.08980423,,,,
208790_s_at,0.58315406,0.18282246,,,,
226373_at,0.58317663,0.09359993,,,,
1559964_at,0.58317895,0.0985952,,,,
211428_at,0.58318739,-0.03006972,,,,
228117_at,0.58321127,0.04636271,,,,
225382_at,0.58322943,0.1135973,,,,
233859_at,0.58323831,-0.04278562,,,,
1563048_at,0.58330145,-0.04345174,,,,
220416_at,0.58335665,-0.16559226,,,,
220646_s_at,0.58337364,-0.11121791,,,,
233821_at,0.58338199,-0.02289495,,,,
226138_s_at,0.58345315,-0.0685636,,,,
203988_s_at,0.58345335,0.14016192,,,,
222209_s_at,0.5834865,0.10643239,,,,
1565705_x_at,0.58351438,-0.05505299,,,,
217640_x_at,0.5835373,0.16001412,,,,
1564482_at,0.58354079,0.0343716,,,,
1560334_at,0.58357717,-0.04403064,,,,
244562_s_at,0.58361403,0.0768572,,,,
232780_s_at,0.58361899,0.0730931,,,,
201133_s_at,0.58362052,0.08067864,,,,
223068_at,0.58362101,-0.09849792,,,,
203808_at,0.58362377,-0.03967985,,,,
236154_at,0.58365854,0.13190658,,,,
206309_at,0.58366468,0.10489957,,,,
223000_s_at,0.58366915,0.14767823,,,,
1560483_at,0.58369653,0.01790241,,,,
1562601_at,0.58369747,-0.02963757,,,,
232381_s_at,0.58371039,-0.11243172,,,,
243428_at,0.58371087,0.07605232,,,,
202409_at,0.58373158,0.37067683,,,,
215468_at,0.58374108,0.03005953,,,,
222391_at,0.58374337,-0.07464496,,,,
219915_s_at,0.58376834,0.12109847,,,,
1569510_at,0.58378948,0.03144341,,,,
1569315_s_at,0.5837958,0.08499325,,,,
209356_x_at,0.58382612,0.16830945,,,,
239150_at,0.58383078,-0.05932497,,,,
1554941_at,0.58385421,-0.04290386,,,,
217695_x_at,0.5838917,-0.02378522,,,,
231983_at,0.583907,0.09322869,,,,
1560298_at,0.58392223,-0.02528545,,,,
202970_at,0.58395062,-0.12626274,,,,
230053_at,0.5839549,-0.12483888,,,,
1562653_at,0.58397327,-0.02767435,,,,
218090_s_at,0.58401025,0.07522456,,,,
202693_s_at,0.58404826,0.15108013,,,,
217261_at,0.58411342,-0.04369795,,,,
1570412_at,0.58412918,-0.03516263,,,,
204889_s_at,0.58413219,-0.05887063,,,,
220426_at,0.58413499,-0.06126171,,,,
206359_at,0.58414345,0.11293552,,,,
216200_at,0.58414698,0.06087053,,,,
225564_at,0.58416035,-0.14989802,,,,
237031_at,0.5841942,-0.09908809,,,,
207059_at,0.58420696,0.08634959,,,,
206563_s_at,0.58421007,-0.03292607,,,,
1563612_at,0.58421804,-0.03484894,,,,
229574_at,0.58429094,-0.14869113,,,,
228527_s_at,0.58432622,-0.05031979,,,,
210363_s_at,0.58435304,0.03650904,,,,
228590_at,0.5843722,0.09900839,,,,
1561500_at,0.58437837,0.04906613,,,,
221351_at,0.58439062,-0.03726586,,,,
1562934_at,0.58441036,0.03513978,,,,
204318_s_at,0.58443795,-0.17135967,,,,
202303_x_at,0.58445633,-0.07746239,,,,
204795_at,0.58446849,0.08112698,,,,
217049_x_at,0.58447644,-0.03068041,,,,
241624_at,0.58448538,-0.0742376,,,,
1560874_at,0.58451564,-0.03993736,,,,
1555111_at,0.58458713,-0.02107609,,,,
1555345_at,0.58458984,0.32973577,,,,
215753_at,0.58459795,-0.03017492,,,,
225363_at,0.58460469,-0.0769747,,,,
225460_at,0.58463562,0.08594558,,,,
240355_at,0.58464053,0.05587235,,,,
207588_at,0.58466263,-0.02431008,,,,
200839_s_at,0.58466972,-0.07931189,,,,
1559491_at,0.58467979,-0.07422302,,,,
216479_at,0.58471058,-0.04455744,,,,
1563887_at,0.58471842,-0.03865757,,,,
244335_at,0.58476107,0.05709416,,,,
216834_at,0.5847881,-0.1710954,,,,
206201_s_at,0.58480654,0.32177437,,,,
240349_at,0.58482,0.12973906,,,,
216126_at,0.58483501,-0.04913279,,,,
229799_s_at,0.58483926,0.04570193,,,,
210321_at,0.58484005,-0.15787196,,,,
223860_at,0.5848913,0.03193164,,,,
229648_at,0.58490554,-0.16273413,,,,
239286_at,0.58492622,-0.16005558,,,,
222354_at,0.58497995,0.14504625,,,,
208738_x_at,0.58499707,0.05056753,,,,
200763_s_at,0.58503691,0.03017389,,,,
1556262_at,0.58506878,-0.04516425,,,,
223529_at,0.5850798,-0.15370144,,,,
219673_at,0.58508626,0.0946923,,,,
231383_at,0.58509823,0.05556112,,,,
205048_s_at,0.58511503,0.28347561,,,,
244189_at,0.5851153,0.10453603,,,,
217619_x_at,0.58514213,0.05172112,,,,
219815_at,0.58518941,0.10069718,,,,
1562962_at,0.58521674,-0.03581645,,,,
1554627_a_at,0.58522681,0.09121009,,,,
241223_x_at,0.58525537,0.08045005,,,,
232588_at,0.58526904,-0.04720787,,,,
228857_at,0.58531301,0.09755448,,,,
228820_at,0.58533132,0.09590366,,,,
224772_at,0.58536756,-0.17154261,,,,
1569192_at,0.58537511,0.02671607,,,,
239769_at,0.58538251,-0.04761537,,,,
240059_at,0.58541043,-0.03040525,,,,
209816_at,0.58544594,-0.10287221,,,,
230859_at,0.58551654,0.04295343,,,,
216252_x_at,0.58553222,-0.17757175,,,,
1565484_x_at,0.58558633,0.06815903,,,,
208499_s_at,0.58559062,0.09319421,,,,
212408_at,0.58559161,-0.06946805,,,,
217782_s_at,0.58563496,0.1006717,,,,
204384_at,0.58563568,0.10083794,,,,
242086_at,0.58566394,0.14399696,,,,
203512_at,0.58567098,0.063073,,,,
236057_at,0.58568342,0.03638264,,,,
229352_at,0.5857913,0.25304068,,,,
216381_x_at,0.5857943,0.18498435,,,,
1563681_at,0.58579627,0.02922415,,,,
203043_at,0.58584571,0.0831171,,,,
217828_at,0.5859025,0.05888123,,,,
238628_s_at,0.58590758,0.04546012,,,,
233105_at,0.58591827,-0.04298364,,,,
1561059_a_at,0.58592842,-0.0227535,,,,
236674_at,0.58592874,0.0711174,,,,
223046_at,0.58595057,0.07164264,,,,
214903_at,0.58595753,-0.04871984,,,,
216508_x_at,0.58600292,-0.07860578,,,,
232062_at,0.5860235,-0.05741849,,,,
238311_at,0.5860286,0.10400788,,,,
236732_at,0.58607598,-0.03593567,,,,
221682_s_at,0.5860944,0.02134967,,,,
221603_at,0.58609807,-0.04715697,,,,
207404_s_at,0.58614034,-0.04888981,,,,
203004_s_at,0.5861536,0.05711191,,,,
223989_s_at,0.58615651,0.08159627,,,,
209015_s_at,0.58621319,-0.08702791,,,,
206095_s_at,0.5862364,-0.06195105,,,,
217669_s_at,0.58627654,0.03312278,,,,
228043_at,0.58627935,-0.06290458,,,,
219744_at,0.58629042,0.03450777,,,,
226907_at,0.58629494,-0.25955577,,,,
216951_at,0.58634451,-0.04571615,,,,
223635_s_at,0.58634633,-0.083746,,,,
240872_at,0.58637156,0.08281038,,,,
1570338_at,0.58638579,-0.04076289,,,,
218460_at,0.58639952,-0.07170967,,,,
1559029_at,0.5864977,0.02907291,,,,
240201_at,0.58654001,0.06407918,,,,
244397_at,0.58654258,-0.07883888,,,,
1552309_a_at,0.58654773,0.20644739,,,,
1561780_at,0.58656106,-0.0196208,,,,
235144_at,0.58658525,-0.30995167,,,,
1555733_s_at,0.58663695,-0.17019276,,,,
202144_s_at,0.5866471,-0.06652081,,,,
242481_at,0.58665506,0.22557059,,,,
1555943_at,0.58666232,0.10194423,,,,
234795_at,0.58669115,-0.03597553,,,,
229691_at,0.58669157,0.12203222,,,,
244426_at,0.58669169,0.04401251,,,,
236502_at,0.58670472,-0.0423023,,,,
204739_at,0.58672337,0.07937558,,,,
1566926_at,0.58675271,-0.03666725,,,,
217033_x_at,0.58676125,0.08157236,,,,
238998_x_at,0.58676895,-0.03192619,,,,
206031_s_at,0.58678519,0.06804943,,,,
AFFX-TrpnX-3_at,0.58681962,-0.02084211,,,,
238106_at,0.58684362,-0.08993104,,,,
221610_s_at,0.58687061,-0.14830398,,,,
244364_at,0.58687074,0.08953593,,,,
239235_at,0.58693014,-0.03901279,,,,
212717_at,0.5869313,-0.06536074,,,,
210254_at,0.58693837,0.06393549,,,,
207418_s_at,0.58694339,-0.07847902,,,,
214008_at,0.58694751,-0.15002141,,,,
214301_s_at,0.58696915,-0.03246586,,,,
1568914_at,0.58698323,-0.0368863,,,,
1566600_at,0.5869861,-0.02188854,,,,
220689_at,0.58698646,-0.03930108,,,,
239100_x_at,0.58699376,0.03977396,,,,
238048_at,0.58708598,-0.03411172,,,,
223097_at,0.58709303,0.07544967,,,,
213880_at,0.58709572,-0.40540714,,,,
218353_at,0.58709958,0.20627742,,,,
1568857_a_at,0.58709989,0.0613182,,,,
244642_at,0.5871,0.04903086,,,,
217548_at,0.5871084,-0.0437944,,,,
202010_s_at,0.58710929,0.06436019,,,,
242167_at,0.58712759,0.05572424,,,,
234015_at,0.58714458,-0.0436012,,,,
212478_at,0.58714857,-0.07468857,,,,
218227_at,0.58726862,0.05470719,,,,
224290_at,0.58726868,-0.02813035,,,,
238931_at,0.58727665,-0.07250522,,,,
218930_s_at,0.58729025,0.09011129,,,,
213040_s_at,0.58729181,-0.13431623,,,,
1555942_a_at,0.58730235,0.11628409,,,,
225369_at,0.58730345,-0.08417917,,,,
243234_at,0.58735237,-0.03283262,,,,
232901_at,0.58735635,-0.0326879,,,,
208023_at,0.58736674,0.06837313,,,,
239977_at,0.58738252,0.03141519,,,,
1552461_at,0.58738644,-0.0287499,,,,
1570270_at,0.58741475,-0.03177571,,,,
222588_s_at,0.58746418,-0.0609775,,,,
214239_x_at,0.58746871,0.11249721,,,,
225771_at,0.58750941,0.05721309,,,,
36554_at,0.58752303,-0.12853748,,,,
216386_at,0.58756075,-0.0388731,,,,
231253_at,0.58756296,-0.03792293,,,,
226560_at,0.58760267,-0.31920165,,,,
203525_s_at,0.58762763,0.111478,,,,
205652_s_at,0.58763911,0.0797701,,,,
228238_at,0.58764031,0.16213939,,,,
239206_at,0.58767827,0.03839796,,,,
226904_at,0.58768937,0.05405279,,,,
237355_at,0.58769669,-0.03485805,,,,
1562456_at,0.58771187,0.03775624,,,,
1564469_at,0.58774551,0.13500001,,,,
1554852_a_at,0.58774665,0.08874536,,,,
1552421_a_at,0.58776483,-0.03652198,,,,
223563_at,0.58778868,-0.03731755,,,,
244170_at,0.58780103,-0.05530405,,,,
209693_at,0.58781156,0.18825872,,,,
243544_at,0.58782227,0.02585922,,,,
242101_at,0.5878353,0.02272454,,,,
216912_at,0.58786683,-0.03827543,,,,
233800_at,0.58790201,-0.06495666,,,,
1569478_s_at,0.58795665,-0.07594384,,,,
1553930_at,0.58797563,0.02197583,,,,
202191_s_at,0.58797778,0.19111275,,,,
1555355_a_at,0.58798761,-0.14253359,,,,
207022_s_at,0.58801973,-0.09166567,,,,
242140_at,0.58802277,-0.0925995,,,,
210326_at,0.58804159,0.3851814,,,,
227297_at,0.58810859,0.21142214,,,,
242025_at,0.5881771,0.03477688,,,,
222670_s_at,0.58821937,0.14622995,,,,
202989_at,0.58822584,-0.02122632,,,,
232775_at,0.5882273,0.04181759,,,,
220584_at,0.58827415,0.09316134,,,,
208862_s_at,0.58829228,0.07498084,,,,
200080_s_at,0.58829637,0.03598289,,,,
1554093_a_at,0.58829834,0.04754411,,,,
1553086_at,0.58834236,-0.02664397,,,,
218663_at,0.58835652,0.18240448,,,,
217387_at,0.5883603,0.03205962,,,,
239043_at,0.58837289,0.15559118,,,,
244019_at,0.58838454,-0.05422138,,,,
201044_x_at,0.58839028,-0.15029341,,,,
202965_s_at,0.58841088,0.31225131,,,,
200667_at,0.58842397,0.04862476,,,,
1562309_s_at,0.58842479,-0.13827705,,,,
1567358_at,0.58844026,-0.03812558,,,,
228151_at,0.58846313,0.11599136,,,,
227066_at,0.58846413,-0.07910673,,,,
200660_at,0.5885049,-0.12653395,,,,
222323_at,0.58851064,0.05725368,,,,
229376_at,0.58853183,0.32702867,,,,
219342_at,0.58854762,0.12469884,,,,
229824_at,0.58856341,-0.17266158,,,,
1569411_at,0.58856559,0.02560191,,,,
219718_at,0.58857577,0.22061945,,,,
1560413_at,0.58859207,-0.02308143,,,,
215368_at,0.58859683,-0.03527706,,,,
217612_at,0.58860618,0.07137341,,,,
240572_s_at,0.5886234,0.14120927,,,,
216348_at,0.58862679,0.08586744,,,,
203968_s_at,0.58866494,0.14048463,,,,
219084_at,0.58866927,-0.0501323,,,,
238303_at,0.58867852,-0.06021717,,,,
235101_at,0.58869802,-0.03440428,,,,
237574_at,0.58870776,-0.02564754,,,,
230240_at,0.58876727,0.07420371,,,,
241090_at,0.58878303,-0.02656115,,,,
230661_at,0.58880736,-0.13996062,,,,
201554_x_at,0.58880793,0.10247632,,,,
232994_s_at,0.58881446,-0.12518437,,,,
235497_at,0.58884025,0.12359262,,,,
237579_at,0.58884099,0.04365621,,,,
220065_at,0.58885482,-0.18765569,,,,
222819_at,0.58887563,0.13746005,,,,
219978_s_at,0.58890006,0.15041711,,,,
1559595_at,0.58891699,-0.03278154,,,,
1562006_at,0.58892184,-0.0370927,,,,
241010_x_at,0.58894026,0.05175389,,,,
233945_at,0.58897552,0.02835238,,,,
211508_s_at,0.58901116,0.02603708,,,,
224224_s_at,0.58902846,-0.05814045,,,,
1555227_a_at,0.58905248,-0.0663567,,,,
214270_s_at,0.58906096,-0.08250003,,,,
200859_x_at,0.58909878,-0.11184682,,,,
1563821_at,0.58915056,-0.04868724,,,,
221750_at,0.5891509,0.13231645,,,,
231184_at,0.58915256,-0.03821305,,,,
236328_at,0.58917903,-0.15627615,,,,
217648_at,0.58920656,0.05783904,,,,
202810_at,0.58928212,0.0692376,,,,
229551_x_at,0.58932593,0.13384127,,,,
221855_at,0.58945403,-0.0410918,,,,
211427_s_at,0.58948766,-0.14789962,,,,
1554193_s_at,0.5895015,0.06983739,,,,
208020_s_at,0.58951073,-0.04516801,,,,
212950_at,0.58952451,-0.16644373,,,,
240148_at,0.58953059,-0.05154302,,,,
209226_s_at,0.58963721,0.05631593,,,,
219562_at,0.58967724,-0.18072885,,,,
222896_at,0.58967933,0.12463121,,,,
228111_s_at,0.58968201,0.07057834,,,,
243266_at,0.58969706,-0.03743826,,,,
1556742_at,0.58970758,0.05963494,,,,
53991_at,0.58973837,0.13798605,,,,
232948_at,0.58973841,0.04403652,,,,
215300_s_at,0.58976248,-0.26570219,,,,
1560523_at,0.58979351,0.02856046,,,,
229816_at,0.58984494,0.13297504,,,,
218195_at,0.5898658,0.12532222,,,,
1556368_at,0.58989832,-0.02988337,,,,
1568983_a_at,0.58992679,0.11629245,,,,
218222_x_at,0.58996584,-0.07504434,,,,
221251_x_at,0.58998745,0.07010547,,,,
243736_at,0.58999478,0.10246139,,,,
225416_at,0.59003377,-0.06211837,,,,
241969_at,0.59004891,0.04587326,,,,
219572_at,0.59006515,0.19323175,,,,
210601_at,0.59007867,-0.13746518,,,,
229683_s_at,0.59009662,-0.04764243,,,,
1564539_at,0.5900983,-0.03372751,,,,
35685_at,0.59011186,0.05393003,,,,
1569318_at,0.59013098,-0.04096965,,,,
233771_at,0.59013956,0.04393512,,,,
228244_at,0.59015145,-0.06289386,,,,
233916_at,0.59017003,-0.02961298,,,,
216606_x_at,0.5901701,-0.05468332,,,,
233876_at,0.59020061,0.05050328,,,,
201113_at,0.59021168,-0.07934342,,,,
211745_x_at,0.59022795,0.25362039,,,,
240827_at,0.59023013,0.09349897,,,,
222063_s_at,0.59023891,-0.03610362,,,,
212498_at,0.59026802,0.08905087,,,,
227628_at,0.59029521,0.18008135,,,,
227109_at,0.59030138,0.11624205,,,,
208601_s_at,0.59030687,-0.02875256,,,,
237620_at,0.59034771,-0.04391597,,,,
214283_at,0.5903546,0.07107079,,,,
241309_at,0.59036821,0.03293306,,,,
231887_s_at,0.59038099,0.10542957,,,,
239794_at,0.59040895,-0.07949928,,,,
219023_at,0.59041522,-0.0990678,,,,
1555209_at,0.59042743,-0.03122915,,,,
218330_s_at,0.59044629,0.1547936,,,,
1552627_a_at,0.59045498,0.1063577,,,,
1552771_a_at,0.59050417,0.02700512,,,,
1561216_at,0.590548,0.02921269,,,,
210497_x_at,0.59056878,0.12742983,,,,
229165_at,0.59058013,-0.09129418,,,,
235232_at,0.5905885,-0.0560116,,,,
60471_at,0.5905909,-0.08953351,,,,
215773_x_at,0.59059377,0.06995049,,,,
201058_s_at,0.59061282,0.17161355,,,,
237476_at,0.59068762,0.07285504,,,,
202255_s_at,0.59069076,0.0579591,,,,
215486_at,0.5906919,-0.03391433,,,,
217632_at,0.59071897,0.05182404,,,,
219117_s_at,0.59074086,0.12159916,,,,
238704_at,0.59075472,-0.10059213,,,,
229322_at,0.59076893,0.05883918,,,,
1555719_a_at,0.59077413,-0.07314092,,,,
206659_at,0.59077537,0.12597727,,,,
1555871_at,0.59077711,-0.04665985,,,,
227091_at,0.59082889,0.19448947,,,,
218109_s_at,0.5908435,0.08077678,,,,
208863_s_at,0.59086432,-0.0610772,,,,
1557807_a_at,0.59087327,-0.03809318,,,,
232879_at,0.59089501,-0.04476837,,,,
225244_at,0.59098203,0.08516151,,,,
1562624_at,0.59098253,-0.04891273,,,,
1557334_a_at,0.59098748,0.02509821,,,,
1556212_x_at,0.59101662,0.05496293,,,,
236821_at,0.59102317,-0.05950205,,,,
228806_at,0.59104976,0.23266836,,,,
225418_at,0.59113496,0.12295703,,,,
225440_at,0.59113828,0.10928183,,,,
1561198_at,0.5911443,0.03166345,,,,
1560014_s_at,0.59115616,0.05179073,,,,
224678_at,0.59115964,-0.07213983,,,,
238794_at,0.59121017,-0.11018347,,,,
244306_at,0.59121825,0.02369349,,,,
226816_s_at,0.59121888,-0.06730646,,,,
44654_at,0.59124604,0.10455881,,,,
237112_at,0.59126783,0.07621998,,,,
214071_at,0.59128191,0.16251533,,,,
1557430_at,0.59130604,0.12852745,,,,
219042_at,0.59138476,0.08333966,,,,
232916_at,0.59140118,0.06602616,,,,
209544_at,0.5914095,0.09080734,,,,
202664_at,0.5914246,-0.16210453,,,,
224360_s_at,0.59143648,0.05784701,,,,
1560557_at,0.59143956,-0.02397615,,,,
223422_s_at,0.59148193,0.14319735,,,,
204968_at,0.5915332,0.05115453,,,,
1565759_at,0.59154202,0.04216566,,,,
1560163_at,0.59155094,-0.02954719,,,,
215000_s_at,0.59156986,0.07072037,,,,
242160_at,0.59157919,-0.04114785,,,,
212946_at,0.59160241,-0.10738654,,,,
201420_s_at,0.59161357,-0.09939701,,,,
209892_at,0.59162377,-0.20400541,,,,
227870_at,0.59163052,0.25604244,,,,
214535_s_at,0.59164422,-0.08672671,,,,
211519_s_at,0.59165667,-0.13357271,,,,
242573_at,0.5916675,-0.07735213,,,,
214938_x_at,0.59168057,0.05107417,,,,
231059_x_at,0.5917078,-0.06976031,,,,
212529_at,0.59171374,0.07145558,,,,
213830_at,0.59171659,-0.10861624,,,,
219933_at,0.59173488,0.07280771,,,,
1566577_at,0.59174895,-0.04108918,,,,
228329_at,0.59178633,0.13120574,,,,
208107_s_at,0.5918113,-0.10247847,,,,
1569592_a_at,0.59183283,0.02255507,,,,
225048_at,0.591851,0.12465063,,,,
228128_x_at,0.59185118,0.22924844,,,,
212134_at,0.5918596,0.06200277,,,,
211819_s_at,0.59186292,-0.06441032,,,,
206601_s_at,0.59186627,0.1148843,,,,
234140_s_at,0.59188514,-0.07730928,,,,
1556188_a_at,0.59191034,0.05073838,,,,
207221_at,0.59191205,-0.03752705,,,,
241809_at,0.59191428,0.06312615,,,,
226299_at,0.59192834,-0.10675506,,,,
210329_s_at,0.59194443,0.09519273,,,,
235189_at,0.59196581,-0.1088784,,,,
224546_at,0.59196919,0.03126098,,,,
235403_at,0.59200761,0.03733492,,,,
222480_at,0.59200893,0.08534968,,,,
223869_at,0.59201549,-0.0740318,,,,
222331_at,0.59203102,-0.04281397,,,,
239949_at,0.59206485,-0.05215732,,,,
1559092_at,0.59207523,0.02863441,,,,
218619_s_at,0.59209043,-0.05806071,,,,
236228_at,0.59216176,-0.06336202,,,,
209977_at,0.59216193,0.48809858,,,,
202688_at,0.59221093,0.19952149,,,,
235186_at,0.59227609,-0.05642055,,,,
1552368_at,0.59229607,-0.15855921,,,,
212303_x_at,0.59231532,0.06640133,,,,
206417_at,0.59235213,0.17175379,,,,
237553_at,0.59235677,0.06523316,,,,
227625_s_at,0.59238442,-0.06185311,,,,
211209_x_at,0.59238829,-0.07487491,,,,
224984_at,0.59239427,-0.1041313,,,,
233400_at,0.5924141,0.04368679,,,,
201539_s_at,0.59246904,-0.22475389,,,,
212501_at,0.59248129,0.09266303,,,,
243521_at,0.59248713,0.08330272,,,,
210049_at,0.59254815,0.57999629,,,,
240636_at,0.59256971,-0.05362876,,,,
201728_s_at,0.59257748,0.08518458,,,,
244257_at,0.59260332,0.04691229,,,,
222215_at,0.59261089,-0.03024174,,,,
233116_at,0.59261734,-0.10264412,,,,
211097_s_at,0.59263012,0.08362213,,,,
225722_at,0.59263343,0.08215261,,,,
1554726_at,0.59263497,0.16174581,,,,
234906_at,0.59263899,-0.04219882,,,,
1570119_at,0.59264256,-0.02550359,,,,
243162_at,0.59264762,-0.03702534,,,,
1555804_a_at,0.59265247,-0.02967431,,,,
209971_x_at,0.59266461,0.06515971,,,,
228007_at,0.59267969,0.1765155,,,,
210721_s_at,0.59273829,0.06252751,,,,
229265_at,0.59274879,-0.08667525,,,,
49878_at,0.59276047,-0.06891534,,,,
1557961_s_at,0.59276483,-0.16270093,,,,
237791_at,0.59277483,-0.03082339,,,,
227631_at,0.59281023,-0.05113997,,,,
1561033_at,0.59281501,-0.02337386,,,,
205825_at,0.59286342,0.19995661,,,,
233010_at,0.5928682,0.03582926,,,,
206303_s_at,0.59292754,0.13296827,,,,
1553874_a_at,0.59294584,0.03264655,,,,
212841_s_at,0.59305225,0.13145608,,,,
227085_at,0.59307838,-0.08234046,,,,
244846_at,0.59312819,0.04079251,,,,
242652_at,0.59318983,0.08672605,,,,
214327_x_at,0.59319769,0.02367662,,,,
201049_s_at,0.59323989,0.02877525,,,,
234800_at,0.59324576,0.02092946,,,,
208815_x_at,0.59325936,0.07834727,,,,
231112_at,0.59333877,0.09367861,,,,
244608_at,0.59338611,-0.03373119,,,,
238706_at,0.59344637,-0.1034835,,,,
206173_x_at,0.59350103,0.07766862,,,,
227515_at,0.59354914,0.0638228,,,,
225831_at,0.59363626,0.06914865,,,,
220787_at,0.59364317,-0.0270671,,,,
230803_s_at,0.59364873,-0.09062471,,,,
201954_at,0.59366957,-0.11517887,,,,
203603_s_at,0.59369147,-0.17872368,,,,
224985_at,0.59369762,-0.06900964,,,,
214260_at,0.59371689,0.08250902,,,,
240815_at,0.5937213,0.10693201,,,,
204500_s_at,0.59375531,-0.09831045,,,,
204585_s_at,0.5937679,-0.03725272,,,,
207075_at,0.59377005,-0.10502078,,,,
200897_s_at,0.59377011,0.12854534,,,,
240134_at,0.59377335,-0.03235305,,,,
215922_at,0.59378187,-0.02280483,,,,
215409_at,0.59381307,0.05484457,,,,
222987_s_at,0.59384763,0.0984346,,,,
224500_s_at,0.59385719,-0.04245691,,,,
204724_s_at,0.59387488,0.25264982,,,,
219470_x_at,0.5939719,-0.09965465,,,,
243991_at,0.59397401,0.02504471,,,,
1552880_at,0.59400378,0.14553815,,,,
236364_at,0.59402162,-0.09274566,,,,
230473_s_at,0.59404773,-0.02937696,,,,
208059_at,0.59404796,-0.04389879,,,,
207406_at,0.59406244,0.3433709,,,,
202469_s_at,0.59410872,0.06706079,,,,
213172_at,0.59412123,0.1922969,,,,
237825_x_at,0.59415118,-0.03379963,,,,
227404_s_at,0.59416051,0.12767838,,,,
1566823_a_at,0.59417354,-0.03496734,,,,
225706_at,0.59421269,-0.12956295,,,,
221775_x_at,0.59421738,-0.04173912,,,,
219999_at,0.59421805,0.08742556,,,,
1562992_at,0.59423418,0.02014335,,,,
230957_at,0.59424094,0.03751538,,,,
202952_s_at,0.59425002,0.23679545,,,,
215850_s_at,0.59426144,-0.02756127,,,,
244245_at,0.59427788,-0.03565112,,,,
208030_s_at,0.594308,0.06724996,,,,
234835_at,0.59435512,-0.03459138,,,,
229477_at,0.59436075,0.32431977,,,,
215315_at,0.59439834,0.0406914,,,,
226783_at,0.59440198,-0.08982779,,,,
237638_at,0.59445623,-0.03838713,,,,
238825_at,0.5944784,-0.11870202,,,,
233267_at,0.59455313,0.0441924,,,,
204716_at,0.59455366,0.13566216,,,,
215261_at,0.59456171,-0.04956116,,,,
234838_at,0.59461394,0.03242964,,,,
231338_at,0.59464368,-0.03965745,,,,
1559360_at,0.59473566,0.16859611,,,,
243996_at,0.59473622,-0.08411961,,,,
243782_at,0.59474504,0.05943591,,,,
208928_at,0.59475033,0.12164196,,,,
204172_at,0.59477417,0.09148167,,,,
1560986_a_at,0.59479613,-0.03987519,,,,
1559037_a_at,0.59481932,0.07191796,,,,
202821_s_at,0.59487945,0.11828842,,,,
240466_at,0.59490312,0.0829605,,,,
241453_at,0.59494369,0.15907454,,,,
224147_at,0.59498067,0.02987396,,,,
225719_s_at,0.59498781,0.08315886,,,,
1552826_at,0.59503082,-0.0178971,,,,
217560_at,0.59507465,-0.0378888,,,,
1568713_a_at,0.59507719,-0.06095232,,,,
228787_s_at,0.59512098,0.12116151,,,,
214402_s_at,0.59514618,-0.06782978,,,,
1566040_at,0.59518013,-0.03290544,,,,
218782_s_at,0.59520641,0.14797563,,,,
214148_at,0.59526359,-0.07290988,,,,
237046_x_at,0.59527133,0.04848198,,,,
1555702_a_at,0.59529164,-0.07198681,,,,
219292_at,0.59529641,0.05939374,,,,
211200_s_at,0.59531236,0.14595191,,,,
200915_x_at,0.59531315,0.06446162,,,,
242621_at,0.59532291,-0.04306155,,,,
1556051_a_at,0.59533217,-0.17822169,,,,
1570134_at,0.59534248,-0.02049803,,,,
232850_at,0.59535145,0.1252977,,,,
214578_s_at,0.59538761,-0.06011335,,,,
242008_at,0.59540067,-0.15341824,,,,
201766_at,0.59540261,-0.04242525,,,,
211771_s_at,0.59540956,-0.04821851,,,,
237447_at,0.59541836,0.11452352,,,,
233395_at,0.59543224,-0.05482377,,,,
241918_at,0.59544117,-0.05814369,,,,
228262_at,0.59549054,0.26229329,,,,
244749_at,0.59552104,0.12138685,,,,
211935_at,0.59552744,0.0733517,,,,
220192_x_at,0.59553439,-0.21014993,,,,
212571_at,0.5955466,0.06701785,,,,
244591_x_at,0.5955568,0.06519551,,,,
239239_at,0.59564997,-0.12233225,,,,
1563904_at,0.59566019,0.02021248,,,,
225045_at,0.59566236,-0.16687857,,,,
232069_at,0.59570685,-0.10200764,,,,
212071_s_at,0.5957157,0.09812145,,,,
1560373_a_at,0.59574146,-0.03507362,,,,
234454_at,0.59575562,-0.03239522,,,,
208231_at,0.59578547,-0.03384791,,,,
223413_s_at,0.5957985,0.09473792,,,,
1566825_at,0.5958016,-0.0293564,,,,
1566087_at,0.59583819,-0.021728,,,,
216682_s_at,0.59591379,-0.08912038,,,,
238043_at,0.59591845,0.11538848,,,,
231775_at,0.59593284,-0.1472659,,,,
1552261_at,0.59595742,-0.05672196,,,,
200951_s_at,0.59596654,-0.19312668,,,,
244238_at,0.595971,0.04516671,,,,
238284_at,0.5960039,-0.03316148,,,,
220510_at,0.59600471,0.05957983,,,,
217898_at,0.59602459,-0.05882943,,,,
230560_at,0.59605722,-0.31198349,,,,
244772_at,0.59605937,-0.03380354,,,,
219631_at,0.59606926,-0.1655986,,,,
213055_at,0.596117,0.09762643,,,,
212992_at,0.59612331,-0.30303958,,,,
221909_at,0.59614666,0.15506141,,,,
1554168_a_at,0.59616017,-0.14885449,,,,
213700_s_at,0.59618399,-0.10096503,,,,
223930_at,0.5961999,0.07366247,,,,
241443_at,0.59625199,-0.1135777,,,,
211222_s_at,0.5963069,-0.04080455,,,,
220811_at,0.59634825,-0.03820164,,,,
217696_at,0.59640141,-0.05403536,,,,
237929_at,0.59641025,-0.0332211,,,,
203784_s_at,0.59642244,-0.0452182,,,,
224665_at,0.59645748,0.05953997,,,,
239953_at,0.59646216,-0.04536817,,,,
232241_at,0.59646424,-0.03809156,,,,
237947_at,0.59649002,-0.03532809,,,,
226727_at,0.59649525,-0.11063093,,,,
209664_x_at,0.59654891,-0.04469189,,,,
238159_at,0.59654897,-0.03501807,,,,
239716_at,0.59656886,0.05786239,,,,
213225_at,0.59659657,-0.07685981,,,,
214525_x_at,0.59661776,-0.06369822,,,,
230306_at,0.5966567,0.08241876,,,,
216184_s_at,0.59672666,-0.04582734,,,,
1557185_at,0.59672915,0.03933643,,,,
236575_at,0.59673187,-0.14066179,,,,
216725_at,0.5967419,-0.02538813,,,,
AFFX-PheX-5_at,0.59674499,0.17879692,,,,
241994_at,0.59681728,-0.29026601,,,,
209896_s_at,0.59682116,-0.09573014,,,,
222339_x_at,0.59683488,0.06325038,,,,
242223_at,0.59687556,-0.04374808,,,,
227627_at,0.59688981,-0.1110988,,,,
210124_x_at,0.5968932,-0.07138341,,,,
1554021_a_at,0.59692611,0.09857528,,,,
202799_at,0.59695857,0.06172212,,,,
226096_at,0.5969751,0.20848749,,,,
1560457_x_at,0.59699642,0.04675846,,,,
1569287_at,0.59699988,-0.03208005,,,,
220471_s_at,0.59704492,0.0790351,,,,
236555_at,0.59705133,0.0758091,,,,
214832_at,0.59705611,-0.09229979,,,,
205968_at,0.59706315,0.17937259,,,,
230931_at,0.59708159,0.42874817,,,,
200619_at,0.59711088,-0.06952241,,,,
208818_s_at,0.59711943,-0.09965902,,,,
216913_s_at,0.59716798,-0.07869617,,,,
1557347_at,0.59721437,0.07944534,,,,
205486_at,0.59725927,-0.07253124,,,,
228556_at,0.59726097,-0.07442476,,,,
241413_at,0.59728083,0.04226125,,,,
233573_s_at,0.59733153,-0.05628948,,,,
235020_at,0.59733586,0.14825054,,,,
208892_s_at,0.59736313,0.12716588,,,,
201778_s_at,0.59740695,-0.06114307,,,,
221528_s_at,0.59743429,-0.0800409,,,,
220383_at,0.59745413,0.33674407,,,,
212389_at,0.59754752,0.04331359,,,,
207367_at,0.597558,0.06515116,,,,
215157_x_at,0.59759151,-0.04810304,,,,
217869_at,0.59759499,-0.08710214,,,,
208311_at,0.59760287,-0.02510025,,,,
1553832_at,0.59763771,-0.03079064,,,,
223347_at,0.59764347,-0.07828782,,,,
234084_x_at,0.59768089,0.06152432,,,,
229434_at,0.59769153,-0.1332602,,,,
204334_at,0.59769157,-0.10872749,,,,
211043_s_at,0.59769588,-0.12281853,,,,
1565769_at,0.59771323,-0.02801669,,,,
200685_at,0.59772784,0.11464068,,,,
235845_at,0.59776892,-0.12253516,,,,
225710_at,0.59778621,0.15679749,,,,
220347_at,0.59781433,-0.03576637,,,,
220769_s_at,0.59782466,-0.07130653,,,,
243060_at,0.59782899,0.03324874,,,,
1559678_s_at,0.59783107,-0.03128244,,,,
243183_at,0.59785512,-0.07197466,,,,
1554506_x_at,0.59785733,-0.02266136,,,,
1563970_at,0.59786369,-0.0268507,,,,
223123_s_at,0.59790878,0.09008845,,,,
214526_x_at,0.59793228,0.06852414,,,,
1559656_a_at,0.59793577,0.03307455,,,,
202567_at,0.59795926,-0.06565954,,,,
220706_at,0.59795993,0.02993415,,,,
201537_s_at,0.59797197,-0.08735251,,,,
218297_at,0.59800506,0.07381272,,,,
228889_at,0.59804312,-0.06911026,,,,
238675_x_at,0.59804772,0.06705022,,,,
206773_at,0.59807306,0.08734223,,,,
237899_at,0.59809335,-0.06278153,,,,
235479_at,0.59816793,-0.09681621,,,,
210835_s_at,0.5981921,0.10693563,,,,
221372_s_at,0.59820391,-0.03856679,,,,
203006_at,0.59820637,-0.07728525,,,,
232777_s_at,0.59822905,0.04263902,,,,
242710_at,0.59823086,-0.06297983,,,,
200925_at,0.59824324,0.05136428,,,,
1557736_at,0.59825217,0.04213137,,,,
230746_s_at,0.59826624,0.15350045,,,,
232835_at,0.59827603,-0.06887634,,,,
240051_at,0.59827726,-0.03835221,,,,
242561_at,0.59828353,0.06453945,,,,
201866_s_at,0.59831476,-0.11693403,,,,
226429_at,0.59832645,-0.10825124,,,,
225319_s_at,0.59835416,0.07366735,,,,
236669_at,0.59840455,0.0362829,,,,
222272_x_at,0.59840533,-0.05295666,,,,
223726_at,0.59841545,-0.04289074,,,,
201853_s_at,0.59845331,-0.1017916,,,,
209739_s_at,0.59848963,0.14057727,,,,
233784_at,0.59849403,-0.02830357,,,,
215591_at,0.59850646,-0.0722209,,,,
1569861_at,0.5985165,-0.02304417,,,,
236335_at,0.59855696,0.17777746,,,,
223595_at,0.59856361,0.1560806,,,,
209978_s_at,0.59856858,0.49521528,,,,
219010_at,0.59867437,-0.3016418,,,,
244001_at,0.59869626,-0.03723752,,,,
239435_x_at,0.59876066,-0.15899047,,,,
1570089_at,0.59877134,-0.02460119,,,,
202334_s_at,0.59878031,-0.06926821,,,,
220468_at,0.59878287,-0.3381469,,,,
228926_s_at,0.59878579,-0.05917152,,,,
208246_x_at,0.59879008,0.08884936,,,,
212680_x_at,0.59880111,0.10074754,,,,
207162_s_at,0.59881082,0.03939392,,,,
211161_s_at,0.59882381,0.13872433,,,,
1555913_at,0.59883254,0.09728337,,,,
1560051_at,0.59883266,0.02548687,,,,
218609_s_at,0.59888226,-0.09224422,,,,
242818_x_at,0.59889485,0.08889707,,,,
215237_at,0.59902025,-0.0818347,,,,
202257_s_at,0.59904676,-0.0540744,,,,
204316_at,0.59906319,0.09143555,,,,
200052_s_at,0.5990685,0.09100777,,,,
209149_s_at,0.5990933,-0.09007647,,,,
231108_at,0.59917169,0.10608753,,,,
201506_at,0.59918897,-0.16393107,,,,
1570279_at,0.59920839,0.03422198,,,,
203909_at,0.59921255,-0.11664121,,,,
241404_at,0.5992297,0.12596074,,,,
223281_s_at,0.59924767,0.07916832,,,,
222908_at,0.59924986,0.17182112,,,,
1559313_at,0.59926325,-0.03428053,,,,
1565830_at,0.59926596,0.12780091,,,,
212861_at,0.59928985,-0.07665385,,,,
238386_x_at,0.59930018,0.03036251,,,,
218795_at,0.59930193,-0.13925607,,,,
1555753_x_at,0.59933174,0.08327575,,,,
243469_at,0.59936268,-0.0512129,,,,
200820_at,0.5993629,-0.06893023,,,,
232413_at,0.59937635,0.04253079,,,,
214583_at,0.59939651,0.09548671,,,,
212392_s_at,0.59939687,-0.11038508,,,,
228641_at,0.59940124,-0.09949629,,,,
201105_at,0.59941174,0.13002457,,,,
230736_at,0.59945252,0.08748525,,,,
235088_at,0.59946894,0.13135578,,,,
227669_at,0.59948312,0.16536554,,,,
213486_at,0.5995463,0.08076151,,,,
1565616_at,0.59962176,0.04692285,,,,
226434_at,0.59965527,0.07857,,,,
220886_at,0.59966039,-0.04112543,,,,
217437_s_at,0.59967852,-0.12123649,,,,
240075_at,0.5996807,-0.03158672,,,,
232911_at,0.59970052,-0.05556715,,,,
231277_x_at,0.59970813,0.04505668,,,,
1552739_s_at,0.59973205,-0.09674383,,,,
218769_s_at,0.59973956,-0.08565513,,,,
233007_at,0.59974259,-0.073742,,,,
221187_s_at,0.59975892,0.09043838,,,,
1562873_at,0.59977129,0.02576336,,,,
1554205_s_at,0.59977802,-0.03525907,,,,
206516_at,0.59981385,0.05415937,,,,
229489_at,0.59981781,-0.04459289,,,,
219397_at,0.59982022,0.05983107,,,,
236472_at,0.59983998,0.11776721,,,,
236134_at,0.59984387,-0.05838674,,,,
1554981_at,0.59985506,0.02385003,,,,
1554377_a_at,0.59985526,-0.03405372,,,,
1557838_at,0.5998607,0.02555309,,,,
235835_at,0.59987998,0.04949368,,,,
228379_at,0.59989037,-0.05896299,,,,
223431_at,0.59989454,0.07213019,,,,
215025_at,0.5999351,0.08871477,,,,
224495_at,0.59993567,0.09974657,,,,
1569770_x_at,0.59996862,0.030737,,,,
231751_at,0.6000011,0.16049782,,,,
232078_at,0.60006304,-0.14212293,,,,
232612_s_at,0.60008564,-0.08764814,,,,
241071_at,0.60010384,-0.03772102,,,,
225848_at,0.60014178,0.06739746,,,,
202359_s_at,0.60014566,0.08806561,,,,
231296_at,0.60014679,-0.08486053,,,,
1555717_at,0.60015985,0.02209319,,,,
223840_s_at,0.60017264,0.05584417,,,,
1558097_at,0.6001792,0.06848717,,,,
209160_at,0.60019808,-0.23170015,,,,
241342_at,0.6002175,0.12289523,,,,
226671_at,0.60022285,-0.16309079,,,,
242932_at,0.60023218,0.1050039,,,,
1561576_a_at,0.6002363,-0.02690814,,,,
225933_at,0.60024353,0.09611939,,,,
233387_s_at,0.60025179,0.05161577,,,,
204256_at,0.60025526,0.17154915,,,,
1555932_at,0.60025917,0.02497437,,,,
230717_at,0.60028918,0.05855073,,,,
219521_at,0.60029925,0.07590789,,,,
224748_at,0.60033358,-0.06747705,,,,
222045_s_at,0.60035696,-0.0957277,,,,
221760_at,0.60036404,-0.14644159,,,,
206088_at,0.60040802,-0.04059604,,,,
244144_at,0.60043001,-0.03479164,,,,
233446_at,0.60043087,-0.24295712,,,,
225236_at,0.60043642,-0.065321,,,,
1570183_at,0.60044359,0.02317938,,,,
235269_at,0.60047455,-0.15794989,,,,
209100_at,0.60047983,-0.06652401,,,,
215536_at,0.60048052,-0.16238264,,,,
242597_at,0.60052957,0.03620259,,,,
216392_s_at,0.60057139,0.07712964,,,,
1553934_at,0.60058583,0.02767402,,,,
209477_at,0.60059746,0.06194413,,,,
200072_s_at,0.60060415,-0.06467169,,,,
1557030_at,0.60061723,0.02821328,,,,
231068_at,0.60061818,-0.06790113,,,,
210133_at,0.60069465,-0.19481172,,,,
228873_at,0.60071814,-0.15208527,,,,
204450_x_at,0.60072958,0.54955271,,,,
207189_s_at,0.6007401,-0.0378466,,,,
236714_at,0.60076422,0.12183018,,,,
230445_at,0.60078035,-0.03856166,,,,
218760_at,0.60078468,0.06958554,,,,
231823_s_at,0.60082213,0.13059799,,,,
203362_s_at,0.60082604,0.14243663,,,,
236050_at,0.60086234,-0.09122207,,,,
212262_at,0.60088576,0.1260581,,,,
210827_s_at,0.60089896,-0.2619902,,,,
1561270_at,0.60095385,-0.03685719,,,,
240291_at,0.60096174,0.02995968,,,,
241888_at,0.60098695,-0.09065634,,,,
242744_s_at,0.60099628,0.0272566,,,,
1564511_a_at,0.60100804,-0.05818785,,,,
218898_at,0.60103646,-0.10970891,,,,
226197_at,0.60105542,0.24154368,,,,
1563496_at,0.60105651,-0.02359171,,,,
220279_at,0.60105947,0.04609873,,,,
1566437_at,0.60108573,-0.02186693,,,,
236500_at,0.60109239,-0.07927885,,,,
240300_at,0.60111775,0.05326999,,,,
211761_s_at,0.60112858,0.09287049,,,,
228004_at,0.60114508,-0.35525147,,,,
227140_at,0.6011471,-0.21644744,,,,
236103_at,0.60115592,-0.05133839,,,,
228495_at,0.60117526,0.06048626,,,,
241222_at,0.60118748,-0.03117426,,,,
223126_s_at,0.60122404,0.18248766,,,,
216290_x_at,0.60122515,0.03870293,,,,
208196_x_at,0.60124438,-0.03545164,,,,
240040_at,0.6012544,0.04102699,,,,
206357_at,0.60125545,0.07137127,,,,
231294_at,0.60125942,0.02471685,,,,
230203_at,0.60128532,0.06053688,,,,
234543_at,0.60129061,0.02594022,,,,
202735_at,0.60129589,-0.1322694,,,,
238786_at,0.60129982,-0.08182691,,,,
227258_at,0.60133159,-0.0705574,,,,
233497_at,0.60133891,0.03454463,,,,
224642_at,0.6013754,0.10516969,,,,
229958_at,0.6013862,-0.12868863,,,,
236115_at,0.60138695,-0.12049248,,,,
223414_s_at,0.60138774,0.06905286,,,,
1553971_a_at,0.60138852,0.09516185,,,,
202865_at,0.60139797,-0.04966777,,,,
1561559_at,0.60142036,-0.03072943,,,,
230663_at,0.60144179,-0.04777926,,,,
1557765_at,0.60150872,-0.15720368,,,,
220582_at,0.60151699,0.0332358,,,,
1563061_at,0.60152916,0.02591446,,,,
223197_s_at,0.60153304,0.07818899,,,,
217692_at,0.60154976,-0.07372436,,,,
237958_at,0.60156814,-0.03386323,,,,
206169_x_at,0.60158546,0.08970486,,,,
242337_at,0.60164611,-0.08602688,,,,
211765_x_at,0.60166396,0.03717765,,,,
206853_s_at,0.60175201,0.08150251,,,,
1561394_s_at,0.60180484,0.12228581,,,,
205754_at,0.60183989,0.42723052,,,,
235464_at,0.60186078,-0.06323175,,,,
244441_at,0.60186906,0.04791001,,,,
228880_at,0.60194502,-0.11109101,,,,
209663_s_at,0.60198112,-0.09309544,,,,
203467_at,0.60200346,-0.08165838,,,,
207254_at,0.60200568,0.14220133,,,,
207556_s_at,0.60202311,0.09756655,,,,
209054_s_at,0.60202985,-0.09605638,,,,
215296_at,0.60203608,0.05618904,,,,
226525_at,0.60209129,-0.12386112,,,,
200833_s_at,0.60211535,0.0783389,,,,
222495_at,0.60212128,0.05816035,,,,
1563000_at,0.60212968,-0.02112131,,,,
207874_s_at,0.60217125,0.46898335,,,,
224764_at,0.60224182,0.11096705,,,,
1557828_a_at,0.60224962,0.13235023,,,,
37796_at,0.60225587,0.06321881,,,,
239030_at,0.60227044,-0.03194237,,,,
1563371_at,0.60228167,-0.02699147,,,,
211586_s_at,0.60228686,-0.04798067,,,,
231577_s_at,0.60231248,0.15576783,,,,
219131_at,0.60232093,-0.08079751,,,,
238087_at,0.60234311,-0.04596399,,,,
233031_at,0.6024123,-0.06839663,,,,
232307_at,0.6024529,0.06191481,,,,
230012_at,0.60246332,0.10078546,,,,
1559077_at,0.60247572,-0.02924908,,,,
226527_at,0.60248882,0.06011232,,,,
216902_s_at,0.60249841,0.11864267,,,,
236142_at,0.60250116,0.03822602,,,,
209785_s_at,0.60250471,0.11600377,,,,
236946_at,0.60251509,0.05332815,,,,
209704_at,0.60251879,0.08616508,,,,
208926_at,0.60253612,-0.11806293,,,,
208361_s_at,0.60257896,0.07397683,,,,
205327_s_at,0.60260025,0.06021224,,,,
1563351_at,0.60260436,-0.02733388,,,,
204451_at,0.60260591,0.16039735,,,,
236909_at,0.60260768,0.04392787,,,,
215301_at,0.60261062,-0.04401694,,,,
214130_s_at,0.60262187,0.10320076,,,,
223821_s_at,0.60268202,0.19331591,,,,
1563468_at,0.60268768,0.04231374,,,,
212442_s_at,0.60269819,-0.11571687,,,,
233114_at,0.60272313,-0.03948238,,,,
216823_at,0.60274313,-0.04969793,,,,
227940_at,0.60276007,0.13434824,,,,
227207_x_at,0.60276686,-0.05503323,,,,
240048_at,0.60277099,-0.03305445,,,,
203517_at,0.60278039,0.07275462,,,,
222966_at,0.60279798,-0.01781831,,,,
240483_at,0.602815,0.03343583,,,,
233438_at,0.60281834,0.0437193,,,,
222508_s_at,0.60283283,-0.08721298,,,,
236585_at,0.60286349,-0.07385996,,,,
1558529_s_at,0.60286508,0.06863021,,,,
231772_x_at,0.60286646,-0.12436701,,,,
1561384_a_at,0.60289757,-0.02923604,,,,
208317_at,0.60289912,0.02207779,,,,
225516_at,0.60290315,0.29000968,,,,
227552_at,0.60290792,-0.06035779,,,,
1558527_at,0.60291577,0.08696247,,,,
228231_at,0.60294353,-0.09080905,,,,
207431_s_at,0.60296307,0.13266088,,,,
244824_at,0.60297225,0.04320494,,,,
244157_x_at,0.60302248,-0.04109732,,,,
1558076_at,0.60302332,0.07037152,,,,
1554462_a_at,0.60304323,0.09429125,,,,
91952_at,0.60305673,-0.06066582,,,,
209301_at,0.603072,-0.27182018,,,,
226440_at,0.60310132,-0.09299696,,,,
223967_at,0.60311173,0.13125165,,,,
242839_at,0.60312738,-0.04949512,,,,
234010_at,0.60323214,-0.04416064,,,,
235939_at,0.60327429,0.08872799,,,,
200750_s_at,0.6033006,-0.07802872,,,,
1553055_a_at,0.60331337,-0.14486464,,,,
204489_s_at,0.60335143,-0.20467184,,,,
227106_at,0.60335256,-0.04818543,,,,
229866_at,0.60335972,-0.13320148,,,,
212944_at,0.60337106,-0.10952844,,,,
243096_at,0.60338775,-0.02809925,,,,
223581_at,0.60344382,-0.04372881,,,,
231464_at,0.60346536,-0.02583045,,,,
204224_s_at,0.60348147,0.17642417,,,,
1564028_s_at,0.60348426,0.04563394,,,,
229603_at,0.6035407,0.10161814,,,,
242164_s_at,0.60356623,-0.0457577,,,,
217728_at,0.60358633,-0.15698859,,,,
207356_at,0.60363816,0.21692726,,,,
225584_at,0.60366894,0.06549727,,,,
233233_at,0.60374186,-0.10075124,,,,
232267_at,0.60374971,0.23901336,,,,
242598_at,0.60375656,0.08106333,,,,
1554279_a_at,0.6037725,-0.03976805,,,,
57082_at,0.60381566,-0.08996226,,,,
212384_at,0.60382359,0.08843979,,,,
227293_at,0.60383658,0.08814834,,,,
1567246_at,0.60386032,-0.01516255,,,,
243551_at,0.60387042,0.03347759,,,,
239347_at,0.603892,-0.06981498,,,,
229469_at,0.6038955,0.12109587,,,,
221947_at,0.60392024,0.05649256,,,,
216409_at,0.60392657,-0.0502745,,,,
201421_s_at,0.60394276,0.08250795,,,,
211732_x_at,0.6039625,0.14625768,,,,
1564816_at,0.60399149,-0.03271811,,,,
214048_at,0.60403046,0.07945271,,,,
225611_at,0.60405381,0.13944377,,,,
211699_x_at,0.60411298,0.24576458,,,,
210161_at,0.60411831,0.03636855,,,,
228573_at,0.60412622,-0.15968707,,,,
1565162_s_at,0.60412734,-0.32534669,,,,
1552544_at,0.60416296,0.13365379,,,,
220874_at,0.60416315,-0.03182212,,,,
221733_s_at,0.60416486,0.07561667,,,,
218585_s_at,0.60420631,0.14361692,,,,
218893_at,0.60423263,0.08479048,,,,
1562696_at,0.60425941,0.02462007,,,,
213276_at,0.60425978,-0.07382029,,,,
215683_at,0.60428583,0.03696726,,,,
236447_at,0.60430797,-0.03556434,,,,
208849_at,0.60432355,-0.0407772,,,,
1558184_s_at,0.60435094,-0.07748127,,,,
209876_at,0.60436768,-0.08309797,,,,
213709_at,0.60438951,0.093399,,,,
243432_at,0.60447887,-0.05252195,,,,
237277_at,0.60449563,-0.03144387,,,,
1560434_x_at,0.60450209,-0.07869485,,,,
216433_s_at,0.60450644,-0.04757714,,,,
243412_at,0.60451006,0.02805914,,,,
1565562_at,0.60451586,-0.03079547,,,,
1570397_x_at,0.604542,0.04971832,,,,
1559264_at,0.60456396,0.02395,,,,
204385_at,0.60458292,0.17404555,,,,
218807_at,0.6045961,-0.27081054,,,,
206155_at,0.60464053,0.22403266,,,,
201885_s_at,0.60465196,0.05516195,,,,
1557103_a_at,0.60466537,-0.09280481,,,,
244450_at,0.60466739,0.09711935,,,,
1555980_a_at,0.6046806,-0.04224327,,,,
222843_at,0.60468604,0.10358838,,,,
230951_at,0.6046863,-0.22928321,,,,
1569956_at,0.60470192,0.06076439,,,,
208543_at,0.60475069,-0.03313534,,,,
201619_at,0.60476822,0.08014998,,,,
243052_at,0.60477849,-0.05438787,,,,
239972_at,0.60478638,-0.02843742,,,,
1566208_at,0.60482617,-0.03575923,,,,
236902_at,0.60482748,-0.02547164,,,,
209431_s_at,0.60485081,0.12098133,,,,
213112_s_at,0.6048877,-0.10152098,,,,
224557_x_at,0.60490255,-0.04142842,,,,
219967_at,0.60491445,0.0562361,,,,
244717_x_at,0.6049285,-0.03027687,,,,
210952_at,0.60494771,0.03618267,,,,
207830_s_at,0.60495077,0.04981219,,,,
205902_at,0.6049556,0.09968587,,,,
1568933_at,0.60496761,-0.12491241,,,,
219817_at,0.60500162,-0.06521224,,,,
234888_at,0.60500301,0.03584693,,,,
231865_at,0.60501308,-0.04672462,,,,
201719_s_at,0.60505437,-0.13555068,,,,
243190_at,0.60507602,0.02386844,,,,
1559110_at,0.60507637,-0.03829187,,,,
207413_s_at,0.60508751,0.05277252,,,,
243958_at,0.60509013,0.06892642,,,,
1562122_at,0.60510654,0.02022133,,,,
1553802_a_at,0.60511213,-0.03531253,,,,
226662_at,0.60520935,0.07473248,,,,
1554652_s_at,0.60524731,0.06757823,,,,
1559771_at,0.60530863,-0.04049415,,,,
235295_at,0.60530973,0.08979999,,,,
220344_at,0.60536393,-0.05580676,,,,
244843_x_at,0.60537917,0.03877253,,,,
240687_at,0.60539347,0.09931978,,,,
225501_at,0.60539417,0.07696919,,,,
203634_s_at,0.60542136,-0.15176763,,,,
219457_s_at,0.60544114,-0.09371054,,,,
210295_at,0.60544517,-0.12134146,,,,
1559172_at,0.60545332,0.0247419,,,,
230493_at,0.60545988,0.30648849,,,,
221383_at,0.60547117,-0.03453139,,,,
1564291_at,0.60549751,-0.03128743,,,,
219290_x_at,0.60551034,-0.10287314,,,,
231207_at,0.6055488,0.11877528,,,,
1552326_a_at,0.6055638,0.08211027,,,,
205589_at,0.60558468,0.13417075,,,,
225560_at,0.60564714,0.05925357,,,,
222782_s_at,0.60566868,-0.04725919,,,,
234943_at,0.60568217,0.04376415,,,,
1564837_at,0.60570002,0.04217697,,,,
230452_at,0.60570549,0.05701327,,,,
239296_at,0.60571071,0.05997059,,,,
226030_at,0.60573833,0.21779637,,,,
208404_x_at,0.60577665,-0.07048872,,,,
236742_at,0.60582662,0.06246542,,,,
244366_at,0.60582789,-0.03230902,,,,
1555444_a_at,0.60585277,0.02909428,,,,
240008_at,0.60595738,0.06208334,,,,
216519_s_at,0.60597159,-0.05079673,,,,
216648_s_at,0.60600619,0.03647813,,,,
229861_at,0.60607045,-0.06894577,,,,
1560369_at,0.60607691,-0.02906617,,,,
218681_s_at,0.60609662,-0.09005245,,,,
204444_at,0.60611423,0.14050424,,,,
217649_at,0.6061731,0.05037558,,,,
233621_s_at,0.60621229,0.05510545,,,,
210480_s_at,0.60623785,-0.13811283,,,,
1559952_x_at,0.60630218,0.05286301,,,,
213796_at,0.60631819,0.36597195,,,,
213598_at,0.60632513,0.09085092,,,,
201946_s_at,0.6063347,0.12666213,,,,
220575_at,0.606371,0.07511336,,,,
220932_at,0.60637729,0.03396232,,,,
222107_x_at,0.60642574,-0.03708888,,,,
201508_at,0.60643718,-0.16270778,,,,
214456_x_at,0.60645529,0.38127908,,,,
240757_at,0.60646534,0.05516716,,,,
225113_at,0.60647492,0.1094359,,,,
235398_at,0.60648131,0.08503712,,,,
217726_at,0.60650818,-0.05413926,,,,
224593_at,0.6065195,0.08189298,,,,
1565879_at,0.60653027,-0.03924917,,,,
202772_at,0.60653262,-0.12612175,,,,
228493_at,0.60657974,-0.09073417,,,,
1558620_at,0.60660353,0.08667224,,,,
1558720_at,0.60663339,-0.03440519,,,,
228442_at,0.60663506,-0.12302789,,,,
1562367_at,0.60664383,-0.0284441,,,,
211602_s_at,0.60667441,0.09879322,,,,
1555960_at,0.60667947,0.09632363,,,,
209626_s_at,0.60668823,-0.14490926,,,,
229641_at,0.6066951,-0.16659046,,,,
35254_at,0.60671133,0.06652397,,,,
1559283_a_at,0.60679292,-0.04127496,,,,
213825_at,0.60684941,0.07044046,,,,
1567183_s_at,0.6068514,0.0945318,,,,
203736_s_at,0.60694672,0.09887371,,,,
1570009_at,0.60698706,-0.02122633,,,,
224783_at,0.60699306,-0.09028272,,,,
1557825_at,0.60703122,-0.03319011,,,,
240770_at,0.60705764,-0.21237391,,,,
1560797_s_at,0.60709534,-0.03337635,,,,
218862_at,0.60710409,0.10324407,,,,
1556589_at,0.60713388,-0.03996572,,,,
231682_at,0.60721629,0.04376409,,,,
209248_at,0.60725983,0.06011329,,,,
1558212_at,0.60727637,-0.06496436,,,,
201408_at,0.60728542,-0.07274769,,,,
213201_s_at,0.60728832,0.29677923,,,,
219889_at,0.60728881,-0.08055074,,,,
235810_at,0.60730099,-0.08156795,,,,
1557411_s_at,0.60733799,0.14851801,,,,
213028_at,0.60734175,0.07326295,,,,
210262_at,0.60734957,-0.0539032,,,,
202476_s_at,0.60736041,-0.07263065,,,,
1562655_at,0.60744645,-0.02875374,,,,
1555595_at,0.60745375,0.05869317,,,,
244500_s_at,0.60746511,-0.03877855,,,,
225286_at,0.60748551,-0.12747859,,,,
1552546_a_at,0.60750393,-0.15373877,,,,
213991_s_at,0.60751692,0.043343,,,,
201429_s_at,0.60765341,0.01987868,,,,
235057_at,0.6076891,0.08989789,,,,
238074_at,0.60770835,-0.03913146,,,,
231648_at,0.60780168,-0.02412147,,,,
234751_s_at,0.60782936,-0.03728103,,,,
1564238_a_at,0.60785482,0.02189201,,,,
239028_at,0.60787867,-0.07994002,,,,
1560332_at,0.60788528,-0.02960909,,,,
207602_at,0.6078936,0.11177947,,,,
232016_at,0.60791805,0.0324961,,,,
243393_at,0.60793117,-0.0306316,,,,
215848_at,0.60796963,0.04743584,,,,
204987_at,0.60797114,0.48842962,,,,
211167_s_at,0.60798647,0.04418868,,,,
233253_at,0.60799423,0.02723982,,,,
214902_x_at,0.6080007,0.07151915,,,,
1562940_at,0.60809789,0.05611606,,,,
241680_at,0.60810159,0.06804747,,,,
202861_at,0.60812525,0.12267413,,,,
224844_at,0.60817499,-0.06161302,,,,
219447_s_at,0.60818657,-0.07052338,,,,
204620_s_at,0.6081974,0.19360973,,,,
229078_s_at,0.6082067,-0.10833328,,,,
233502_at,0.60820967,-0.02995563,,,,
236398_s_at,0.60825906,-0.08996822,,,,
218740_s_at,0.60826151,-0.08768722,,,,
1555971_s_at,0.60826551,0.09601755,,,,
200957_s_at,0.60827546,-0.07582695,,,,
216935_at,0.60829548,0.10603692,,,,
223158_s_at,0.60830143,-0.08580661,,,,
239114_at,0.60833326,-0.02583189,,,,
223323_x_at,0.60833938,-0.04729485,,,,
1552687_a_at,0.60834705,-0.02998627,,,,
205673_s_at,0.60835666,-0.19547612,,,,
228150_at,0.60837857,0.19642073,,,,
231848_x_at,0.60840121,0.10095084,,,,
223881_at,0.6084134,0.03493763,,,,
204126_s_at,0.60841525,-0.11766588,,,,
227185_at,0.60845324,-0.08716218,,,,
239163_at,0.60850426,-0.08618764,,,,
207860_at,0.60851827,-0.03386386,,,,
1562789_at,0.60855859,-0.02798376,,,,
224123_at,0.60856249,0.02571032,,,,
201373_at,0.60861958,-0.09213784,,,,
211080_s_at,0.60863222,-0.17221758,,,,
218315_s_at,0.60863628,-0.06529318,,,,
232507_at,0.60871051,0.02743837,,,,
201654_s_at,0.60871477,0.05450907,,,,
1556088_at,0.60872728,0.10167331,,,,
209929_s_at,0.60873359,0.0505594,,,,
1555127_at,0.60874754,0.03013509,,,,
242843_at,0.60880535,-0.09124116,,,,
204024_at,0.60885121,0.09827982,,,,
214069_at,0.60894123,0.4160746,,,,
230586_s_at,0.60895384,-0.04512086,,,,
243677_at,0.60896378,0.038182,,,,
229250_at,0.60901004,0.10073244,,,,
225453_x_at,0.609063,-0.08390917,,,,
216696_s_at,0.60906602,0.18505632,,,,
1569464_at,0.60907104,0.10103828,,,,
223765_s_at,0.60907493,-0.10238551,,,,
206734_at,0.60909872,0.09660603,,,,
1562640_at,0.60910476,-0.08902632,,,,
225111_s_at,0.6091246,0.09202304,,,,
232161_x_at,0.60913049,0.05948995,,,,
213533_at,0.60914788,0.12947327,,,,
208709_s_at,0.60915885,0.04397307,,,,
227367_at,0.60917288,0.11796278,,,,
224323_s_at,0.6091768,0.08948029,,,,
229904_at,0.60917757,0.03816595,,,,
212285_s_at,0.60917836,0.09123277,,,,
220409_at,0.60918373,0.05887691,,,,
1555464_at,0.60920646,-0.07332694,,,,
240873_x_at,0.60921091,-0.14503029,,,,
241996_at,0.6092454,0.08109239,,,,
217931_at,0.60926294,-0.07585924,,,,
1557513_a_at,0.60927153,0.02980154,,,,
204711_at,0.60928646,0.07629943,,,,
207757_at,0.6093522,0.08416947,,,,
232935_at,0.60936498,0.10723066,,,,
213477_x_at,0.60937748,0.01600028,,,,
243166_at,0.60939397,0.09038867,,,,
202431_s_at,0.60941848,-0.17046942,,,,
204197_s_at,0.60942449,-0.13964465,,,,
211127_x_at,0.6094319,-0.03725227,,,,
243206_at,0.60943344,0.05412784,,,,
226599_at,0.60944081,-0.10596174,,,,
223294_at,0.60945425,0.07477637,,,,
1557418_at,0.60947388,-0.06182503,,,,
228012_at,0.60948443,0.09223173,,,,
218121_at,0.60953973,0.05378396,,,,
209039_x_at,0.60958059,0.06319896,,,,
221291_at,0.6095873,-0.12297225,,,,
240528_s_at,0.60958918,-0.11431193,,,,
226821_at,0.60959321,0.08959825,,,,
228028_at,0.60960224,0.05681792,,,,
221026_s_at,0.60964427,-0.03942931,,,,
214290_s_at,0.60968559,0.19049212,,,,
213980_s_at,0.60970698,0.05477131,,,,
230922_x_at,0.60975757,-0.04199708,,,,
1560776_at,0.60977661,0.02450746,,,,
219728_at,0.60977929,0.27493125,,,,
240929_at,0.60978857,-0.07798316,,,,
1564504_at,0.60979683,-0.02379851,,,,
213927_at,0.60981663,0.13789282,,,,
208140_s_at,0.609858,-0.06410692,,,,
237045_at,0.60988263,-0.02724791,,,,
229734_at,0.6099328,-0.06883054,,,,
215284_at,0.6099809,-0.03569072,,,,
227274_at,0.61001803,-0.06589464,,,,
210632_s_at,0.61002744,-0.06830916,,,,
1560181_at,0.61003786,-0.02646686,,,,
1562381_at,0.61008651,0.03288742,,,,
205485_at,0.61008922,-0.17869522,,,,
209561_at,0.61011488,0.13177721,,,,
1555839_a_at,0.61011697,-0.01965472,,,,
208058_s_at,0.610122,-0.03598863,,,,
231313_at,0.61012209,0.05894841,,,,
1559131_a_at,0.61014766,0.10693683,,,,
1556678_a_at,0.61015407,-0.09001254,,,,
226094_at,0.61016621,0.08001562,,,,
201756_at,0.61018445,-0.06081088,,,,
201627_s_at,0.61019905,0.13982368,,,,
1567860_at,0.61021615,0.02228539,,,,
1561473_at,0.61027837,-0.02511292,,,,
211647_x_at,0.61030736,-0.06528386,,,,
216004_s_at,0.61032398,0.03452719,,,,
206108_s_at,0.61033894,-0.12750505,,,,
233793_at,0.61034098,0.04058428,,,,
1565657_at,0.61034716,0.02005504,,,,
240673_at,0.61037865,-0.10718464,,,,
219692_at,0.61038059,-0.07193187,,,,
244075_at,0.61039864,0.10002635,,,,
204953_at,0.61040151,-0.08496811,,,,
1570296_at,0.61040374,-0.02386005,,,,
226091_s_at,0.61040574,0.05133654,,,,
210396_s_at,0.61041231,0.12834306,,,,
210932_s_at,0.61043069,-0.10278963,,,,
209263_x_at,0.6104428,-0.14260338,,,,
204765_at,0.6104526,0.1091318,,,,
237575_at,0.61047159,-0.03303039,,,,
208972_s_at,0.61050942,0.06876237,,,,
1560284_at,0.61050981,0.02541615,,,,
1566981_at,0.61057362,0.02981511,,,,
1564287_at,0.61057525,0.03506901,,,,
243520_x_at,0.61062035,-0.01939395,,,,
201334_s_at,0.61062373,0.06473349,,,,
233827_s_at,0.6106422,-0.14976057,,,,
202679_at,0.61066108,0.09457325,,,,
206632_s_at,0.61067222,0.21113058,,,,
216610_at,0.61068671,-0.03254816,,,,
220396_at,0.61071975,-0.03812584,,,,
232956_at,0.61072494,-0.0312409,,,,
52159_at,0.61073227,-0.05835543,,,,
207407_x_at,0.61073505,0.37218781,,,,
1556646_at,0.61078129,0.0784704,,,,
213802_at,0.61078823,0.18319322,,,,
219460_s_at,0.61087194,0.05944232,,,,
1561266_at,0.61088181,-0.09140604,,,,
237725_x_at,0.61090559,0.03130885,,,,
238999_at,0.61090981,-0.08240291,,,,
206279_at,0.61091035,0.08857771,,,,
211500_at,0.6109196,0.04951687,,,,
222444_at,0.61092628,0.08718653,,,,
202277_at,0.61093017,-0.06783853,,,,
1560735_s_at,0.61097114,-0.02710535,,,,
206917_at,0.61098709,-0.11642128,,,,
209575_at,0.61098765,-0.09192444,,,,
244673_at,0.61099009,-0.03878077,,,,
1558216_at,0.61101506,-0.11979874,,,,
237804_at,0.61105244,-0.02677347,,,,
221148_at,0.61106855,-0.03633671,,,,
232656_at,0.61107096,0.17416263,,,,
210512_s_at,0.61108304,0.14099535,,,,
243545_at,0.61108668,0.03211377,,,,
202298_at,0.61112765,0.0557949,,,,
43511_s_at,0.6111318,-0.09124505,,,,
1554105_at,0.61116527,0.09062068,,,,
225960_at,0.61117558,0.03021136,,,,
219802_at,0.61121324,0.10873698,,,,
220010_at,0.61122386,0.06325874,,,,
236915_at,0.61130166,-0.13502337,,,,
230238_at,0.61135025,-0.24666548,,,,
232255_at,0.61136759,-0.03356258,,,,
205115_s_at,0.611381,-0.07531419,,,,
241628_at,0.61139252,-0.02844921,,,,
208888_s_at,0.61142664,0.04310653,,,,
208682_s_at,0.61143144,0.11743676,,,,
232553_at,0.61143366,0.06534271,,,,
237951_at,0.61152207,-0.03361362,,,,
1570376_at,0.61153269,-0.03596201,,,,
1560798_at,0.61154607,0.02829878,,,,
224941_at,0.61155672,0.17603201,,,,
234331_s_at,0.61157364,-0.27496804,,,,
220521_s_at,0.61158307,-0.03824189,,,,
239092_at,0.61161893,-0.05662342,,,,
226555_at,0.61163765,-0.06597119,,,,
206931_at,0.61169213,-0.07053668,,,,
229192_s_at,0.61169946,-0.09087223,,,,
233430_at,0.61171177,0.05789781,,,,
203759_at,0.61175998,0.12881469,,,,
215854_at,0.61177366,0.04011015,,,,
1556026_at,0.61180225,-0.03928426,,,,
206488_s_at,0.61184845,0.26688696,,,,
1561581_at,0.61187119,0.02070035,,,,
229202_at,0.61187244,0.1332312,,,,
34449_at,0.61188286,-0.09434567,,,,
1555520_at,0.61188832,-0.05240454,,,,
227062_at,0.6119073,-0.15131629,,,,
234646_at,0.61191359,-0.02993145,,,,
241827_at,0.61198088,0.0721254,,,,
205178_s_at,0.61200542,0.05381395,,,,
225634_at,0.6120101,-0.07626309,,,,
205355_at,0.61205854,0.21628474,,,,
1557131_at,0.61206871,0.04094841,,,,
206887_at,0.61207037,0.03786691,,,,
200609_s_at,0.61219057,0.06865249,,,,
204592_at,0.61222677,-0.07814027,,,,
212126_at,0.61222704,-0.06626707,,,,
217852_s_at,0.61225901,-0.05968348,,,,
202586_at,0.61226003,-0.07156264,,,,
202313_at,0.612267,0.05954913,,,,
202668_at,0.61229938,-0.17824888,,,,
231145_at,0.61231733,0.20473976,,,,
239861_at,0.61234101,0.06251051,,,,
1555142_at,0.61234943,-0.03911376,,,,
1555982_at,0.61236646,0.13007072,,,,
201609_x_at,0.61240272,0.07312608,,,,
208772_at,0.61242932,-0.05418166,,,,
230800_at,0.61242991,0.05998994,,,,
220738_s_at,0.61245346,-0.06986682,,,,
207246_at,0.61245749,0.10143359,,,,
225289_at,0.61245779,-0.07145128,,,,
229110_at,0.61250446,-0.10875246,,,,
234335_s_at,0.61254058,-0.13423041,,,,
240700_at,0.61255822,0.04470459,,,,
203383_s_at,0.61257424,-0.04796338,,,,
1558128_at,0.61257709,-0.03908789,,,,
239097_at,0.61258387,-0.04625731,,,,
227500_at,0.61260657,0.07799078,,,,
227536_at,0.61263011,-0.09076604,,,,
200888_s_at,0.61265831,-0.04725935,,,,
1564339_a_at,0.61267744,-0.12379222,,,,
1568872_at,0.61268662,-0.02291585,,,,
205655_at,0.61269978,-0.08777815,,,,
1553101_a_at,0.61274807,0.07196409,,,,
225618_at,0.61276435,-0.1087309,,,,
204347_at,0.61277108,0.14761637,,,,
230397_at,0.61277371,-0.08322195,,,,
212059_s_at,0.61281277,-0.05253878,,,,
1557898_at,0.61281945,-0.03199613,,,,
1559441_s_at,0.61285132,-0.02357781,,,,
225473_at,0.61286086,-0.09345847,,,,
218028_at,0.61286777,-0.07891856,,,,
238395_at,0.61288444,0.04180635,,,,
1570432_at,0.61298619,0.02807983,,,,
227405_s_at,0.61299772,0.12600665,,,,
203546_at,0.6130044,-0.05915284,,,,
40829_at,0.61304866,-0.04062405,,,,
237173_at,0.61306129,-0.04281055,,,,
1553319_at,0.61306804,0.09072678,,,,
228096_at,0.61308339,-0.08007426,,,,
217132_at,0.61309173,-0.02967851,,,,
1556876_s_at,0.61309807,0.02992076,,,,
232301_at,0.61311528,-0.03300655,,,,
244835_at,0.61313367,-0.07212902,,,,
227294_at,0.61314909,-0.0648135,,,,
1566191_at,0.6131569,0.04107359,,,,
244697_at,0.61324357,-0.0779715,,,,
206513_at,0.61326576,-0.21609788,,,,
235589_s_at,0.61327051,0.10738903,,,,
210757_x_at,0.61327462,-0.1448768,,,,
224376_s_at,0.6132935,-0.08361662,,,,
240128_at,0.6133268,-0.07621798,,,,
1563494_at,0.6133588,-0.04317806,,,,
232428_at,0.61338828,-0.1928975,,,,
204649_at,0.61339738,-0.08827189,,,,
239924_at,0.61342274,-0.04416541,,,,
220741_s_at,0.61342467,0.07331416,,,,
244836_at,0.61344048,0.03524357,,,,
218391_at,0.61344287,0.0630932,,,,
244203_at,0.61344912,0.06111525,,,,
215793_at,0.61345101,0.02118505,,,,
204926_at,0.61345894,-0.07379637,,,,
215826_x_at,0.61345969,-0.06174925,,,,
200745_s_at,0.61350153,-0.07243783,,,,
242874_at,0.61351745,-0.13615792,,,,
1553705_a_at,0.61353453,-0.15656103,,,,
210983_s_at,0.61354719,-0.13907973,,,,
200913_at,0.61354986,-0.07020437,,,,
225298_at,0.61360351,0.08468396,,,,
241841_at,0.6136138,-0.04524473,,,,
1559535_s_at,0.61361747,0.09725127,,,,
204909_at,0.61368809,-0.10716289,,,,
1560896_a_at,0.61376521,0.03696548,,,,
1556339_a_at,0.61376543,0.04950678,,,,
1557826_at,0.61378047,-0.02781463,,,,
206777_s_at,0.61378347,-0.12920302,,,,
229382_at,0.61380659,-0.05467644,,,,
232529_at,0.6138918,0.10530131,,,,
233557_s_at,0.61389334,-0.07595296,,,,
233615_at,0.61390953,0.02350995,,,,
204818_at,0.6139511,0.38523994,,,,
243804_at,0.6139901,-0.0326965,,,,
217594_at,0.61399996,0.03449291,,,,
205851_at,0.6140275,-0.05900582,,,,
237213_at,0.61403959,0.05544336,,,,
238142_at,0.61404004,-0.10619495,,,,
234135_x_at,0.61406797,0.04899156,,,,
1555370_a_at,0.61409696,0.14563251,,,,
237908_at,0.61411071,0.02726092,,,,
226282_at,0.61412354,0.1469248,,,,
200595_s_at,0.61413564,0.04894768,,,,
209623_at,0.61417361,-0.12499062,,,,
203633_at,0.6142062,-0.10404527,,,,
1558693_s_at,0.61420898,0.09457977,,,,
210241_s_at,0.61423187,0.09912098,,,,
1556235_at,0.61425954,0.08553156,,,,
1558299_at,0.61426298,-0.05783241,,,,
223369_at,0.61426454,-0.08565733,,,,
226244_at,0.61429731,0.09849629,,,,
205515_at,0.61432832,-0.1322503,,,,
214365_at,0.61435793,0.17446661,,,,
240563_at,0.61437716,0.01925385,,,,
236257_at,0.61446066,0.06976422,,,,
228391_at,0.61448018,0.20402928,,,,
201271_s_at,0.61448725,-0.08161191,,,,
1556394_a_at,0.6145,0.02472914,,,,
205595_at,0.61451084,0.27843623,,,,
1557212_at,0.61451472,-0.04051364,,,,
213001_at,0.61451544,0.16884213,,,,
242654_at,0.61452285,-0.03222409,,,,
205890_s_at,0.61454909,0.34175082,,,,
207785_s_at,0.61455206,-0.085834,,,,
201147_s_at,0.61455765,0.19585887,,,,
212813_at,0.61458564,0.15115766,,,,
212871_at,0.6146103,-0.07665197,,,,
204186_s_at,0.61461885,0.07085914,,,,
218677_at,0.61462911,0.28555434,,,,
209796_s_at,0.61463103,0.08160445,,,,
232089_at,0.61466688,-0.06551519,,,,
1560553_at,0.61467587,-0.03452748,,,,
207783_x_at,0.61469557,0.01763797,,,,
229516_at,0.61475729,0.07740902,,,,
220455_at,0.614764,0.03894252,,,,
241835_at,0.61477923,0.19121777,,,,
229380_at,0.61482969,0.14140941,,,,
216154_at,0.61484255,-0.02459098,,,,
200049_at,0.61484527,0.06345193,,,,
208667_s_at,0.61493774,0.06263105,,,,
212935_at,0.61493803,-0.11878103,,,,
1561064_a_at,0.61496095,0.04221894,,,,
242363_at,0.61497284,0.12582809,,,,
1569086_at,0.61497621,-0.064526,,,,
229267_at,0.61498772,-0.06502658,,,,
241607_at,0.61500044,0.16491385,,,,
222385_x_at,0.61501421,-0.14647576,,,,
229039_at,0.61501774,0.09649097,,,,
1562760_at,0.61502312,-0.02887231,,,,
210821_x_at,0.61502889,-0.08941009,,,,
240346_at,0.61505565,0.04810904,,,,
202689_at,0.61507706,0.04649145,,,,
234758_at,0.6150778,-0.0337437,,,,
235621_at,0.6151207,0.05156364,,,,
214478_at,0.61512474,0.36118027,,,,
210646_x_at,0.61512693,-0.02827158,,,,
229871_at,0.61515061,-0.08849898,,,,
209235_at,0.61516655,-0.05616045,,,,
215400_x_at,0.6151786,0.03293103,,,,
208516_at,0.61520453,-0.02972231,,,,
204018_x_at,0.61521039,0.23057789,,,,
238197_at,0.61521047,-0.12516377,,,,
200961_at,0.61526775,0.10647726,,,,
1559332_at,0.61527329,0.0821303,,,,
1554179_s_at,0.61527911,0.20430343,,,,
217592_at,0.61528745,-0.04084978,,,,
222089_s_at,0.61533387,-0.03159932,,,,
235116_at,0.61534653,0.02882609,,,,
200761_s_at,0.61535931,-0.08049738,,,,
214980_at,0.61537381,-0.04188054,,,,
228809_at,0.61540032,0.08967916,,,,
220726_at,0.61540601,-0.02383853,,,,
228745_at,0.61541177,-0.13790379,,,,
1559394_a_at,0.615444,0.09608993,,,,
206642_at,0.61548401,0.30626515,,,,
214247_s_at,0.61549038,0.20432322,,,,
235923_at,0.6155236,-0.07033105,,,,
224835_at,0.61555659,-0.11226771,,,,
213382_at,0.61555677,0.02384092,,,,
1553940_a_at,0.61559715,0.12191883,,,,
1569095_at,0.61561247,-0.0549421,,,,
238230_x_at,0.61561612,0.03306946,,,,
209622_at,0.61562938,0.06061243,,,,
1557085_at,0.61564597,-0.02483911,,,,
206194_at,0.61565353,0.13518253,,,,
1567878_at,0.61566594,0.01976806,,,,
232893_at,0.61567135,0.09741914,,,,
209714_s_at,0.61567612,0.16155045,,,,
218910_at,0.61568763,-0.06948282,,,,
212212_s_at,0.61569239,-0.0539337,,,,
223059_s_at,0.61569372,0.13155305,,,,
215929_at,0.6157203,0.02868949,,,,
202238_s_at,0.61572306,0.22264766,,,,
233954_at,0.61576123,0.02292895,,,,
227926_s_at,0.615781,-0.09336437,,,,
203312_x_at,0.61579413,-0.07607983,,,,
239721_at,0.6158362,0.06493632,,,,
218754_at,0.61584119,0.06393669,,,,
210167_s_at,0.61585318,-0.0414711,,,,
225586_at,0.61585466,0.0644932,,,,
1559551_at,0.61586465,-0.03315608,,,,
221845_s_at,0.61586822,0.09035254,,,,
220677_s_at,0.61586924,-0.08356481,,,,
225798_at,0.61589909,0.13499618,,,,
244106_at,0.61591574,-0.0263413,,,,
201218_at,0.6159855,0.09995098,,,,
230435_at,0.61598602,0.10943219,,,,
1561200_at,0.6159905,0.02301288,,,,
237859_at,0.61601183,0.02366471,,,,
231628_s_at,0.61606482,-0.02605505,,,,
1562730_a_at,0.6161042,-0.03436642,,,,
207083_s_at,0.61611436,-0.06102523,,,,
240642_at,0.61615328,0.05587721,,,,
226310_at,0.61615498,0.08703293,,,,
209955_s_at,0.61616814,-0.20615633,,,,
203279_at,0.61616931,-0.09051919,,,,
239495_at,0.61617054,-0.02584035,,,,
1559633_a_at,0.61618168,-0.19073493,,,,
222352_at,0.61618697,0.04837743,,,,
229041_s_at,0.61620081,-0.11800296,,,,
1563339_at,0.61621451,0.02460629,,,,
229869_at,0.61622116,0.09356877,,,,
204134_at,0.61623019,0.09881357,,,,
213489_at,0.61623785,-0.07356498,,,,
220349_s_at,0.61626858,-0.10231418,,,,
241066_at,0.61633651,-0.0319657,,,,
221198_at,0.6163498,-0.07418806,,,,
240728_at,0.61636638,-0.07935431,,,,
224973_at,0.61637732,0.14356771,,,,
201100_s_at,0.61645376,0.05510906,,,,
228640_at,0.61648569,-0.27635093,,,,
231255_at,0.61649034,-0.04186513,,,,
1560689_s_at,0.61656559,-0.04060484,,,,
235774_at,0.61657682,0.1542791,,,,
1553946_at,0.61658057,-0.27979521,,,,
221732_at,0.61660591,-0.09460738,,,,
205333_s_at,0.61660951,-0.05658494,,,,
1562499_at,0.61663243,-0.03383367,,,,
242513_x_at,0.6166337,-0.02868963,,,,
1554140_at,0.61664066,0.12822144,,,,
223720_at,0.61664385,-0.06152029,,,,
1564697_a_at,0.6166552,-0.03314347,,,,
230369_at,0.61666711,0.19068976,,,,
211555_s_at,0.61667539,0.15771168,,,,
205857_at,0.61668204,-0.14704411,,,,
222738_at,0.61670075,0.13672999,,,,
236700_at,0.61671409,0.09059915,,,,
213449_at,0.61672127,0.06594896,,,,
1553822_at,0.61675741,-0.02131494,,,,
1561561_x_at,0.61677615,-0.02865994,,,,
221157_s_at,0.61679931,0.03240374,,,,
234114_at,0.61681334,0.02905791,,,,
222597_at,0.61694073,-0.07183917,,,,
206527_at,0.61694158,0.18979795,,,,
1560620_at,0.61695664,-0.08033397,,,,
226342_at,0.61697337,0.1129266,,,,
229208_at,0.61697997,0.06448362,,,,
238012_at,0.61699681,0.12264807,,,,
230826_at,0.61700508,-0.02913339,,,,
202305_s_at,0.61703203,-0.06529201,,,,
208487_at,0.61703917,-0.03657496,,,,
242991_at,0.61703919,0.02358611,,,,
222594_s_at,0.61705054,0.0952436,,,,
226558_at,0.61706859,-0.16399643,,,,
1561480_a_at,0.61707589,0.04846642,,,,
241380_at,0.61708928,-0.04039391,,,,
1558148_x_at,0.61712858,-0.04957051,,,,
210012_s_at,0.61718989,-0.04852021,,,,
200714_x_at,0.61729354,-0.06544735,,,,
211240_x_at,0.61729486,0.07281083,,,,
205191_at,0.61732941,-0.09997312,,,,
243003_at,0.61735615,0.09876733,,,,
233528_s_at,0.61735681,0.12355097,,,,
236709_at,0.61736471,0.0750858,,,,
239390_at,0.61736548,-0.08619503,,,,
244623_at,0.61736887,-0.20303268,,,,
239065_at,0.617377,0.16511972,,,,
207220_at,0.61747676,0.18974401,,,,
1564855_at,0.61749701,-0.03082401,,,,
1558894_a_at,0.61750323,-0.0298448,,,,
217131_at,0.6175062,-0.03485631,,,,
242241_x_at,0.61752757,0.04088426,,,,
241324_at,0.61753604,-0.03512986,,,,
210713_at,0.61754694,-0.02399448,,,,
AFFX-PheX-M_at,0.61754977,0.15658477,,,,
1569947_at,0.6175541,-0.02496041,,,,
227941_at,0.61757869,0.14017579,,,,
209458_x_at,0.61765394,0.23551809,,,,
212166_at,0.61767267,0.07650843,,,,
220733_at,0.61768069,-0.04130657,,,,
1558220_at,0.61770522,0.09511092,,,,
206236_at,0.6177122,0.08650946,,,,
222803_at,0.6177264,0.19352813,,,,
243466_at,0.61774043,0.03888555,,,,
228047_at,0.6178401,0.08876396,,,,
235231_at,0.61784063,0.12181476,,,,
220298_s_at,0.61784153,0.08401331,,,,
208108_s_at,0.61784387,0.08417195,,,,
243021_at,0.61784991,-0.08504563,,,,
1557164_a_at,0.61787406,-0.09924629,,,,
236660_at,0.61788571,-0.10002181,,,,
1569620_s_at,0.61799014,-0.03063253,,,,
234131_at,0.61801672,0.05636056,,,,
243873_at,0.61802707,-0.02586271,,,,
236234_at,0.61806586,-0.15970141,,,,
241083_at,0.61809334,-0.03791875,,,,
1554770_x_at,0.61811224,0.10893299,,,,
225090_at,0.61814373,-0.06793158,,,,
225264_at,0.61819019,0.06468082,,,,
223223_at,0.6182585,0.08080361,,,,
215506_s_at,0.61830666,0.15085075,,,,
232320_at,0.61831685,-0.04178474,,,,
1553449_at,0.61833146,-0.10085772,,,,
203538_at,0.61833543,-0.07039826,,,,
223616_at,0.61834582,-0.11213941,,,,
205483_s_at,0.61836113,-0.16952897,,,,
223466_x_at,0.61838512,-0.06962122,,,,
208336_s_at,0.61842027,-0.08986471,,,,
206546_at,0.6184243,0.2147943,,,,
233193_x_at,0.61842878,0.04837595,,,,
216884_at,0.61842931,-0.07057915,,,,
220036_s_at,0.61848599,-0.04579297,,,,
203688_at,0.61856309,0.11490551,,,,
225134_at,0.61859294,-0.04293638,,,,
242434_at,0.61860264,-0.09220988,,,,
213017_at,0.61861646,-0.12366633,,,,
207227_x_at,0.61863584,0.04634774,,,,
239441_at,0.61865675,0.07904273,,,,
205315_s_at,0.61872422,0.09668889,,,,
237221_at,0.61873269,-0.03265982,,,,
1560066_at,0.61878651,0.10678789,,,,
206256_at,0.61879695,0.23720702,,,,
1568785_a_at,0.61880213,0.02247859,,,,
210355_at,0.61882371,0.20771839,,,,
1562045_at,0.6189098,0.02926714,,,,
220032_at,0.6189262,0.11976209,,,,
225835_at,0.6189327,-0.19490195,,,,
205234_at,0.61896658,0.22388517,,,,
1564494_s_at,0.61897981,-0.13191038,,,,
202038_at,0.61899073,0.06613706,,,,
234096_at,0.61900116,0.02372731,,,,
238959_at,0.61901629,-0.08726081,,,,
203850_s_at,0.61901809,-0.0225806,,,,
215925_s_at,0.61901986,-0.11390425,,,,
1566253_at,0.61902785,0.01882749,,,,
1555076_at,0.61906618,-0.02676562,,,,
230709_x_at,0.61907531,-0.03407915,,,,
211646_at,0.61909002,-0.02461595,,,,
209540_at,0.61909358,0.28474429,,,,
236862_at,0.61911397,-0.11269893,,,,
240981_at,0.61917152,-0.03030654,,,,
224697_at,0.61917246,0.06715661,,,,
243283_at,0.61923317,0.05604283,,,,
239124_at,0.61926746,0.03899042,,,,
1552332_at,0.61928564,-0.0460153,,,,
205981_s_at,0.61929444,0.09702847,,,,
1564525_at,0.61930968,0.05136227,,,,
220161_s_at,0.61939365,-0.21827579,,,,
218151_x_at,0.61939836,-0.08897484,,,,
202884_s_at,0.61940762,0.11777168,,,,
218308_at,0.61941701,-0.11882873,,,,
1567379_at,0.61944797,-0.01653828,,,,
230144_at,0.61948434,0.07365938,,,,
215515_at,0.61949166,-0.06332269,,,,
242521_at,0.61949234,-0.11629528,,,,
206479_at,0.61950502,0.11150892,,,,
219526_at,0.61950525,-0.07581876,,,,
201873_s_at,0.61951677,0.0650731,,,,
231448_at,0.61954007,-0.02947509,,,,
242211_x_at,0.61956092,0.03753552,,,,
1566966_at,0.61964516,-0.02230948,,,,
227617_at,0.61968014,0.09970176,,,,
1563022_at,0.61968718,-0.14084441,,,,
233165_at,0.61970037,-0.03548294,,,,
214858_at,0.61974061,0.12534555,,,,
232579_at,0.61974506,-0.10574368,,,,
236185_at,0.61974827,-0.02884082,,,,
235372_at,0.61977262,0.10738943,,,,
229679_at,0.61980906,-0.09494789,,,,
203440_at,0.6198178,0.23113789,,,,
217634_at,0.61983259,-0.02770027,,,,
1560854_s_at,0.61983282,-0.02433435,,,,
237529_at,0.61985895,-0.0278213,,,,
201526_at,0.61987424,0.05934326,,,,
1556306_at,0.61989997,0.11956968,,,,
224216_at,0.61990292,-0.12007332,,,,
223608_at,0.61991879,0.14173908,,,,
226545_at,0.61993272,-0.21365311,,,,
223766_at,0.61993547,0.0475844,,,,
200871_s_at,0.61994694,-0.07602185,,,,
222280_at,0.61996441,-0.05157927,,,,
227398_s_at,0.61999947,-0.03307632,,,,
243275_at,0.62003366,0.02777777,,,,
50314_i_at,0.62003935,-0.09478399,,,,
211242_x_at,0.62005999,-0.04085513,,,,
237664_at,0.62006991,-0.04154307,,,,
242458_at,0.62007008,0.10883882,,,,
1560772_a_at,0.62008172,0.02483473,,,,
235406_x_at,0.62008277,0.0757526,,,,
208769_at,0.62009294,-0.07944234,,,,
216235_s_at,0.62013394,-0.13546169,,,,
214932_at,0.62017943,-0.02197986,,,,
223923_at,0.62022671,0.05604329,,,,
244574_at,0.62024786,-0.08805267,,,,
226486_at,0.62026235,-0.04741522,,,,
234250_at,0.62026886,-0.05601957,,,,
213985_s_at,0.62027643,0.04513138,,,,
233893_s_at,0.62030208,-0.08972054,,,,
204917_s_at,0.6203359,-0.16132711,,,,
213061_s_at,0.62038412,0.07130319,,,,
234961_at,0.6203951,0.0224923,,,,
232549_at,0.62040849,-0.12777399,,,,
226105_at,0.62042548,0.0849731,,,,
218756_s_at,0.62043642,-0.16433569,,,,
202792_s_at,0.62043865,-0.079238,,,,
1569492_at,0.62044097,-0.02619798,,,,
210007_s_at,0.62045272,0.09250007,,,,
210249_s_at,0.62047162,0.05763684,,,,
53720_at,0.62047469,-0.11997572,,,,
1556149_at,0.62049183,0.04230336,,,,
215597_x_at,0.62050021,0.0318943,,,,
1555472_at,0.62050937,-0.02534754,,,,
218675_at,0.620532,0.08745992,,,,
222584_at,0.62062496,0.08015931,,,,
239500_at,0.62062937,-0.03414549,,,,
235078_at,0.62063325,-0.10003496,,,,
1563010_at,0.62063696,-0.04281054,,,,
215859_at,0.6206557,-0.03497261,,,,
1564053_a_at,0.62069236,-0.12471095,,,,
205668_at,0.62071708,-0.26079324,,,,
206945_at,0.6207566,-0.0925147,,,,
237997_s_at,0.62076156,-0.02386935,,,,
218455_at,0.62084766,0.07700267,,,,
222167_at,0.62087134,-0.04800625,,,,
212513_s_at,0.6208805,-0.05446332,,,,
242568_s_at,0.62092619,-0.05785818,,,,
240184_at,0.62094864,-0.07628075,,,,
204704_s_at,0.62095237,0.43450324,,,,
207554_x_at,0.62099006,-0.0782819,,,,
211975_at,0.62101416,-0.06436851,,,,
1555551_at,0.6210179,0.03042336,,,,
202495_at,0.6210703,0.05775504,,,,
208725_at,0.6211004,0.07570016,,,,
226718_at,0.62110831,0.07645405,,,,
234249_at,0.62112359,-0.03704544,,,,
235477_at,0.62119039,0.03533943,,,,
200600_at,0.62124857,-0.11975779,,,,
201176_s_at,0.62126312,0.05992288,,,,
1562776_at,0.62130728,-0.03580414,,,,
225104_at,0.62133375,0.06237536,,,,
242497_at,0.62135171,0.04365919,,,,
206446_s_at,0.62139397,-0.0272966,,,,
216338_s_at,0.62140673,0.07843936,,,,
222854_s_at,0.62141248,-0.07581263,,,,
237511_at,0.62141544,0.0256561,,,,
215877_at,0.62143701,0.03259596,,,,
1566780_at,0.6214553,-0.02058453,,,,
208768_x_at,0.6214598,-0.03663201,,,,
203084_at,0.62146815,-0.03409065,,,,
217424_at,0.62153445,-0.03348055,,,,
214449_s_at,0.62155953,0.11746636,,,,
1554033_at,0.62156031,-0.02583504,,,,
200039_s_at,0.62156402,0.06963201,,,,
229754_at,0.62161249,0.07819619,,,,
237786_at,0.62161578,0.02968693,,,,
1557880_at,0.6216734,0.02591922,,,,
232314_at,0.62167448,-0.02565731,,,,
237435_at,0.62171779,-0.18674985,,,,
234925_at,0.62173293,-0.03634587,,,,
222543_at,0.62174089,0.067873,,,,
239530_at,0.62174235,0.03577409,,,,
1558009_at,0.62178217,0.04276052,,,,
225496_s_at,0.62178583,-0.15858809,,,,
203999_at,0.62179006,0.23599252,,,,
48106_at,0.62182915,0.04137601,,,,
242486_at,0.62184963,-0.05936502,,,,
244299_at,0.62185707,-0.03335933,,,,
235537_at,0.62190212,0.05020386,,,,
1560946_at,0.62193733,-0.02510672,,,,
233540_s_at,0.62200389,0.09734409,,,,
223973_at,0.62201622,-0.04647382,,,,
202998_s_at,0.62202192,0.13366829,,,,
1554008_at,0.62203235,0.19160391,,,,
1555820_a_at,0.62205528,-0.06105592,,,,
202308_at,0.62207965,0.11556881,,,,
1438_at,0.62208703,0.18520618,,,,
218922_s_at,0.62209699,0.16096349,,,,
1566740_at,0.62209851,0.02581317,,,,
224520_s_at,0.62210405,-0.10640965,,,,
218528_s_at,0.62211602,-0.06744887,,,,
1555462_at,0.62215271,-0.04918799,,,,
209905_at,0.62218335,-0.31739541,,,,
231278_at,0.6221898,0.04094739,,,,
239270_at,0.62219238,-0.17752359,,,,
225066_at,0.62224584,0.08656384,,,,
220488_s_at,0.62225314,0.09002686,,,,
233576_at,0.62226313,-0.02299354,,,,
240213_at,0.62228292,-0.02821738,,,,
219627_at,0.6222861,-0.06887361,,,,
205469_s_at,0.6223232,-0.06308368,,,,
219075_at,0.62240097,0.07623296,,,,
226462_at,0.62242357,-0.20614755,,,,
1559038_at,0.62244469,0.08359026,,,,
242971_at,0.62244778,-0.05363627,,,,
230233_at,0.62245269,0.13419308,,,,
215422_at,0.62245738,-0.02610119,,,,
43427_at,0.62251395,0.17195572,,,,
217973_at,0.62252674,-0.19517674,,,,
213455_at,0.62253216,0.0960592,,,,
1555517_at,0.62254977,0.02986995,,,,
209166_s_at,0.62256824,-0.0897411,,,,
207149_at,0.62259818,-0.14997848,,,,
210979_at,0.62264439,-0.02450466,,,,
230783_at,0.62265662,0.03910329,,,,
230498_at,0.62265812,-0.06712121,,,,
226271_at,0.62271473,0.13633419,,,,
230965_at,0.62272266,0.03656003,,,,
220592_at,0.62272498,-0.06919857,,,,
222510_s_at,0.62278496,0.07262339,,,,
228414_at,0.62280257,0.12441701,,,,
243024_at,0.6228141,0.05563549,,,,
1566680_at,0.62285407,-0.03414588,,,,
229644_at,0.62286805,-0.14206008,,,,
242884_at,0.62289558,-0.03460176,,,,
214840_at,0.6229625,-0.04413276,,,,
228401_at,0.62300071,0.10877336,,,,
1558996_at,0.6230072,-0.07383492,,,,
228113_at,0.62301882,-0.14238707,,,,
1562921_at,0.62302982,-0.15957355,,,,
203030_s_at,0.62305764,-0.12723659,,,,
238343_x_at,0.62309845,0.0223497,,,,
232329_at,0.62314597,-0.0283833,,,,
221850_x_at,0.62316343,0.06919714,,,,
1564224_x_at,0.62322825,0.03893034,,,,
234583_at,0.62323306,-0.04064991,,,,
228230_at,0.62325787,-0.08170521,,,,
233707_at,0.62331048,-0.05916058,,,,
237723_at,0.62333985,-0.02732677,,,,
228531_at,0.62337058,-0.19620235,,,,
1552794_a_at,0.62338279,0.07913607,,,,
237542_at,0.62340779,-0.02886899,,,,
65472_at,0.62347406,0.09559819,,,,
202907_s_at,0.62352384,0.08112645,,,,
206193_s_at,0.62353504,-0.10095276,,,,
215593_at,0.62354222,-0.03840987,,,,
201409_s_at,0.62357742,-0.05957244,,,,
225318_at,0.62360357,0.08665226,,,,
204492_at,0.62370941,-0.09798158,,,,
210875_s_at,0.62374541,-0.15373613,,,,
241535_at,0.62374672,0.12273992,,,,
238188_at,0.62376373,-0.02804326,,,,
203064_s_at,0.62376976,0.08933536,,,,
240714_at,0.62377738,0.02301807,,,,
223896_at,0.62379381,-0.03087709,,,,
223173_at,0.62383697,-0.06629589,,,,
221597_s_at,0.62386939,-0.05085746,,,,
236526_x_at,0.62393755,0.10030818,,,,
1554613_a_at,0.62394026,-0.04624031,,,,
214161_at,0.6239773,-0.06548691,,,,
205732_s_at,0.62399294,-0.13202468,,,,
210959_s_at,0.62407219,0.13023071,,,,
203189_s_at,0.62408132,-0.09530864,,,,
228101_at,0.62408232,0.11180854,,,,
210558_at,0.62408846,0.37692644,,,,
219214_s_at,0.62411097,0.05830321,,,,
242291_at,0.6241115,0.03288461,,,,
233352_at,0.62411269,0.03511521,,,,
1560963_a_at,0.62422643,-0.02597379,,,,
1555564_a_at,0.62423416,0.29138548,,,,
223508_at,0.62424677,-0.04045224,,,,
225465_at,0.62429308,0.09234931,,,,
205214_at,0.62431969,-0.13676582,,,,
1564295_at,0.62436829,-0.0256029,,,,
229567_at,0.62438246,0.09089119,,,,
230774_at,0.62438434,0.11219055,,,,
202314_at,0.62440378,-0.11914149,,,,
244764_at,0.62442667,0.11016477,,,,
229661_at,0.62444178,0.08839792,,,,
1555905_a_at,0.62444433,-0.11938771,,,,
239593_at,0.62444695,0.09700563,,,,
1568867_x_at,0.62446008,0.02297778,,,,
239233_at,0.62447996,-0.12116154,,,,
214670_at,0.62448284,0.07379408,,,,
203554_x_at,0.62451672,-0.13223737,,,,
235548_at,0.62454854,0.10820553,,,,
1553288_a_at,0.62455417,-0.07486731,,,,
235932_x_at,0.62455432,0.04869245,,,,
230451_at,0.62455729,0.0815805,,,,
1557791_at,0.62457149,-0.02681655,,,,
240089_at,0.62459124,-0.03398142,,,,
38043_at,0.62459912,-0.06444919,,,,
205251_at,0.62461086,0.08577979,,,,
232952_at,0.62463452,-0.03928164,,,,
234440_at,0.6246435,0.0280172,,,,
205086_s_at,0.62464551,-0.06512801,,,,
225393_at,0.62464563,0.06942272,,,,
1552875_a_at,0.6246461,-0.07058745,,,,
1569062_s_at,0.62464769,0.04342151,,,,
1559096_x_at,0.62470591,0.1159115,,,,
241383_at,0.62471098,-0.06992159,,,,
205819_at,0.6247169,-0.24030954,,,,
210762_s_at,0.62473039,0.12482304,,,,
1570408_at,0.62474766,0.03211209,,,,
202368_s_at,0.6247498,0.10103816,,,,
244719_at,0.62476133,-0.03184248,,,,
202233_s_at,0.62477507,-0.07508215,,,,
237190_at,0.62478474,0.06397996,,,,
236416_at,0.62478614,-0.02642754,,,,
243165_at,0.62484965,-0.01925573,,,,
244091_at,0.62485832,-0.09279412,,,,
1558885_at,0.62487266,-0.03290464,,,,
237645_at,0.62488885,0.02608265,,,,
202614_at,0.62494129,0.0758331,,,,
207908_at,0.62497722,0.25877925,,,,
224837_at,0.62498208,0.08473259,,,,
234236_at,0.62498688,0.02174829,,,,
223152_at,0.6251135,-0.03994953,,,,
213551_x_at,0.62511686,0.06422088,,,,
205061_s_at,0.6251642,0.05808539,,,,
238713_at,0.62517881,0.03128677,,,,
229438_at,0.62518415,0.0574963,,,,
221558_s_at,0.62521838,0.16643754,,,,
201967_at,0.62524154,-0.07546214,,,,
211914_x_at,0.62526305,0.06213609,,,,
223539_s_at,0.62526556,0.0957269,,,,
232356_at,0.62528774,0.08220479,,,,
213512_at,0.62529825,0.05204161,,,,
226288_s_at,0.62533018,-0.04567747,,,,
238398_s_at,0.62534718,-0.02492933,,,,
206697_s_at,0.62534947,0.52144868,,,,
229461_x_at,0.62535056,0.25483952,,,,
243945_at,0.62541097,0.06560513,,,,
203925_at,0.62543377,0.1187011,,,,
227089_at,0.62550976,0.06248664,,,,
229535_at,0.62552417,-0.07405663,,,,
1569454_a_at,0.62553143,0.12345095,,,,
214093_s_at,0.62557074,0.13194433,,,,
244410_at,0.62558273,0.05295073,,,,
1555082_a_at,0.62559957,0.07377281,,,,
239770_at,0.62561704,0.08306279,,,,
244867_at,0.62563728,-0.02202949,,,,
244086_at,0.62564339,-0.03685573,,,,
223129_x_at,0.62574549,0.11361652,,,,
238238_at,0.62575444,-0.03078014,,,,
231024_at,0.62578389,-0.06987218,,,,
222638_s_at,0.62579444,0.04874049,,,,
216394_x_at,0.62580561,-0.03275807,,,,
210516_at,0.62582312,0.03706274,,,,
235228_at,0.62583181,0.17506448,,,,
215252_at,0.62583414,-0.03914137,,,,
232794_at,0.62587627,-0.11224265,,,,
242393_x_at,0.62587646,0.05067679,,,,
219919_s_at,0.62589504,0.05213474,,,,
231966_at,0.62591416,0.07744305,,,,
1555781_at,0.62592274,0.06695822,,,,
226632_at,0.62596941,-0.12031517,,,,
244657_at,0.62598614,0.02104294,,,,
200675_at,0.62599086,-0.08276687,,,,
223390_at,0.62601326,-0.03885812,,,,
242250_at,0.62607538,-0.03268642,,,,
230606_at,0.62607582,0.07584411,,,,
240262_at,0.62608681,0.10665611,,,,
232264_at,0.62609408,-0.12568612,,,,
226417_at,0.6261146,0.03138648,,,,
231123_at,0.62612465,-0.10490572,,,,
1553330_at,0.62621361,0.0208392,,,,
1556984_at,0.62625263,0.03980098,,,,
206049_at,0.62628844,0.13171072,,,,
218154_at,0.62632834,0.0825908,,,,
223711_s_at,0.62633229,-0.08523118,,,,
1561236_at,0.62634666,0.0213583,,,,
218049_s_at,0.62634699,0.10108883,,,,
1559735_at,0.62635188,0.02646703,,,,
1554612_at,0.62636845,0.03860107,,,,
232915_at,0.62638242,0.044982,,,,
201674_s_at,0.62642782,-0.09981398,,,,
213285_at,0.62644994,0.20020779,,,,
219025_at,0.62645258,0.13766826,,,,
235655_at,0.62646442,0.04203608,,,,
225640_at,0.62648784,0.07676092,,,,
201356_at,0.62650021,0.0536902,,,,
214404_x_at,0.62650231,-0.15800243,,,,
201972_at,0.62651202,0.05819722,,,,
202315_s_at,0.62651952,0.08259916,,,,
212036_s_at,0.62653035,0.07145945,,,,
214722_at,0.62654324,0.09923006,,,,
1559156_at,0.62655153,-0.13007676,,,,
223087_at,0.62657408,0.08074349,,,,
240096_at,0.62657563,0.02680671,,,,
201504_s_at,0.62662641,-0.07217082,,,,
208388_at,0.62663385,-0.04320197,,,,
1566517_at,0.62665228,-0.03247429,,,,
212358_at,0.62665975,-0.0874659,,,,
1552822_at,0.62667059,0.04955201,,,,
222219_s_at,0.62668392,0.04273044,,,,
215127_s_at,0.62672002,0.11237362,,,,
230164_at,0.62672667,0.06465581,,,,
234582_at,0.62674083,0.02004667,,,,
216900_s_at,0.62678379,0.03006309,,,,
232605_s_at,0.62681278,0.04888941,,,,
202167_s_at,0.6268264,-0.06531537,,,,
1569407_at,0.62684575,-0.02055689,,,,
1555426_a_at,0.62687133,-0.05953104,,,,
232619_at,0.62689037,0.06173379,,,,
209740_s_at,0.62689215,0.12520249,,,,
213394_at,0.62689419,0.08425276,,,,
1560059_at,0.62690033,0.0265801,,,,
216674_at,0.62694866,0.07426861,,,,
1562794_at,0.6269777,0.03389144,,,,
210181_s_at,0.62698743,0.04059846,,,,
1562193_at,0.62699424,0.02651009,,,,
238576_at,0.6270011,0.1042338,,,,
1555263_at,0.62703307,0.02782257,,,,
219658_at,0.62707757,0.0509636,,,,
242775_at,0.62707938,0.18967525,,,,
243566_at,0.62712956,0.02458585,,,,
226641_at,0.62713472,-0.16128343,,,,
1564318_at,0.6271541,0.02448427,,,,
223820_at,0.62718419,0.22018277,,,,
1561806_at,0.62718902,0.03959712,,,,
225787_at,0.62720794,-0.08146332,,,,
1565811_at,0.62722633,-0.02557775,,,,
237982_at,0.62722916,-0.02573048,,,,
200836_s_at,0.62725791,-0.06196095,,,,
1555468_at,0.62726632,-0.03750873,,,,
233093_s_at,0.62726658,0.05509284,,,,
215448_at,0.62727435,-0.02669917,,,,
233560_x_at,0.62729988,0.04336171,,,,
1557871_at,0.62730322,-0.02047296,,,,
223966_at,0.62731004,-0.02280198,,,,
239592_at,0.62731186,-0.03964793,,,,
1559634_at,0.62733056,0.02932746,,,,
228278_at,0.62736142,0.10706608,,,,
210640_s_at,0.62737712,0.14501484,,,,
210663_s_at,0.62739137,0.18294597,,,,
223713_at,0.6274198,0.07550189,,,,
210664_s_at,0.62743049,-0.19136351,,,,
221912_s_at,0.62746353,0.10743523,,,,
215972_at,0.6274656,-0.06590535,,,,
217553_at,0.6274888,0.10660944,,,,
210729_at,0.62750232,0.04150166,,,,
242594_at,0.62750367,-0.10433971,,,,
1558764_at,0.62754686,0.0275208,,,,
216221_s_at,0.62754764,-0.05002798,,,,
243293_at,0.62755173,0.05724004,,,,
225827_at,0.6275636,0.1275362,,,,
AFFX-r2-Bs-lys-3_at,0.62756921,0.13116977,,,,
201558_at,0.62758623,0.08017792,,,,
241183_at,0.62758671,-0.0225982,,,,
1552520_at,0.62759638,0.05754906,,,,
237239_at,0.62759802,-0.06233477,,,,
237191_x_at,0.62760084,-0.03582452,,,,
38671_at,0.62760976,0.09840286,,,,
204287_at,0.6276109,-0.06436569,,,,
231437_at,0.62762864,-0.06158426,,,,
1556617_a_at,0.62764025,-0.02185068,,,,
210943_s_at,0.62764648,0.08550335,,,,
208287_at,0.62766046,0.02706361,,,,
241113_at,0.62772715,-0.02578057,,,,
226989_at,0.62773468,0.13349368,,,,
215905_s_at,0.62774281,-0.05331949,,,,
1555304_a_at,0.62774712,0.03050338,,,,
214644_at,0.6277631,-0.02675141,,,,
215197_at,0.62777076,-0.02572513,,,,
244266_at,0.62777585,-0.03320766,,,,
238030_at,0.6277872,0.07533733,,,,
220038_at,0.6277967,-0.13586082,,,,
1561234_at,0.62779798,0.02055932,,,,
207102_at,0.62781718,0.42321726,,,,
209951_s_at,0.62783276,-0.04100062,,,,
203892_at,0.62783341,-0.28368852,,,,
217990_at,0.62785072,-0.06605001,,,,
216254_at,0.62787219,0.0226612,,,,
205508_at,0.62792405,0.10202124,,,,
226182_s_at,0.62794298,-0.05095874,,,,
1567913_at,0.62794456,-0.17048737,,,,
241015_at,0.62794499,0.08242256,,,,
216147_at,0.62794653,-0.031517,,,,
201734_at,0.62795024,-0.08764395,,,,
219513_s_at,0.62797359,-0.15041142,,,,
206793_at,0.62797977,-0.07049067,,,,
233017_x_at,0.62802177,0.05504999,,,,
214344_at,0.62802654,-0.0337833,,,,
236973_at,0.62804522,-0.02572528,,,,
1557845_at,0.62805465,0.03031032,,,,
1569521_s_at,0.62805768,-0.04798724,,,,
225979_at,0.62808393,-0.05831041,,,,
209523_at,0.62815699,0.08743921,,,,
207693_at,0.62817725,0.04066027,,,,
228496_s_at,0.62818613,0.11417811,,,,
222214_at,0.62824173,0.07530636,,,,
219691_at,0.62827835,-0.1607387,,,,
244860_at,0.62828843,0.031436,,,,
225921_at,0.62829293,-0.09343634,,,,
206595_at,0.62839245,0.23747635,,,,
224754_at,0.62842349,0.04791983,,,,
1562786_at,0.62842671,0.02425157,,,,
203017_s_at,0.62843755,0.11125435,,,,
231620_at,0.62844519,0.02776297,,,,
237363_at,0.62845985,-0.06586415,,,,
1554824_at,0.62850124,-0.031805,,,,
204115_at,0.62850401,-0.16239986,,,,
204834_at,0.62851242,-0.16169207,,,,
242474_s_at,0.62851428,0.0691403,,,,
1569433_at,0.62855952,0.136411,,,,
229554_at,0.62858127,0.21713139,,,,
242057_at,0.62858974,0.08390667,,,,
240839_at,0.62859562,-0.0506358,,,,
204533_at,0.62862805,0.18127058,,,,
208755_x_at,0.62863585,0.05008436,,,,
220825_s_at,0.62863634,0.06353691,,,,
216737_at,0.62864405,0.03173492,,,,
206936_x_at,0.62864883,-0.0380571,,,,
234870_at,0.62865892,0.0331182,,,,
235986_at,0.62866677,0.02382256,,,,
1561177_at,0.62868081,-0.01820436,,,,
238783_at,0.62870958,-0.07031763,,,,
206571_s_at,0.62871281,-0.10174628,,,,
1561828_at,0.62873573,-0.02150374,,,,
238110_at,0.62875943,-0.03752679,,,,
1564097_at,0.62883172,0.02060502,,,,
220612_at,0.6288391,-0.03860204,,,,
207870_at,0.62884181,0.02382715,,,,
1558234_at,0.628844,-0.0241969,,,,
1553301_a_at,0.62891925,0.08620554,,,,
230133_at,0.6289502,0.07344516,,,,
206358_at,0.62895647,-0.0275407,,,,
1553265_at,0.62896295,0.03888645,,,,
202732_at,0.62898096,-0.11589956,,,,
1562058_at,0.62899874,0.03217457,,,,
1563110_at,0.62899903,-0.01879146,,,,
228844_at,0.62901544,0.32130454,,,,
221238_at,0.62906809,0.05181702,,,,
225280_x_at,0.62907642,-0.12874544,,,,
203785_s_at,0.62907868,0.05721165,,,,
1555018_at,0.62908711,-0.01927441,,,,
237474_at,0.62908716,0.02078933,,,,
206410_at,0.62912023,-0.15271709,,,,
221311_x_at,0.62917818,0.0641832,,,,
208669_s_at,0.62923762,0.08721238,,,,
237194_at,0.62926458,-0.09903062,,,,
208904_s_at,0.62929111,-0.02886439,,,,
1561443_at,0.62932119,-0.02812292,,,,
1554621_at,0.62933314,0.03050989,,,,
231661_at,0.62934143,0.03039024,,,,
1552946_at,0.6293504,-0.1853107,,,,
226711_at,0.62935924,-0.08355341,,,,
242306_at,0.62938445,0.03918351,,,,
234983_at,0.62940069,0.09272368,,,,
1555704_at,0.62942886,0.03896201,,,,
236002_at,0.62943991,0.04107924,,,,
1563557_at,0.62945599,0.02931108,,,,
203855_at,0.62947992,0.1152739,,,,
202182_at,0.6294927,0.07624913,,,,
227596_at,0.6295668,0.03575929,,,,
1554901_at,0.62959659,0.02002953,,,,
242632_at,0.62961154,-0.04327337,,,,
1555953_at,0.62967617,-0.04728047,,,,
1562949_at,0.6297045,-0.02551855,,,,
243976_at,0.62971763,0.07050425,,,,
225659_at,0.62974817,0.10220392,,,,
210394_x_at,0.62975398,0.13307717,,,,
1561761_x_at,0.62976315,0.0569667,,,,
238308_at,0.62977898,0.03100615,,,,
234197_at,0.62979842,-0.02260557,,,,
211782_at,0.62980295,0.04006039,,,,
242260_at,0.62984227,-0.11341597,,,,
1553549_at,0.62987436,-0.0273611,,,,
1569444_at,0.62988637,0.03338799,,,,
222353_at,0.62990051,-0.02594695,,,,
212172_at,0.62998655,-0.03423751,,,,
215613_at,0.63000248,-0.02780742,,,,
232731_x_at,0.63006237,0.05108019,,,,
222715_s_at,0.63009806,0.06463823,,,,
207142_at,0.63009955,-0.1881645,,,,
235531_at,0.63019303,0.04483477,,,,
239041_at,0.63027477,0.07284938,,,,
207986_x_at,0.63031026,-0.05471597,,,,
1561579_at,0.63032584,-0.03109199,,,,
1552337_s_at,0.63033953,0.08123693,,,,
202237_at,0.63040065,0.20190622,,,,
225322_s_at,0.63041729,-0.06207877,,,,
241779_at,0.63041884,-0.03744938,,,,
216124_at,0.6304253,-0.0264781,,,,
211476_at,0.63042571,-0.09057878,,,,
222417_s_at,0.63044127,-0.06288056,,,,
225520_at,0.63044334,0.11568213,,,,
235288_at,0.63044818,0.05788681,,,,
201477_s_at,0.63049553,-0.07772756,,,,
237321_at,0.63053875,-0.02911525,,,,
239821_at,0.63055981,-0.03903491,,,,
202990_at,0.63057717,0.1677274,,,,
238400_at,0.63057976,0.03389127,,,,
230811_at,0.6305989,0.08365999,,,,
216013_at,0.63062303,-0.03791244,,,,
218000_s_at,0.63063596,0.0965201,,,,
200896_x_at,0.63067607,0.07324467,,,,
231674_at,0.63068914,-0.02658363,,,,
204372_s_at,0.63068922,-0.06875558,,,,
201587_s_at,0.6307442,-0.07619019,,,,
223161_at,0.63081575,-0.10750166,,,,
223095_at,0.6308318,-0.12169036,,,,
237266_at,0.6308984,-0.03253446,,,,
1553725_s_at,0.6308989,-0.09538676,,,,
242141_at,0.63094257,-0.06105458,,,,
231458_at,0.6309639,-0.03010018,,,,
229022_at,0.63103895,0.07754339,,,,
225973_at,0.63104796,-0.14924975,,,,
215332_s_at,0.63104861,-0.07927944,,,,
1570186_at,0.63105515,0.02361286,,,,
229732_at,0.63108816,0.10800523,,,,
215349_at,0.63109135,0.04685602,,,,
222505_at,0.63110553,0.07953786,,,,
244820_at,0.63113741,-0.02124028,,,,
1561253_at,0.63114496,0.02691518,,,,
242328_at,0.63115608,-0.03850666,,,,
200906_s_at,0.631161,0.14168139,,,,
1569518_at,0.63117236,-0.02289221,,,,
242837_at,0.63118949,0.0842099,,,,
203562_at,0.63119105,0.14893623,,,,
211328_x_at,0.63120992,-0.04450145,,,,
215102_at,0.63121166,-0.04614854,,,,
222993_at,0.63121919,-0.0791394,,,,
220671_at,0.63122145,-0.04187007,,,,
1553594_a_at,0.63122789,-0.04631721,,,,
243055_at,0.63126152,0.03398419,,,,
1557136_at,0.63127055,-0.12778426,,,,
1560010_a_at,0.63127238,-0.09610171,,,,
1569991_at,0.63129568,-0.03291812,,,,
240186_at,0.63131539,0.04300471,,,,
1555137_a_at,0.63133611,-0.14972196,,,,
1563963_at,0.63133663,0.0319105,,,,
206738_at,0.63134332,0.30092874,,,,
212399_s_at,0.6314117,0.07978378,,,,
203872_at,0.63141526,0.35226501,,,,
230320_at,0.63149712,-0.06343199,,,,
204471_at,0.63150088,-0.19906326,,,,
1559036_at,0.63152335,-0.04310202,,,,
47553_at,0.63152645,-0.0579177,,,,
242583_at,0.63156905,-0.12239107,,,,
201809_s_at,0.63158188,0.10379989,,,,
224940_s_at,0.63164875,0.18855184,,,,
204112_s_at,0.63164992,0.1498488,,,,
223301_s_at,0.63169198,0.10881799,,,,
1559910_at,0.63170019,-0.07672208,,,,
227894_at,0.63175898,-0.09774033,,,,
227530_at,0.63176374,0.23173248,,,,
236374_at,0.63180088,-0.0261559,,,,
243209_at,0.63181013,0.11571908,,,,
1554897_s_at,0.63181525,-0.14868867,,,,
200004_at,0.63190845,0.03568083,,,,
239823_at,0.63194614,0.13442432,,,,
216251_s_at,0.63200079,-0.0789847,,,,
1564580_at,0.63200885,0.02380356,,,,
220952_s_at,0.63203068,-0.10529569,,,,
238617_at,0.63204794,0.18300258,,,,
219107_at,0.63207137,0.06158978,,,,
232495_x_at,0.63210962,-0.03651,,,,
222049_s_at,0.63213523,0.21743031,,,,
239759_at,0.63213924,-0.03347338,,,,
206015_s_at,0.63216385,0.0569035,,,,
203142_s_at,0.6321676,-0.05290448,,,,
227882_at,0.63216761,0.06789208,,,,
234370_at,0.63217751,-0.17419279,,,,
236666_s_at,0.63226311,0.0575403,,,,
1554524_a_at,0.63228751,0.05100339,,,,
51774_s_at,0.63229621,0.04852927,,,,
231067_s_at,0.63229937,0.19485367,,,,
207062_at,0.63231222,-0.03177225,,,,
227104_x_at,0.63237214,-0.05745878,,,,
218876_at,0.63237776,0.14146706,,,,
1570126_at,0.63240821,0.02913083,,,,
221754_s_at,0.63243354,-0.06847737,,,,
214845_s_at,0.63244994,-0.12139484,,,,
1569041_at,0.63246582,-0.05309485,,,,
242764_at,0.63247559,-0.02615877,,,,
215912_at,0.63249619,0.03756966,,,,
221132_at,0.63250212,-0.22212053,,,,
234173_s_at,0.63251164,-0.04807463,,,,
243694_at,0.6325338,-0.03842863,,,,
233254_x_at,0.63255096,0.05489394,,,,
218698_at,0.63256102,0.08435185,,,,
219688_at,0.63258071,-0.09486706,,,,
229237_s_at,0.63260323,0.0251564,,,,
241591_at,0.63263101,-0.02712572,,,,
214877_at,0.63265683,0.12046033,,,,
237634_at,0.63276068,0.0225939,,,,
219422_at,0.63276189,-0.03080556,,,,
217028_at,0.63277678,-0.16013006,,,,
211021_s_at,0.63279609,-0.03975861,,,,
200979_at,0.63281152,0.08531889,,,,
1564744_at,0.63285529,-0.03264872,,,,
231561_s_at,0.63287042,0.18059177,,,,
216273_at,0.63289437,-0.02654978,,,,
226183_at,0.63290694,0.07290825,,,,
205605_at,0.63292239,0.02924343,,,,
226648_at,0.63293047,-0.07269468,,,,
233564_s_at,0.63295017,0.06451062,,,,
211098_x_at,0.63297614,0.08890497,,,,
228146_at,0.6330168,0.05836195,,,,
1552788_a_at,0.63308836,-0.04255812,,,,
203150_at,0.6331297,0.06653874,,,,
215531_s_at,0.63314394,0.02640246,,,,
220692_at,0.633147,0.05868335,,,,
235877_at,0.63314886,-0.03126501,,,,
211011_at,0.63324146,-0.02982809,,,,
1558021_at,0.63324812,-0.04426933,,,,
203735_x_at,0.63326736,0.07174339,,,,
234616_at,0.63328761,-0.02176605,,,,
215338_s_at,0.63331298,0.08718389,,,,
233033_at,0.63333377,-0.02950372,,,,
232260_at,0.63333517,-0.03038931,,,,
230249_at,0.63333932,0.11452556,,,,
220271_x_at,0.63334771,-0.03356876,,,,
240100_at,0.63335129,0.10186824,,,,
222448_s_at,0.63335161,-0.05430278,,,,
206149_at,0.6333729,-0.15551266,,,,
1564836_at,0.63337603,-0.0314774,,,,
235506_at,0.63341872,-0.03168531,,,,
1558621_at,0.63345817,-0.07094229,,,,
1556084_at,0.63346823,-0.02730766,,,,
210798_x_at,0.63347594,0.24837552,,,,
226159_at,0.63348249,0.07331202,,,,
224693_at,0.63348669,0.11601834,,,,
204052_s_at,0.63348851,0.30647675,,,,
31846_at,0.63349452,-0.0727014,,,,
226280_at,0.63350836,0.0924625,,,,
213462_at,0.63353385,-0.15704654,,,,
235708_at,0.63354075,0.2489578,,,,
232404_at,0.63355295,0.04856204,,,,
232018_at,0.63355501,0.05441303,,,,
244101_at,0.63357898,-0.0386226,,,,
244756_at,0.63359458,-0.04116459,,,,
223258_s_at,0.63359991,0.08588495,,,,
214057_at,0.63363546,-0.09756655,,,,
223364_s_at,0.63365723,0.07904846,,,,
201666_at,0.63365826,-0.10398759,,,,
206179_s_at,0.63369318,-0.06832726,,,,
230988_at,0.63370823,-0.05964991,,,,
1555240_s_at,0.63370981,0.11075706,,,,
240922_at,0.63371075,-0.02771646,,,,
231094_s_at,0.63372318,0.0993041,,,,
217191_x_at,0.63372938,0.07279425,,,,
231933_at,0.63373104,0.05072145,,,,
232676_x_at,0.63374608,0.23194877,,,,
213143_at,0.6337518,0.19452897,,,,
231691_at,0.63375302,0.32194717,,,,
202764_at,0.63377749,0.05450948,,,,
212916_at,0.6338151,0.0724431,,,,
217788_s_at,0.63382415,-0.07921316,,,,
242596_at,0.63383446,-0.04342765,,,,
1562399_at,0.63386591,-0.02443357,,,,
228417_at,0.63387696,-0.02780696,,,,
227607_at,0.63390113,-0.16662908,,,,
202326_at,0.63392398,0.08798389,,,,
229775_s_at,0.63397881,-0.08359521,,,,
239489_at,0.6339827,-0.05082001,,,,
228129_at,0.63400707,-0.0827561,,,,
215015_at,0.63402938,-0.0477655,,,,
1555509_a_at,0.63403068,-0.03599534,,,,
217312_s_at,0.63403397,0.06965396,,,,
243821_at,0.63405727,0.03018368,,,,
221224_s_at,0.63405756,-0.08358285,,,,
211052_s_at,0.63406569,0.0806542,,,,
225749_at,0.63407536,-0.05687089,,,,
209364_at,0.63408123,0.06107578,,,,
232105_at,0.63413367,-0.14802551,,,,
224367_at,0.63413562,0.24024701,,,,
229877_at,0.63413809,-0.03120084,,,,
211565_at,0.63415413,-0.03403345,,,,
228140_s_at,0.63417841,0.04202144,,,,
244636_at,0.63423712,0.04532615,,,,
212094_at,0.63427817,0.31725544,,,,
1564706_s_at,0.6342945,0.23186767,,,,
1552372_at,0.63430846,-0.01869296,,,,
212371_at,0.63431309,0.09357173,,,,
60815_at,0.63433055,0.07198755,,,,
1557588_at,0.63434924,-0.03050628,,,,
222553_x_at,0.63438639,-0.07583572,,,,
1553356_at,0.6343877,-0.02098895,,,,
243048_at,0.63442515,0.05539938,,,,
217020_at,0.63444246,0.03019403,,,,
237084_at,0.63446064,0.04980469,,,,
201350_at,0.63447185,-0.07015186,,,,
229059_at,0.63450685,0.08101859,,,,
1559003_a_at,0.63452473,0.05966705,,,,
241824_at,0.63452863,0.04179318,,,,
226980_at,0.63453277,0.14793621,,,,
237167_at,0.63458642,-0.0385453,,,,
238213_at,0.63459509,-0.02806792,,,,
1556789_a_at,0.63460569,0.02989361,,,,
1552288_at,0.6346439,0.11517028,,,,
1553150_at,0.63464445,-0.05806117,,,,
222078_at,0.63464633,0.15424878,,,,
242426_at,0.63465843,0.07840553,,,,
233975_at,0.63473926,-0.02905705,,,,
223768_at,0.63473951,-0.0366593,,,,
1558924_s_at,0.63474033,0.12067312,,,,
241907_at,0.63474481,-0.02499808,,,,
235899_at,0.63474513,-0.06088557,,,,
1561668_at,0.63474516,-0.02865856,,,,
1557270_at,0.63476163,-0.0876607,,,,
237042_at,0.63476504,-0.02721433,,,,
208518_s_at,0.63480529,-0.06878518,,,,
243212_at,0.63490918,-0.03728456,,,,
1560747_at,0.63491309,-0.03850493,,,,
1563927_a_at,0.63491443,-0.04927957,,,,
221837_at,0.63500294,0.07576875,,,,
223362_s_at,0.63503199,-0.09272345,,,,
223620_at,0.63504247,-0.1528622,,,,
242853_at,0.6350893,0.07229571,,,,
209613_s_at,0.63515855,0.42665212,,,,
1557286_at,0.6351626,0.08181633,,,,
235064_s_at,0.63516442,-0.07443451,,,,
232894_at,0.63517665,-0.04104106,,,,
218500_at,0.63519087,-0.11525184,,,,
1563933_a_at,0.63526462,-0.10129452,,,,
238025_at,0.63528276,-0.1064416,,,,
217816_s_at,0.63532609,0.05257183,,,,
222547_at,0.63533788,-0.1129202,,,,
210748_at,0.63537651,0.03824431,,,,
217844_at,0.63541032,0.04432334,,,,
240363_at,0.63542052,-0.03614862,,,,
240599_x_at,0.63542971,0.02307991,,,,
202290_at,0.63544718,-0.09803175,,,,
217916_s_at,0.63545621,0.07326466,,,,
202626_s_at,0.63549036,-0.10561309,,,,
207498_s_at,0.63551371,0.24569591,,,,
1554560_at,0.63551464,0.02479491,,,,
219050_s_at,0.63555042,0.06437229,,,,
204501_at,0.6355725,0.13894185,,,,
209554_at,0.63557967,0.03299184,,,,
1555038_at,0.6355955,0.04201411,,,,
240552_at,0.63561777,-0.04469931,,,,
236624_at,0.63563144,-0.04068263,,,,
1566645_at,0.63565147,-0.02394831,,,,
206953_s_at,0.63569675,0.13317515,,,,
214017_s_at,0.63572114,0.05748324,,,,
231063_at,0.63572135,0.02229313,,,,
212816_s_at,0.635734,0.2258453,,,,
217539_at,0.6357457,-0.07130465,,,,
237202_at,0.63575056,-0.05500521,,,,
243472_at,0.63579447,-0.02658721,,,,
210580_x_at,0.63579734,-0.10198804,,,,
232141_at,0.63582871,0.05679793,,,,
212133_at,0.63583285,-0.06493423,,,,
219438_at,0.63585004,-0.09046487,,,,
229146_at,0.63586239,0.10704967,,,,
208470_s_at,0.63587378,0.50244226,,,,
209257_s_at,0.6358827,0.11604615,,,,
216403_at,0.63590731,-0.02422585,,,,
236269_at,0.63591882,0.06298548,,,,
244138_at,0.6359197,0.03111749,,,,
1558682_at,0.63592531,-0.03016363,,,,
213046_at,0.63593659,-0.07745687,,,,
1554052_at,0.63596372,-0.08021601,,,,
1552314_a_at,0.63598855,-0.04945602,,,,
201093_x_at,0.63599854,-0.09012838,,,,
226021_at,0.63601844,0.13117334,,,,
206305_s_at,0.63606175,0.37157135,,,,
200950_at,0.63609478,0.06496121,,,,
226779_at,0.63612376,-0.09418984,,,,
220656_at,0.63617591,0.02817058,,,,
226227_x_at,0.63618396,-0.09445733,,,,
224057_s_at,0.63619349,-0.0586764,,,,
238989_at,0.6362178,-0.08864231,,,,
215580_at,0.63622771,0.02876824,,,,
214081_at,0.63624146,0.11409352,,,,
218569_s_at,0.63624174,0.06000186,,,,
235313_at,0.63625984,0.14590285,,,,
210688_s_at,0.63627499,-0.11078989,,,,
211977_at,0.63628486,0.06112236,,,,
201533_at,0.63629517,0.05924001,,,,
224289_s_at,0.63631428,0.02891434,,,,
224724_at,0.63631915,0.15300071,,,,
205479_s_at,0.6363253,-0.18739194,,,,
240996_at,0.63636862,-0.03847422,,,,
208984_x_at,0.63638911,-0.05540641,,,,
202146_at,0.63639593,0.11694103,,,,
242669_at,0.63642514,0.12543906,,,,
240168_at,0.63648554,0.06333034,,,,
227040_at,0.636494,-0.08335214,,,,
203831_at,0.63651787,-0.04166563,,,,
1552895_a_at,0.63655942,-0.02403679,,,,
235753_at,0.63660207,-0.18256316,,,,
212790_x_at,0.63660874,-0.02894853,,,,
237985_at,0.63661546,-0.02575697,,,,
201586_s_at,0.63666025,0.05714959,,,,
208189_s_at,0.63667357,-0.08592589,,,,
203938_s_at,0.6366919,0.06370317,,,,
236598_at,0.6367417,-0.12812507,,,,
243685_at,0.63676193,0.01742159,,,,
219225_at,0.63676996,-0.14265781,,,,
244282_at,0.63681633,0.04824042,,,,
240829_at,0.63681677,0.04390678,,,,
227776_at,0.63682361,-0.09199433,,,,
202966_at,0.63685133,0.16380922,,,,
227529_s_at,0.63687781,0.2487085,,,,
222332_at,0.63688965,-0.02416088,,,,
1564490_at,0.63693271,-0.02873333,,,,
208502_s_at,0.63696029,-0.19769518,,,,
215677_s_at,0.63696221,0.03701375,,,,
1560998_x_at,0.63697504,0.01723876,,,,
204857_at,0.63701784,-0.11368723,,,,
227732_at,0.63702856,0.06641414,,,,
207105_s_at,0.63704047,0.05680191,,,,
215356_at,0.63704815,0.17615613,,,,
220682_s_at,0.63708828,0.09357405,,,,
209217_s_at,0.63709206,-0.05728009,,,,
209121_x_at,0.6371557,0.11218273,,,,
208749_x_at,0.63718338,-0.06518028,,,,
212406_s_at,0.63719806,0.08409229,,,,
233860_s_at,0.63720746,-0.05611538,,,,
1560955_at,0.63721267,-0.02824596,,,,
226997_at,0.63726169,-0.11569169,,,,
1558673_s_at,0.63728024,0.04746893,,,,
214465_at,0.63728423,0.50940969,,,,
202762_at,0.63728453,-0.08905791,,,,
1570385_at,0.6372896,-0.0219156,,,,
1556288_at,0.63735536,-0.01707926,,,,
237524_at,0.63737773,0.03285755,,,,
1555560_at,0.63737913,-0.03075449,,,,
209097_s_at,0.63740381,0.04714518,,,,
241567_at,0.63740396,-0.02011724,,,,
1563841_at,0.63745351,0.0461561,,,,
220786_s_at,0.63752274,0.42562064,,,,
218108_at,0.63754319,0.05776768,,,,
209885_at,0.63756305,0.13792654,,,,
1556364_at,0.63756873,0.06851943,,,,
1557017_at,0.63759307,-0.01908707,,,,
210461_s_at,0.63760685,0.12612898,,,,
242098_at,0.63760753,-0.10450394,,,,
213205_s_at,0.63761323,-0.04426016,,,,
215385_at,0.63762707,0.07164096,,,,
233698_at,0.63764933,0.0319177,,,,
225652_at,0.63775425,0.06416769,,,,
220751_s_at,0.63776436,0.16499239,,,,
208149_x_at,0.63778048,-0.08088233,,,,
208032_s_at,0.63779543,-0.02750547,,,,
230945_at,0.63796072,-0.05236077,,,,
203306_s_at,0.63797832,0.0853928,,,,
203839_s_at,0.63800874,-0.05739333,,,,
232350_x_at,0.63801297,0.09001437,,,,
241681_at,0.63801481,0.14517945,,,,
204207_s_at,0.63802116,-0.06925751,,,,
226000_at,0.63803486,-0.08995214,,,,
224791_at,0.63806512,-0.11059668,,,,
209104_s_at,0.63806812,-0.06582228,,,,
203033_x_at,0.63806828,0.08096716,,,,
207440_at,0.63807342,0.05853074,,,,
1569470_a_at,0.63808114,-0.04963227,,,,
229565_x_at,0.63810711,-0.03495035,,,,
239863_at,0.63815433,0.10664245,,,,
233871_at,0.63817411,0.03365155,,,,
227877_at,0.63821133,-0.08540215,,,,
1558896_at,0.63823248,-0.04671675,,,,
218347_at,0.6382358,0.05821366,,,,
209397_at,0.63824422,0.0728403,,,,
228422_at,0.63826201,-0.04803685,,,,
225587_at,0.63826354,0.04838364,,,,
228034_x_at,0.63826722,0.0368195,,,,
237946_at,0.63828065,0.02580079,,,,
222024_s_at,0.63828622,-0.09958018,,,,
200976_s_at,0.63831849,0.06504569,,,,
221485_at,0.63834669,0.08204167,,,,
206971_at,0.63837885,-0.05624835,,,,
232666_at,0.63838226,0.0564786,,,,
227807_at,0.63838656,0.07692886,,,,
1552809_at,0.63840833,-0.02773987,,,,
210891_s_at,0.63843453,0.05839058,,,,
221613_s_at,0.63843642,-0.04778654,,,,
208257_x_at,0.63849362,-0.0491265,,,,
241721_at,0.63850884,-0.07615417,,,,
214078_at,0.63852388,-0.17458522,,,,
212237_at,0.638524,-0.06061355,,,,
234871_at,0.63858399,-0.03490389,,,,
241747_s_at,0.63859262,0.0383776,,,,
1554167_a_at,0.63861009,0.08186706,,,,
205980_s_at,0.63866638,-0.16062727,,,,
1562201_x_at,0.6386993,-0.03234911,,,,
239561_at,0.63870103,0.06815416,,,,
202393_s_at,0.6387328,0.08066274,,,,
205199_at,0.63873966,0.2410272,,,,
227804_at,0.6387398,0.11991609,,,,
237265_at,0.63874777,-0.08178022,,,,
225197_at,0.63874943,-0.07567164,,,,
238470_at,0.63875204,0.05610832,,,,
224631_at,0.63877107,0.065487,,,,
209070_s_at,0.63881687,-0.13969478,,,,
201042_at,0.63886803,-0.14422309,,,,
205449_at,0.63887796,0.08732435,,,,
203896_s_at,0.63889758,-0.31101815,,,,
239013_at,0.63891965,0.0468679,,,,
1562455_at,0.63896733,-0.02560836,,,,
244193_at,0.63900904,0.06863253,,,,
241797_at,0.63903371,0.07255979,,,,
240477_at,0.63905526,0.01886619,,,,
230166_at,0.63906703,0.12566949,,,,
207629_s_at,0.63908538,0.07503004,,,,
218182_s_at,0.63908783,0.21467866,,,,
229100_s_at,0.63909978,0.0651133,,,,
1562380_at,0.63911056,-0.02384602,,,,
212972_x_at,0.63912244,-0.04471957,,,,
222778_s_at,0.63914953,-0.08211694,,,,
1560145_at,0.6391506,0.06772977,,,,
223381_at,0.63916075,0.17217495,,,,
1567242_at,0.63922824,0.03914248,,,,
238454_at,0.63923444,0.07768969,,,,
233404_at,0.63925451,0.0201132,,,,
225854_x_at,0.6392559,-0.03275162,,,,
236956_at,0.63928642,-0.0437388,,,,
1561130_at,0.63937316,0.04349728,,,,
207891_s_at,0.63937769,-0.09053978,,,,
1566507_a_at,0.63942174,0.05411269,,,,
202985_s_at,0.63946055,-0.06037755,,,,
222409_at,0.63946484,-0.07720447,,,,
202769_at,0.6395051,0.09993862,,,,
204679_at,0.63951844,-0.14199273,,,,
237470_at,0.63952336,-0.07371956,,,,
241616_at,0.63952641,0.02379997,,,,
234978_at,0.63953983,0.10531748,,,,
216016_at,0.63956597,0.02211698,,,,
221254_s_at,0.63965888,0.03024829,,,,
232603_at,0.63968251,-0.05644382,,,,
207541_s_at,0.63970131,-0.06270433,,,,
214466_at,0.63970271,0.04332264,,,,
208307_at,0.63970798,-0.02723755,,,,
224064_s_at,0.63971046,-0.05263873,,,,
1553584_at,0.63973618,0.03976706,,,,
1556658_a_at,0.63973835,0.08237246,,,,
238721_at,0.63974561,0.0783635,,,,
1562895_at,0.63978663,-0.02473147,,,,
214020_x_at,0.63979643,-0.06228408,,,,
236219_at,0.6398171,-0.12849836,,,,
240183_at,0.6398175,0.07457754,,,,
230900_at,0.63982074,0.10533933,,,,
216754_at,0.6398521,-0.03645724,,,,
241609_at,0.63986587,-0.03152996,,,,
224501_at,0.63987171,-0.03842428,,,,
237365_at,0.63988342,0.09515525,,,,
1555872_a_at,0.63989384,0.0880881,,,,
228829_at,0.63989781,0.10280105,,,,
225777_at,0.63994715,-0.12431806,,,,
203052_at,0.63996306,-0.19241849,,,,
207349_s_at,0.63996432,-0.02530752,,,,
1554700_at,0.63997433,-0.01599534,,,,
205606_at,0.6399766,0.08140505,,,,
241295_at,0.64004021,-0.02567987,,,,
241150_at,0.64005249,0.05481901,,,,
227540_at,0.64006911,0.05678979,,,,
237390_at,0.64008225,0.30066934,,,,
205374_at,0.64011348,0.23248372,,,,
237669_at,0.64011624,-0.03729984,,,,
205104_at,0.64013035,0.05858826,,,,
1554007_at,0.64013064,-0.23615514,,,,
210670_at,0.64024509,-0.03115226,,,,
222875_at,0.64028342,0.06185658,,,,
206851_at,0.64028362,-0.03769488,,,,
207179_at,0.64028683,0.09142298,,,,
216223_at,0.64028712,0.24915031,,,,
203198_at,0.64032702,0.08149981,,,,
206828_at,0.64037312,-0.04769169,,,,
208953_at,0.64040655,-0.08483987,,,,
220400_at,0.64041417,-0.03999711,,,,
240727_s_at,0.64042825,-0.08140514,,,,
233500_x_at,0.6404792,-0.08464462,,,,
217556_at,0.64048698,-0.04452378,,,,
201003_x_at,0.64051848,-0.0531869,,,,
242823_at,0.64052592,0.03318857,,,,
241908_at,0.64056877,0.09106244,,,,
228331_at,0.64059973,0.06561776,,,,
208339_at,0.64062663,0.02487741,,,,
203884_s_at,0.64063483,-0.07628817,,,,
216077_s_at,0.64064646,-0.03591178,,,,
214920_at,0.64064926,0.14097242,,,,
232998_at,0.64065163,-0.03418567,,,,
225946_at,0.64072048,0.14678079,,,,
215583_at,0.64081935,-0.04361473,,,,
230365_at,0.64084408,0.03162185,,,,
206447_at,0.64094113,0.03474725,,,,
1552870_s_at,0.640945,-0.21201924,,,,
229348_at,0.64095585,-0.04212009,,,,
243990_at,0.64096434,0.06787858,,,,
1552381_at,0.64101628,0.08002311,,,,
240888_at,0.64101691,-0.03004473,,,,
221499_s_at,0.64103782,-0.05938233,,,,
225791_at,0.64106418,0.04734363,,,,
240954_at,0.64108681,-0.03545949,,,,
226459_at,0.64110721,-0.14117172,,,,
218730_s_at,0.64111781,0.28816327,,,,
244374_at,0.64113079,-0.0601508,,,,
240869_at,0.6411456,-0.09000134,,,,
236753_at,0.64115044,-0.03187543,,,,
237545_at,0.64116455,-0.02181478,,,,
241446_at,0.64122071,0.02747389,,,,
201192_s_at,0.64123285,0.0793349,,,,
230018_at,0.64123872,-0.03845114,,,,
238156_at,0.64125043,-0.12497856,,,,
33323_r_at,0.64125771,-0.28620987,,,,
209028_s_at,0.64126172,0.07388253,,,,
226425_at,0.64129399,0.16904905,,,,
223284_at,0.6413276,0.12917102,,,,
224270_at,0.64133542,-0.0215624,,,,
216355_at,0.64138902,-0.04117335,,,,
201919_at,0.64141329,0.09551991,,,,
207027_at,0.6414231,0.17575243,,,,
210792_x_at,0.64143403,0.06403672,,,,
211313_s_at,0.64145712,0.03617142,,,,
225110_at,0.64146566,0.04539787,,,,
239761_at,0.64147997,0.16058513,,,,
207201_s_at,0.64153573,0.3737008,,,,
1557818_x_at,0.64155077,-0.03355918,,,,
225591_at,0.64161293,0.07658281,,,,
201963_at,0.64162767,-0.17712259,,,,
239193_at,0.64163639,-0.05898335,,,,
1559506_x_at,0.64164929,-0.04113486,,,,
242972_at,0.6416566,-0.04370177,,,,
1568838_at,0.64166544,0.18903701,,,,
229908_s_at,0.64168337,0.08161202,,,,
239214_at,0.64171111,-0.03561905,,,,
1558340_at,0.6417997,-0.03777892,,,,
220282_at,0.64183317,-0.03100387,,,,
217771_at,0.64183441,0.13673345,,,,
213242_x_at,0.64184494,-0.05960528,,,,
204769_s_at,0.64186114,-0.11317248,,,,
241129_at,0.64187066,-0.02412208,,,,
221216_s_at,0.64189711,-0.07189947,,,,
205961_s_at,0.64191205,-0.11587317,,,,
235516_at,0.64191277,0.08642313,,,,
241141_at,0.64191405,-0.02715593,,,,
233801_s_at,0.6419359,0.07914926,,,,
1570355_a_at,0.6419725,0.01842271,,,,
1561609_at,0.64197616,0.02223957,,,,
213035_at,0.64198041,-0.07560924,,,,
239956_at,0.64198321,0.02312169,,,,
202513_s_at,0.64198413,-0.04436377,,,,
238740_at,0.64198509,0.05521078,,,,
236542_at,0.64202769,-0.06080906,,,,
223533_at,0.64205963,-0.1106418,,,,
233482_at,0.64209505,-0.03126819,,,,
225511_at,0.64214863,0.1562031,,,,
214405_at,0.6421742,-0.03866932,,,,
201531_at,0.64217858,-0.08496922,,,,
213908_at,0.64220131,0.09295318,,,,
1554492_at,0.64220749,-0.02141696,,,,
217287_s_at,0.64221292,-0.08543589,,,,
208369_s_at,0.64221502,0.1198755,,,,
225253_s_at,0.64222103,0.07193305,,,,
211437_at,0.64222697,-0.02204484,,,,
223642_at,0.64223382,-0.25261992,,,,
205984_at,0.64226623,0.27268046,,,,
237532_at,0.64228133,-0.02655919,,,,
230868_at,0.64228438,-0.04819083,,,,
210989_at,0.64229809,-0.02411339,,,,
216293_at,0.64229994,0.03301494,,,,
235545_at,0.6423157,0.16644845,,,,
222027_at,0.64235002,-0.15431994,,,,
219628_at,0.6423664,-0.08804088,,,,
210196_s_at,0.64236961,-0.02288206,,,,
233286_at,0.64239838,0.02711831,,,,
241265_x_at,0.64240275,-0.02371407,,,,
1559546_s_at,0.64240277,-0.02702433,,,,
239378_at,0.64242843,-0.02616856,,,,
1568366_at,0.64242854,0.03451574,,,,
216669_at,0.64244057,0.02036703,,,,
1556940_at,0.64245502,-0.02715691,,,,
226347_at,0.64245791,-0.07571265,,,,
1559533_at,0.64246679,-0.03277596,,,,
1560109_s_at,0.6424861,-0.02541039,,,,
204373_s_at,0.64248948,-0.06019413,,,,
201917_s_at,0.64250922,0.11021647,,,,
216643_at,0.64256887,-0.02670073,,,,
1556167_at,0.642585,-0.08965749,,,,
243788_at,0.64260624,0.02479702,,,,
1569213_at,0.64265776,-0.02387645,,,,
205703_at,0.64271242,-0.03029691,,,,
201453_x_at,0.64272779,-0.0577977,,,,
220171_x_at,0.64277312,0.0778755,,,,
208560_at,0.64277656,0.03492951,,,,
206363_at,0.64277724,0.17488018,,,,
231398_at,0.64279924,0.3242821,,,,
233808_at,0.64282742,0.02274745,,,,
224899_s_at,0.64287873,0.05925527,,,,
214359_s_at,0.64288376,-0.10664407,,,,
1557852_at,0.64289189,-0.0538797,,,,
216765_at,0.64292364,-0.0388823,,,,
206661_at,0.64294292,-0.03023708,,,,
237630_s_at,0.64299667,-0.03265512,,,,
227314_at,0.64302737,-0.22439998,,,,
226007_at,0.64303159,-0.0664335,,,,
1556514_at,0.64304321,0.02110764,,,,
1555309_a_at,0.64307411,-0.03839383,,,,
218822_s_at,0.64307899,-0.05530572,,,,
236035_at,0.64312541,0.15580564,,,,
221314_at,0.64315581,-0.04117961,,,,
228130_at,0.64317821,0.04993727,,,,
205386_s_at,0.6432438,-0.12740689,,,,
215671_at,0.64325849,-0.02080051,,,,
211094_s_at,0.64328116,0.08272114,,,,
214917_at,0.64329627,-0.09865951,,,,
216647_at,0.64332269,-0.03015065,,,,
205238_at,0.64336048,-0.05623672,,,,
228494_at,0.64337962,0.24678113,,,,
1554921_a_at,0.64340421,-0.14246049,,,,
232149_s_at,0.64340533,-0.09570234,,,,
204631_at,0.64341303,0.31391064,,,,
1561707_at,0.64342284,0.02166241,,,,
1558101_at,0.64344358,-0.10237332,,,,
232262_at,0.64346802,-0.05746302,,,,
1557419_a_at,0.64347058,0.03542396,,,,
201732_s_at,0.64348346,0.08513675,,,,
1565896_at,0.64348398,0.03091881,,,,
210603_at,0.64350472,0.08361528,,,,
1560463_at,0.64352921,-0.02936141,,,,
235271_s_at,0.64354575,0.07450843,,,,
200829_x_at,0.64354792,0.03962676,,,,
1553636_at,0.64355517,-0.02033914,,,,
214701_s_at,0.64359249,0.10739714,,,,
223933_at,0.64360374,-0.02835151,,,,
235933_at,0.64362746,-0.03871629,,,,
214009_at,0.6436521,0.06944237,,,,
239035_at,0.64366457,-0.08291944,,,,
216176_at,0.64366526,-0.06036071,,,,
215836_s_at,0.64366839,-0.08285906,,,,
1569607_s_at,0.64370215,-0.15005589,,,,
208930_s_at,0.64370983,0.09339926,,,,
226794_at,0.6437213,0.10200357,,,,
244092_at,0.64373034,0.03769287,,,,
218763_at,0.64376867,-0.0548591,,,,
214931_s_at,0.64378012,0.07893445,,,,
225269_s_at,0.64378708,0.11218352,,,,
239099_at,0.64380447,0.02487455,,,,
208642_s_at,0.6438608,0.0432017,,,,
223572_at,0.64387894,0.12149889,,,,
243014_at,0.64387899,-0.02908805,,,,
204518_s_at,0.64388383,0.09835091,,,,
217656_at,0.64390774,-0.03205031,,,,
228314_at,0.64393017,0.133044,,,,
213007_at,0.64395199,0.11703885,,,,
1554159_a_at,0.64395706,0.09939386,,,,
220609_at,0.64401725,-0.11733877,,,,
217554_at,0.64402779,0.03683075,,,,
232245_at,0.64405925,0.06167116,,,,
243196_s_at,0.64406492,0.05867192,,,,
226860_at,0.64407451,0.08975309,,,,
235822_at,0.64409717,-0.04382592,,,,
243415_at,0.64411483,-0.0323598,,,,
1570469_at,0.64411854,0.10520729,,,,
239768_x_at,0.64412218,0.08483765,,,,
210382_at,0.64412328,-0.06732935,,,,
223194_s_at,0.64414538,0.11553412,,,,
1563348_at,0.64415024,-0.03766438,,,,
229770_at,0.64416737,0.1345785,,,,
1560522_at,0.64417795,-0.02483382,,,,
241052_at,0.64419829,-0.02443613,,,,
208678_at,0.64420479,-0.04490342,,,,
202537_s_at,0.64421461,-0.07600507,,,,
221194_s_at,0.64425291,-0.09375905,,,,
221384_at,0.64426377,0.0650079,,,,
224734_at,0.64429645,0.07774758,,,,
244064_at,0.64430123,-0.02984972,,,,
1555904_at,0.64434204,0.07179977,,,,
201077_s_at,0.6444053,-0.05255595,,,,
222963_s_at,0.64441544,-0.04715856,,,,
202011_at,0.64442316,0.06924842,,,,
205281_s_at,0.64443678,-0.10309002,,,,
227093_at,0.64445533,0.0692017,,,,
232339_at,0.64447715,-0.02283989,,,,
205357_s_at,0.64451685,0.30285124,,,,
233473_x_at,0.64452078,0.06486663,,,,
214929_s_at,0.6445574,0.04452389,,,,
220793_at,0.64457446,-0.13001382,,,,
227780_s_at,0.64459317,0.12607315,,,,
231160_at,0.64462929,-0.0238048,,,,
221567_at,0.64463352,0.08932748,,,,
222438_at,0.64465884,0.07695702,,,,
231421_at,0.64466267,0.03161359,,,,
234004_at,0.64469732,-0.03611887,,,,
210006_at,0.64470603,-0.07901607,,,,
218534_s_at,0.64471654,0.05832755,,,,
202542_s_at,0.64472912,0.04924009,,,,
227076_at,0.64473503,-0.05065388,,,,
230194_at,0.64474293,0.06939346,,,,
220715_at,0.64474426,-0.03229837,,,,
235736_at,0.64476762,0.14396441,,,,
243808_at,0.64479701,0.06206895,,,,
235157_at,0.64480371,0.11107331,,,,
238352_s_at,0.6448356,-0.03618761,,,,
229356_x_at,0.64484896,-0.03513269,,,,
226630_at,0.64487484,-0.09080108,,,,
207382_at,0.64489989,-0.06613643,,,,
1553212_at,0.64492,0.07922992,,,,
207843_x_at,0.64492595,0.18168418,,,,
230245_s_at,0.6449288,-0.11576975,,,,
208804_s_at,0.64493583,0.06204398,,,,
207046_at,0.64496372,0.08476741,,,,
240106_at,0.6449849,0.0806617,,,,
211491_at,0.64500584,0.06563681,,,,
1554597_at,0.64501081,0.07572302,,,,
200881_s_at,0.64508812,0.06398058,,,,
205331_s_at,0.64510478,-0.03800482,,,,
207041_at,0.64511048,0.2294577,,,,
232019_at,0.64511084,-0.04320317,,,,
1553666_at,0.64512649,0.06584833,,,,
218400_at,0.64512882,-0.13470839,,,,
206937_at,0.64515359,-0.02710399,,,,
1556832_at,0.64516575,0.02203912,,,,
200816_s_at,0.64518954,-0.05982583,,,,
206778_at,0.64521053,-0.02932547,,,,
206111_at,0.64526665,0.12432076,,,,
242265_at,0.64526854,0.05532418,,,,
219395_at,0.64527373,0.15526336,,,,
227338_at,0.64530156,0.05384083,,,,
209203_s_at,0.64530682,0.12599135,,,,
235532_at,0.64534331,0.10672611,,,,
211474_s_at,0.64541213,0.09281679,,,,
221907_at,0.64541334,0.0402484,,,,
1553864_at,0.64543579,-0.02730177,,,,
223752_at,0.64545803,-0.02686482,,,,
217277_at,0.64546051,-0.02795355,,,,
223801_s_at,0.6454758,0.05327967,,,,
234933_at,0.64549333,-0.03944606,,,,
1556392_a_at,0.6454943,0.03029975,,,,
201005_at,0.64552333,-0.13110941,,,,
1565329_at,0.64559428,-0.02767347,,,,
210720_s_at,0.64562882,-0.08536068,,,,
219274_at,0.64574347,0.17557849,,,,
1553489_a_at,0.64574366,0.05383635,,,,
216645_at,0.64575049,0.03886596,,,,
236978_at,0.64575516,0.08791801,,,,
213275_x_at,0.64575728,-0.09266922,,,,
1565681_s_at,0.64575855,0.08097357,,,,
206979_at,0.64578696,0.40703864,,,,
238742_x_at,0.6457915,-0.09320702,,,,
37425_g_at,0.64580531,-0.05610781,,,,
207625_s_at,0.64582953,-0.06780842,,,,
239370_at,0.64584292,-0.27977114,,,,
200885_at,0.64584781,-0.0763094,,,,
210057_at,0.64585334,0.0698974,,,,
223627_at,0.64585777,0.14038937,,,,
225302_at,0.64587777,0.096988,,,,
1563188_at,0.64595319,-0.0212342,,,,
204465_s_at,0.64595377,0.08925817,,,,
213828_x_at,0.6460418,0.04615046,,,,
1566190_at,0.64605246,-0.02783773,,,,
1567251_at,0.64610327,0.03076507,,,,
1556521_a_at,0.64612138,0.02844522,,,,
213560_at,0.64614141,-0.07814495,,,,
224861_at,0.64614638,0.07477461,,,,
226320_at,0.6461662,-0.08799978,,,,
206029_at,0.64630986,0.13821583,,,,
237484_at,0.64631614,-0.08217896,,,,
212397_at,0.64632924,0.09476479,,,,
239433_at,0.6463334,0.11875015,,,,
241612_at,0.64634903,0.09238477,,,,
237768_x_at,0.64635378,-0.08338961,,,,
230597_at,0.64636342,0.06811803,,,,
218015_s_at,0.64644948,0.02441809,,,,
206197_at,0.64645031,0.18978181,,,,
204396_s_at,0.64645652,-0.12937263,,,,
208803_s_at,0.64646807,0.04569079,,,,
229969_at,0.64647818,-0.06756416,,,,
240990_at,0.64648599,-0.05755124,,,,
229968_at,0.64650668,-0.09787744,,,,
1556499_s_at,0.64650923,0.09045562,,,,
224046_s_at,0.64652341,-0.15450924,,,,
231570_at,0.64655556,-0.02954423,,,,
204719_at,0.64657609,0.28488626,,,,
216241_s_at,0.64658278,0.05729409,,,,
231056_at,0.64660101,-0.0462855,,,,
225997_at,0.6466103,0.07673034,,,,
212199_at,0.64661316,0.05887001,,,,
234154_at,0.64661792,-0.02454859,,,,
231893_at,0.64663459,0.02924098,,,,
238622_at,0.64670963,-0.10894408,,,,
231868_at,0.6467224,-0.05496459,,,,
1554099_a_at,0.64673478,0.06782375,,,,
219531_at,0.64675932,0.10224198,,,,
213269_at,0.64676555,0.07980661,,,,
219980_at,0.64677488,0.04956137,,,,
219904_at,0.64679023,-0.07654824,,,,
239551_at,0.64679182,0.03369563,,,,
241847_at,0.64681944,0.03770063,,,,
219561_at,0.64683576,0.13726879,,,,
202045_s_at,0.64687587,0.05448234,,,,
225176_at,0.64688809,-0.08467191,,,,
229372_at,0.64695125,0.23532609,,,,
200063_s_at,0.64696898,-0.03117659,,,,
1565690_at,0.6469851,-0.02716746,,,,
238971_at,0.64699796,0.04283929,,,,
231328_s_at,0.64700949,-0.03456257,,,,
1556555_at,0.64701619,0.05705303,,,,
225716_at,0.647018,-0.0981641,,,,
209380_s_at,0.64704544,0.12648714,,,,
201805_at,0.64710598,0.04813484,,,,
222770_s_at,0.64721622,0.08130715,,,,
221538_s_at,0.64722088,0.10217544,,,,
1560599_a_at,0.647237,0.08970455,,,,
1565689_at,0.64731327,-0.07496403,,,,
218612_s_at,0.64736017,-0.04565832,,,,
212530_at,0.64736423,-0.07682495,,,,
211526_s_at,0.64742043,-0.03218916,,,,
224651_at,0.64745147,-0.06550217,,,,
238910_at,0.64748021,0.04999958,,,,
230476_at,0.64751623,-0.0248932,,,,
1566106_at,0.64752664,0.02723001,,,,
235124_at,0.64760136,0.07365683,,,,
244495_x_at,0.64760777,-0.05587627,,,,
1569450_at,0.64761198,0.02568343,,,,
236541_at,0.64766549,0.03499779,,,,
221211_s_at,0.64766803,0.11235466,,,,
200806_s_at,0.64769264,-0.10609439,,,,
234792_x_at,0.6477017,-0.09837059,,,,
222636_at,0.6477341,-0.06242378,,,,
1554672_at,0.64775441,-0.02639559,,,,
228271_at,0.6477682,0.06719907,,,,
222560_at,0.64777774,0.03877475,,,,
224460_s_at,0.64779053,0.08534324,,,,
207371_at,0.6477988,0.02586701,,,,
238388_x_at,0.647804,-0.03383016,,,,
1560115_a_at,0.64781381,-0.04116587,,,,
226511_at,0.64782407,0.08091963,,,,
1556398_a_at,0.6478372,-0.02537412,,,,
205085_at,0.64786726,-0.08913272,,,,
242725_at,0.64787799,0.09341243,,,,
208506_at,0.64788963,-0.03659265,,,,
234939_s_at,0.64789372,-0.04521575,,,,
217395_at,0.64790067,-0.0481254,,,,
217401_at,0.64790632,-0.01855096,,,,
229902_at,0.64792974,0.05598614,,,,
240998_at,0.6479306,-0.03243088,,,,
202995_s_at,0.64795013,-0.26785089,,,,
227493_s_at,0.64795521,-0.06069524,,,,
219565_at,0.64797797,0.05366478,,,,
221544_s_at,0.64797798,-0.05017574,,,,
240537_s_at,0.64797988,-0.05695331,,,,
227037_at,0.64800931,-0.09695172,,,,
234020_x_at,0.64803334,0.02843227,,,,
233508_at,0.648036,0.03982571,,,,
233832_at,0.64806855,0.03589701,,,,
1552321_a_at,0.64807709,0.04352145,,,,
242343_x_at,0.64812544,0.12681599,,,,
1552389_at,0.64813638,0.16048331,,,,
219412_at,0.64813837,0.22995421,,,,
202216_x_at,0.64814161,0.06409148,,,,
219530_at,0.64816193,0.05179269,,,,
214397_at,0.6482191,0.02861714,,,,
242077_x_at,0.64822623,-0.05493395,,,,
1559889_at,0.64829703,0.03483847,,,,
229452_at,0.64834281,0.06337014,,,,
205747_at,0.64835579,-0.07193059,,,,
210013_at,0.64836266,0.38537486,,,,
238039_at,0.64837831,0.06479972,,,,
227710_s_at,0.64841381,-0.05583162,,,,
205697_at,0.64842672,-0.09822194,,,,
217309_s_at,0.64846475,-0.06671986,,,,
239188_at,0.6484797,-0.03002534,,,,
1569557_at,0.64848554,0.03173457,,,,
1555151_s_at,0.64849004,-0.03610076,,,,
1557817_a_at,0.6485221,-0.0335577,,,,
221729_at,0.64854896,0.14871069,,,,
220522_at,0.64858292,-0.03241856,,,,
1569262_x_at,0.64861259,0.02130131,,,,
230022_at,0.64862521,0.09717799,,,,
205448_s_at,0.64864487,-0.0446847,,,,
237140_x_at,0.64866605,-0.02858017,,,,
1555372_at,0.64871448,0.0775281,,,,
224411_at,0.64873908,0.15586369,,,,
206825_at,0.64874148,0.21862553,,,,
206826_at,0.64874318,0.15470103,,,,
218759_at,0.64875567,-0.05227838,,,,
223785_at,0.64875826,-0.08019467,,,,
1556872_s_at,0.6487613,-0.02733039,,,,
233895_at,0.64879612,0.03185276,,,,
241674_s_at,0.64881296,-0.01809882,,,,
240580_at,0.64882222,-0.02692434,,,,
214529_at,0.6488273,0.02402195,,,,
212603_at,0.6488382,0.07669872,,,,
213073_at,0.64884267,-0.07120054,,,,
204128_s_at,0.64888858,0.12964114,,,,
1555229_a_at,0.6488968,-0.22650102,,,,
205229_s_at,0.64890129,-0.17419914,,,,
219286_s_at,0.64898311,0.06115501,,,,
1568847_at,0.64898562,-0.03380917,,,,
221817_at,0.64899263,-0.0508463,,,,
227340_s_at,0.64900558,0.14047249,,,,
221298_s_at,0.64904055,-0.03092262,,,,
235649_at,0.64904185,-0.10535758,,,,
210817_s_at,0.64906196,0.05953398,,,,
209414_at,0.64906743,0.05314166,,,,
225015_s_at,0.64908991,-0.04460895,,,,
204525_at,0.64911,0.10873717,,,,
217966_s_at,0.64911634,0.15333387,,,,
221149_at,0.64912438,-0.05273021,,,,
226033_at,0.64913547,0.05696113,,,,
228272_at,0.6491648,0.08078886,,,,
202295_s_at,0.64918895,0.12144559,,,,
234225_at,0.64922426,0.03450704,,,,
1552362_a_at,0.64922474,0.34565676,,,,
238206_at,0.64926299,0.10063151,,,,
213131_at,0.64926812,-0.19863782,,,,
229797_at,0.64928693,0.18525502,,,,
1555049_at,0.64929439,0.0329798,,,,
1556090_at,0.64932488,-0.05603405,,,,
200983_x_at,0.64933604,0.08421634,,,,
235356_at,0.64934261,0.07215057,,,,
225400_at,0.6493803,0.07499208,,,,
243313_at,0.64940763,0.10009882,,,,
230266_at,0.64944455,0.13796932,,,,
244861_at,0.64947777,-0.03201997,,,,
238644_at,0.64951298,-0.0666443,,,,
235094_at,0.64956071,0.10269338,,,,
222387_s_at,0.64957828,-0.09482387,,,,
237448_at,0.6495859,0.02929334,,,,
226375_at,0.64960324,0.08363555,,,,
202912_at,0.64965622,-0.17141649,,,,
1564208_x_at,0.64968694,-0.05023053,,,,
221884_at,0.64969056,-0.22189285,,,,
244542_at,0.64969306,0.03453566,,,,
243897_at,0.64971128,0.06999495,,,,
209592_s_at,0.64972219,0.08330233,,,,
204428_s_at,0.64972588,0.20932067,,,,
232808_at,0.64980213,0.04036166,,,,
40189_at,0.64981106,0.04922433,,,,
201538_s_at,0.64988783,-0.10009715,,,,
209366_x_at,0.6499367,0.18660569,,,,
239916_at,0.64993725,0.05390688,,,,
229910_at,0.6499389,0.12236385,,,,
231931_at,0.64996512,0.07609997,,,,
218660_at,0.65003038,0.07340596,,,,
203655_at,0.65005611,0.05885197,,,,
213290_at,0.65008446,-0.1113548,,,,
222408_s_at,0.65009021,-0.05412309,,,,
207409_at,0.65012037,0.4210945,,,,
203605_at,0.65013786,0.06452522,,,,
224482_s_at,0.65015408,-0.11939295,,,,
209917_s_at,0.65020515,0.09642639,,,,
238925_at,0.65022548,-0.07962766,,,,
241632_x_at,0.65022556,0.0411105,,,,
1552279_a_at,0.65024637,0.07520449,,,,
1556879_at,0.65028601,0.06864284,,,,
236658_at,0.65030378,-0.02978901,,,,
1559208_at,0.65032718,-0.02188989,,,,
1569128_at,0.6503564,0.0303116,,,,
232737_s_at,0.65036387,0.16243977,,,,
218287_s_at,0.65036934,0.05451171,,,,
228891_at,0.65041386,-0.07859498,,,,
1562251_a_at,0.65042116,0.02945353,,,,
211780_x_at,0.65047366,-0.05014901,,,,
227027_at,0.65047609,-0.09873872,,,,
224056_at,0.65048107,0.02050869,,,,
244463_at,0.65050071,-0.13935942,,,,
218733_at,0.65057206,0.05234163,,,,
1561128_at,0.65063455,-0.02857152,,,,
236511_at,0.65067398,0.05502058,,,,
222503_s_at,0.650682,0.06615594,,,,
241816_at,0.65069156,0.03375843,,,,
200949_x_at,0.6507332,-0.04325654,,,,
1559611_at,0.65073778,-0.02348747,,,,
238823_at,0.65074228,-0.09312402,,,,
235859_at,0.65077715,-0.03399565,,,,
221580_s_at,0.65085358,0.09750515,,,,
241206_at,0.65087418,0.04275896,,,,
220999_s_at,0.65091058,-0.11964308,,,,
203573_s_at,0.65097481,-0.06934409,,,,
1560378_at,0.65097531,-0.02272447,,,,
213822_s_at,0.65100474,-0.09189189,,,,
225676_s_at,0.65100714,0.09120678,,,,
228273_at,0.65103093,-0.12602932,,,,
244154_at,0.65106117,-0.04659293,,,,
219466_s_at,0.651063,0.60106014,,,,
236655_at,0.65106446,-0.16212649,,,,
215438_x_at,0.65114209,0.06952576,,,,
1570227_at,0.65118019,0.03445367,,,,
227349_at,0.65120278,0.08961896,,,,
201491_at,0.65120286,0.07352885,,,,
208044_s_at,0.65123749,-0.04927544,,,,
1563104_at,0.65124869,-0.031616,,,,
224235_at,0.65128641,-0.02529551,,,,
207048_at,0.65128811,0.04107685,,,,
243637_at,0.65132326,-0.0381192,,,,
201385_at,0.65134297,0.0439371,,,,
1557328_at,0.65137698,-0.01878021,,,,
228666_at,0.65137734,-0.04158866,,,,
229790_at,0.65138516,-0.07097244,,,,
218611_at,0.6513965,-0.09601583,,,,
1557621_at,0.65142346,-0.05190141,,,,
237421_at,0.65142357,-0.03491872,,,,
205827_at,0.65143651,0.07425799,,,,
231584_s_at,0.65147261,-0.02957907,,,,
222223_s_at,0.65147646,0.14364435,,,,
219752_at,0.65154212,-0.09463199,,,,
242566_at,0.65154388,-0.0298043,,,,
231075_x_at,0.65158441,0.06591976,,,,
242606_at,0.65168039,0.08450475,,,,
206515_at,0.65172132,-0.33909748,,,,
1569290_s_at,0.65173697,0.11327795,,,,
1569459_a_at,0.65177102,-0.01969676,,,,
217450_at,0.65180707,-0.02718297,,,,
218179_s_at,0.65185109,-0.05569279,,,,
242539_at,0.65187811,0.12372292,,,,
214150_x_at,0.6518807,-0.049708,,,,
232134_at,0.65188083,0.07808728,,,,
231623_at,0.6518838,-0.02754366,,,,
1563051_at,0.65189935,0.04633983,,,,
217761_at,0.65194984,-0.10168948,,,,
212758_s_at,0.65195265,0.11664915,,,,
243927_x_at,0.65195859,0.07197403,,,,
1560422_at,0.65196866,0.02087657,,,,
200711_s_at,0.65197313,0.05966735,,,,
234628_at,0.65197528,-0.02616205,,,,
1553494_at,0.65199243,0.01800951,,,,
1561054_a_at,0.65199979,0.02087982,,,,
218224_at,0.65202629,0.10834413,,,,
238335_at,0.6520646,-0.12443918,,,,
223722_at,0.65207202,0.08829782,,,,
206792_x_at,0.65208143,0.06068064,,,,
201656_at,0.65210431,0.14901403,,,,
217659_at,0.65214206,0.03261543,,,,
204995_at,0.65214274,0.20290144,,,,
1566202_at,0.65215643,0.01788056,,,,
239152_at,0.65216429,-0.0294165,,,,
225672_at,0.65218764,-0.05581858,,,,
217776_at,0.65219104,0.07708157,,,,
1557595_at,0.65219426,-0.02726996,,,,
234272_at,0.65220737,-0.02185138,,,,
235920_at,0.65221122,-0.048062,,,,
240286_at,0.65222236,-0.05970702,,,,
209309_at,0.65226487,0.37970322,,,,
232540_x_at,0.65228576,-0.03389413,,,,
238014_at,0.6523118,0.04847936,,,,
219536_s_at,0.65231271,0.0520281,,,,
216315_x_at,0.6523403,0.04978012,,,,
1556447_at,0.65236175,0.02102413,,,,
226970_at,0.65236559,0.06333409,,,,
202566_s_at,0.65236783,0.08668022,,,,
218589_at,0.65239973,0.1284574,,,,
238846_at,0.65240268,0.21052951,,,,
1561320_at,0.65241079,-0.0341288,,,,
231670_at,0.65241749,0.02136663,,,,
1568783_at,0.65244169,-0.02570746,,,,
203794_at,0.65244569,-0.07782814,,,,
231979_at,0.65253656,0.08065397,,,,
209513_s_at,0.65258379,0.10910251,,,,
1563465_at,0.65258915,-0.02076629,,,,
1561613_at,0.65260048,-0.0206368,,,,
236315_at,0.65264612,-0.02804414,,,,
243593_s_at,0.65265788,0.04665834,,,,
217986_s_at,0.65265848,0.07105276,,,,
215080_s_at,0.65270122,-0.03356909,,,,
212254_s_at,0.6527093,-0.09640592,,,,
1559871_s_at,0.65272318,0.02609047,,,,
1563715_at,0.65273984,-0.03210409,,,,
201814_at,0.65274222,-0.0489509,,,,
227985_at,0.65276048,-0.15824201,,,,
1554348_s_at,0.65277974,-0.05941583,,,,
1563498_s_at,0.65279907,-0.08134388,,,,
225639_at,0.65280896,-0.13259436,,,,
227806_at,0.65281137,0.08521742,,,,
219169_s_at,0.65282084,0.07712635,,,,
234647_at,0.65282555,-0.03316738,,,,
41553_at,0.65283629,-0.04022854,,,,
210421_s_at,0.65289695,0.04237358,,,,
1558467_a_at,0.65290397,0.07977156,,,,
242440_at,0.65294404,-0.04944902,,,,
244468_at,0.65303061,0.03037071,,,,
219689_at,0.65307895,0.12657085,,,,
236312_at,0.65310187,0.09672394,,,,
1570572_at,0.65313013,-0.02623113,,,,
237862_at,0.65314634,-0.02496792,,,,
244289_at,0.65316866,0.09897699,,,,
241981_at,0.65319219,0.20024087,,,,
212121_at,0.65319511,0.05953512,,,,
231062_at,0.65320472,0.05069466,,,,
225492_at,0.65321737,-0.06925557,,,,
209713_s_at,0.6532377,0.11812464,,,,
210180_s_at,0.65324038,0.09133371,,,,
210933_s_at,0.65327216,0.15351355,,,,
1557820_at,0.65330308,0.06630158,,,,
234917_at,0.65331879,-0.02847021,,,,
207956_x_at,0.65332079,0.06930794,,,,
203217_s_at,0.65332707,0.14542342,,,,
209200_at,0.65333904,-0.12211832,,,,
217682_at,0.65334884,-0.0674576,,,,
1570402_at,0.65336089,0.0736285,,,,
212877_at,0.65337259,-0.09535815,,,,
208177_at,0.65340233,0.04036067,,,,
1556540_a_at,0.65346581,0.0276983,,,,
238132_at,0.6534684,-0.03633442,,,,
241251_at,0.65347422,-0.022038,,,,
223490_s_at,0.65359822,0.0816946,,,,
205773_at,0.65362463,0.12510055,,,,
228645_at,0.65371416,0.13372752,,,,
217460_at,0.65372973,-0.02040737,,,,
225259_at,0.65377261,-0.07170164,,,,
221051_s_at,0.65377926,0.06329091,,,,
213289_at,0.65381173,0.08433116,,,,
213653_at,0.65381489,0.07784798,,,,
212232_at,0.65384042,-0.06664429,,,,
1556839_s_at,0.65385453,-0.05570731,,,,
220855_at,0.65390922,0.02988875,,,,
242809_at,0.65391932,-0.04603157,,,,
202878_s_at,0.65393098,0.10004692,,,,
203057_s_at,0.65397017,0.06465618,,,,
236518_at,0.65397026,-0.12667577,,,,
216457_s_at,0.65398911,0.05542696,,,,
200996_at,0.65401754,-0.06366221,,,,
205020_s_at,0.65403839,0.10153795,,,,
208952_s_at,0.65407217,0.08690705,,,,
203918_at,0.65409419,-0.08171916,,,,
203524_s_at,0.65412873,-0.10930687,,,,
1570022_at,0.65414483,0.01661246,,,,
1563874_at,0.65417675,0.05722458,,,,
227116_at,0.65419378,0.06022689,,,,
219344_at,0.65421598,-0.07446424,,,,
1558578_a_at,0.65421879,-0.02574989,,,,
200987_x_at,0.65423737,0.06959172,,,,
221478_at,0.65426735,0.09161504,,,,
236344_at,0.65428168,0.08183374,,,,
225256_at,0.65428967,0.0719927,,,,
241176_at,0.6543105,0.0217453,,,,
1554034_a_at,0.65433971,0.03828753,,,,
232375_at,0.65434572,-0.05750123,,,,
219836_at,0.65434709,0.1851709,,,,
1560924_at,0.65437918,-0.0255808,,,,
243764_at,0.65438868,-0.25912033,,,,
221662_s_at,0.65440248,0.18299859,,,,
212195_at,0.65445037,0.10372588,,,,
240664_at,0.65448802,0.03211683,,,,
241519_at,0.65449333,0.02222294,,,,
219969_at,0.65450661,0.06869519,,,,
227837_at,0.65452808,0.05510021,,,,
238804_at,0.6545316,-0.12647336,,,,
223139_s_at,0.65454019,0.06895665,,,,
229429_x_at,0.65454237,0.0891306,,,,
230667_at,0.654574,0.06437238,,,,
241906_at,0.65457562,0.07300374,,,,
1562215_at,0.65460106,-0.04117302,,,,
232947_at,0.65465098,-0.03809111,,,,
234171_at,0.65465502,-0.02456898,,,,
203277_at,0.65469039,-0.06564265,,,,
213974_at,0.65469801,0.17579759,,,,
216762_at,0.65470788,-0.02939447,,,,
220497_at,0.65473222,0.05950811,,,,
1560563_at,0.65476055,0.0371918,,,,
207468_s_at,0.65476402,-0.05764269,,,,
222235_s_at,0.65479062,0.0872198,,,,
226484_at,0.65480329,0.09188964,,,,
1555059_at,0.65482112,-0.0266216,,,,
244050_at,0.65485457,-0.15112563,,,,
203745_at,0.6548589,-0.05903283,,,,
1569310_at,0.65487501,0.02863222,,,,
214995_s_at,0.65488064,-0.11526849,,,,
203955_at,0.654908,-0.06367272,,,,
243527_at,0.65491339,-0.08594565,,,,
1567861_at,0.65493334,-0.01985014,,,,
210532_s_at,0.65497314,0.05132502,,,,
229240_at,0.65497577,-0.10699721,,,,
226362_at,0.65504473,0.09071561,,,,
221968_s_at,0.65507856,-0.03408575,,,,
1561427_at,0.6550891,-0.0278888,,,,
219655_at,0.6550917,0.10929852,,,,
221019_s_at,0.65509592,-0.22371029,,,,
243825_at,0.6551565,0.02940842,,,,
1563114_at,0.65517977,-0.02879644,,,,
218348_s_at,0.65525917,-0.05283078,,,,
210908_s_at,0.65527885,0.06278333,,,,
201960_s_at,0.65528777,0.07856591,,,,
1556690_s_at,0.65529423,0.05966968,,,,
204084_s_at,0.65533123,0.06524684,,,,
207455_at,0.65533339,0.07674675,,,,
217341_at,0.65539569,-0.03161122,,,,
217965_s_at,0.65540563,0.0651804,,,,
215306_at,0.6554087,-0.13294009,,,,
221622_s_at,0.65542374,0.06022931,,,,
242498_x_at,0.65544231,0.0534236,,,,
238863_x_at,0.65546534,0.03854852,,,,
234555_at,0.65547235,-0.03297879,,,,
202695_s_at,0.65548236,0.10128009,,,,
215271_at,0.6555489,-0.07570879,,,,
222239_s_at,0.65557877,0.06224394,,,,
237835_at,0.65570997,0.02918825,,,,
231192_at,0.65574316,0.24032139,,,,
237962_x_at,0.65576188,-0.01872431,,,,
219976_at,0.65579035,0.17178911,,,,
214039_s_at,0.65581649,0.12060769,,,,
217164_at,0.65581912,0.12141177,,,,
1563495_at,0.65584602,-0.02719208,,,,
223734_at,0.65588901,0.17509507,,,,
228983_at,0.65591048,-0.04828979,,,,
221454_at,0.65598551,-0.02815486,,,,
202022_at,0.65598919,-0.12450661,,,,
1559190_s_at,0.65603823,-0.08453704,,,,
221000_s_at,0.65604568,-0.07321187,,,,
238533_at,0.6560486,0.16869443,,,,
211040_x_at,0.65608217,0.06215345,,,,
219981_x_at,0.65608782,0.07273959,,,,
222396_at,0.65609649,0.10042921,,,,
1564400_at,0.65612407,0.02824127,,,,
224037_at,0.65616329,-0.10612885,,,,
212097_at,0.65617249,0.18357865,,,,
206743_s_at,0.65621051,0.28901015,,,,
207531_at,0.65622828,0.03062348,,,,
219625_s_at,0.65625674,-0.06299003,,,,
222077_s_at,0.65625813,0.09835412,,,,
239383_at,0.65625857,0.06765428,,,,
240825_at,0.65629019,-0.03249643,,,,
225317_at,0.65629094,0.06435196,,,,
242668_x_at,0.65629339,-0.03525504,,,,
230146_s_at,0.65633311,0.10137498,,,,
237926_s_at,0.65635931,-0.02172551,,,,
227119_at,0.65645568,-0.06692897,,,,
218245_at,0.65647595,-0.08706296,,,,
1566571_at,0.65649596,-0.03964192,,,,
209284_s_at,0.65651799,-0.06373763,,,,
219409_at,0.65652354,0.0528844,,,,
1554844_at,0.65662283,0.02139441,,,,
209298_s_at,0.65664714,0.10138166,,,,
227932_at,0.65664962,-0.06094554,,,,
218086_at,0.65666359,-0.13291726,,,,
211750_x_at,0.65667095,-0.05247838,,,,
232910_at,0.65667614,-0.0331744,,,,
228623_at,0.65668648,-0.10793658,,,,
225142_at,0.6567039,-0.12317701,,,,
229010_at,0.65672149,-0.0870514,,,,
206466_at,0.65672524,-0.02343348,,,,
220489_s_at,0.65672878,0.03636271,,,,
235618_at,0.65674493,0.05540544,,,,
1559372_at,0.65680969,-0.02564189,,,,
238545_at,0.65681551,-0.07179285,,,,
232996_at,0.65682123,0.02343556,,,,
201326_at,0.65685374,0.06787618,,,,
209069_s_at,0.65689046,0.06003556,,,,
236278_at,0.65690441,0.15627136,,,,
224934_at,0.65691419,0.0479911,,,,
217511_at,0.65693614,-0.07212702,,,,
203737_s_at,0.65693853,0.07394799,,,,
213894_at,0.65693854,0.13362245,,,,
219283_at,0.65694667,0.07322075,,,,
207107_at,0.65696202,0.02385542,,,,
1561025_at,0.6569696,0.02169591,,,,
206345_s_at,0.65698682,0.43104556,,,,
231792_at,0.65700446,0.04140117,,,,
237362_at,0.65704501,-0.03380117,,,,
213402_at,0.65707759,-0.05672851,,,,
214419_s_at,0.65710337,0.17527005,,,,
203636_at,0.65710599,0.14179477,,,,
210087_s_at,0.65713271,0.10415903,,,,
221049_s_at,0.65716058,0.04993892,,,,
215981_at,0.65717351,-0.02112648,,,,
229728_at,0.65718133,0.04554968,,,,
229959_at,0.65720672,-0.03437058,,,,
220777_at,0.65721951,0.06865882,,,,
232596_at,0.65728398,0.10061989,,,,
237761_at,0.65729593,-0.02656399,,,,
1553138_a_at,0.65730299,-0.03880343,,,,
222468_at,0.65731594,0.07432099,,,,
230153_at,0.65733329,-0.02846087,,,,
218078_s_at,0.65739965,-0.06673279,,,,
1563335_at,0.6574103,-0.02686201,,,,
235202_x_at,0.65744056,0.10711239,,,,
212608_s_at,0.65746228,-0.06724901,,,,
217263_x_at,0.65746637,-0.02665857,,,,
1552828_at,0.6575188,0.04051026,,,,
226128_at,0.65753829,-0.06024357,,,,
1555403_a_at,0.65755616,0.14462321,,,,
1560147_at,0.65756592,0.04167527,,,,
217012_at,0.65757123,-0.01948185,,,,
213283_s_at,0.65757327,0.10935359,,,,
219271_at,0.65759156,-0.17097167,,,,
224780_at,0.65761616,0.07464192,,,,
228341_at,0.65761816,0.08489595,,,,
207266_x_at,0.657621,0.10529466,,,,
244145_at,0.6576347,-0.05794319,,,,
1560460_at,0.65764653,-0.02188693,,,,
203585_at,0.65765599,-0.14278119,,,,
238919_at,0.65765679,0.11557593,,,,
211839_s_at,0.65769559,-0.03183999,,,,
242307_at,0.65769698,-0.04622097,,,,
216887_s_at,0.65771477,0.15428361,,,,
207024_at,0.65776846,-0.03459992,,,,
1557192_at,0.65778064,0.06242124,,,,
227576_at,0.65778211,-0.10124555,,,,
236896_at,0.65780704,-0.0650237,,,,
233857_s_at,0.65787525,-0.12731033,,,,
1555436_a_at,0.6579817,-0.1045852,,,,
212934_at,0.65800384,0.0649555,,,,
1553213_a_at,0.65801946,0.0802788,,,,
235330_at,0.65802692,-0.05891428,,,,
220530_at,0.65804193,-0.01952778,,,,
242536_at,0.65805965,0.09457581,,,,
237197_at,0.65806557,-0.0531586,,,,
1570046_at,0.65807503,0.01924565,,,,
200604_s_at,0.65808136,-0.10572213,,,,
200718_s_at,0.65809505,0.02957178,,,,
235204_at,0.6581078,0.06905322,,,,
208922_s_at,0.65813703,-0.05634505,,,,
203185_at,0.65813827,-0.14008313,,,,
218402_s_at,0.65816944,-0.05761283,,,,
227026_at,0.65817426,0.05197937,,,,
209620_s_at,0.65817986,-0.05402861,,,,
205803_s_at,0.65820384,0.17510392,,,,
201357_s_at,0.65823283,-0.06780067,,,,
239651_at,0.65823459,0.07537247,,,,
219190_s_at,0.65823735,-0.06145361,,,,
1567377_at,0.65824234,0.02411531,,,,
1558496_at,0.65824746,-0.02066774,,,,
239067_s_at,0.65825161,-0.08502048,,,,
207533_at,0.6582972,-0.03073134,,,,
202822_at,0.65833459,0.07802758,,,,
208497_x_at,0.65836559,-0.02293786,,,,
223159_s_at,0.65838442,-0.09795916,,,,
238381_x_at,0.6584158,0.04847956,,,,
1553216_at,0.65843326,-0.0426558,,,,
233427_x_at,0.6584406,0.0391099,,,,
230681_at,0.65850547,-0.03857747,,,,
1559583_at,0.65858438,-0.0298635,,,,
210672_s_at,0.65862127,0.06171022,,,,
241886_x_at,0.65863334,0.02512866,,,,
222130_s_at,0.65865199,-0.04469715,,,,
1556739_at,0.6586567,-0.02584914,,,,
220800_s_at,0.65867608,-0.11556291,,,,
229055_at,0.65868824,-0.11840542,,,,
230195_at,0.65874419,-0.20368038,,,,
217767_at,0.65878132,0.24080194,,,,
211591_s_at,0.65880776,-0.02760074,,,,
233462_at,0.65881991,0.02858265,,,,
1570190_at,0.65882284,0.02651785,,,,
207505_at,0.65884979,0.04985633,,,,
232136_s_at,0.65887235,-0.15506975,,,,
1555661_at,0.65889468,-0.02890062,,,,
1561529_at,0.65889883,-0.01990366,,,,
210854_x_at,0.65891229,-0.13354643,,,,
207612_at,0.65891578,-0.03192148,,,,
1560509_at,0.65895076,0.04562702,,,,
204277_s_at,0.65896993,-0.06202816,,,,
204742_s_at,0.65901264,0.09388604,,,,
222383_s_at,0.65903785,-0.04969796,,,,
236429_at,0.65904292,0.1580491,,,,
214380_at,0.65904682,-0.02988695,,,,
210730_s_at,0.65906459,-0.02590267,,,,
208759_at,0.65907902,-0.06762389,,,,
201639_s_at,0.65909312,-0.07534722,,,,
235402_at,0.65911235,0.03965966,,,,
225107_at,0.65912552,-0.15356273,,,,
1563704_at,0.65914899,0.01810167,,,,
216599_x_at,0.65919251,0.03486701,,,,
1554918_a_at,0.65921024,0.15759934,,,,
1564635_a_at,0.65922611,0.04534698,,,,
203342_at,0.65931818,-0.05983722,,,,
202580_x_at,0.65933989,0.1393329,,,,
238518_x_at,0.65940512,0.15408547,,,,
1552878_at,0.65940896,-0.02338039,,,,
219774_at,0.65944807,-0.05461024,,,,
237690_at,0.65945466,0.18098923,,,,
214045_at,0.65948654,0.0675537,,,,
202516_s_at,0.65948863,0.09468962,,,,
1558791_at,0.65949155,0.03990619,,,,
1560087_a_at,0.65953339,0.02323055,,,,
219193_at,0.65958842,0.08050015,,,,
1556787_s_at,0.6595941,-0.02449103,,,,
240524_x_at,0.65959678,0.02698253,,,,
226333_at,0.65959948,-0.14769042,,,,
1556602_at,0.65960877,0.07626671,,,,
212639_x_at,0.65962626,-0.04738539,,,,
202468_s_at,0.65963145,0.09996244,,,,
241330_x_at,0.65964466,0.02873319,,,,
242898_at,0.6596548,0.05494325,,,,
218355_at,0.65965482,-0.12284299,,,,
1555688_s_at,0.6597167,0.03508654,,,,
208407_s_at,0.65973257,-0.08687827,,,,
1564240_at,0.65973529,0.04799877,,,,
216898_s_at,0.6597354,-0.02960602,,,,
235195_at,0.65975926,0.09794383,,,,
203007_x_at,0.65975958,-0.08714881,,,,
1557346_a_at,0.65976596,0.03064998,,,,
225435_at,0.65976748,0.07092684,,,,
239684_at,0.65977039,0.02381418,,,,
1560118_at,0.65977337,0.02816702,,,,
223579_s_at,0.6597775,0.22666425,,,,
226938_at,0.65978818,0.07056632,,,,
201223_s_at,0.65980395,0.05661352,,,,
1569551_at,0.65982704,0.03613131,,,,
1567238_at,0.65984018,-0.02544019,,,,
238957_at,0.65984714,-0.01995703,,,,
1553697_at,0.65985228,-0.0576885,,,,
234676_s_at,0.65985688,-0.03435295,,,,
217136_at,0.65985969,-0.02037266,,,,
228199_at,0.65987432,0.07124477,,,,
238915_at,0.65988147,-0.06257069,,,,
1554665_at,0.65991746,0.03899199,,,,
235517_at,0.65993992,0.04589868,,,,
211359_s_at,0.65994789,-0.03062997,,,,
215234_at,0.65997119,-0.03653027,,,,
230887_at,0.66000906,0.05844861,,,,
230176_at,0.66001899,0.06210731,,,,
241258_at,0.66001908,-0.02358214,,,,
224344_at,0.66002529,-0.03014402,,,,
222032_s_at,0.6600262,-0.05096641,,,,
228349_at,0.66007463,0.09871145,,,,
234336_s_at,0.66008233,-0.02405039,,,,
223877_at,0.6600888,0.10740212,,,,
1566987_s_at,0.66012155,0.05757202,,,,
212238_at,0.66012929,-0.05833122,,,,
243651_at,0.66013794,0.03149888,,,,
202700_s_at,0.6601401,-0.07579187,,,,
203295_s_at,0.66014016,0.06693981,,,,
201160_s_at,0.66015763,0.09082146,,,,
203401_at,0.66017244,-0.09252526,,,,
232154_at,0.66017566,0.07441371,,,,
235763_at,0.66018407,-0.23020059,,,,
1559759_at,0.66019204,-0.02964695,,,,
218549_s_at,0.66024834,0.0809153,,,,
228226_s_at,0.66033728,-0.05889007,,,,
207979_s_at,0.66036189,-0.07955553,,,,
241845_at,0.66036324,-0.0562157,,,,
221393_at,0.66037802,-0.03023405,,,,
229450_at,0.66037883,-0.16397434,,,,
220342_x_at,0.66039434,0.10049839,,,,
227521_at,0.66042603,0.05153345,,,,
225792_at,0.66044111,0.2138169,,,,
214192_at,0.66044963,-0.03085938,,,,
242790_at,0.66048134,0.05408976,,,,
1564475_s_at,0.66048155,-0.06922592,,,,
205899_at,0.66051099,0.15219074,,,,
238882_at,0.66052102,0.04195634,,,,
240547_at,0.66059022,0.02665835,,,,
229722_at,0.66059261,0.04487452,,,,
35626_at,0.66060329,0.07516025,,,,
214724_at,0.66060744,0.0989971,,,,
207381_at,0.66061449,0.09842245,,,,
239891_x_at,0.66067843,0.0820602,,,,
212597_s_at,0.66072735,0.0662427,,,,
214621_at,0.66072844,0.35360057,,,,
218516_s_at,0.66072925,-0.06948441,,,,
201689_s_at,0.66076965,-0.18374122,,,,
240217_s_at,0.66078886,-0.03257403,,,,
206551_x_at,0.66081084,0.05913057,,,,
218927_s_at,0.66081317,0.07586095,,,,
238776_x_at,0.66082411,-0.02791895,,,,
1562566_at,0.66083186,-0.02158867,,,,
223261_at,0.66083918,0.06288098,,,,
209017_s_at,0.66084233,0.05812238,,,,
239559_at,0.66087515,-0.04427217,,,,
218396_at,0.66089191,-0.08405293,,,,
204163_at,0.66092707,-0.10639595,,,,
1553347_s_at,0.66094269,-0.03283985,,,,
231234_at,0.6609826,-0.11431395,,,,
210587_at,0.66103993,0.33335673,,,,
215932_at,0.66105152,-0.02906234,,,,
214441_at,0.66108764,0.06049828,,,,
226606_s_at,0.66109086,-0.09805249,,,,
205196_s_at,0.66119696,-0.09044416,,,,
215465_at,0.66121074,0.19973146,,,,
239581_at,0.66121091,-0.0506855,,,,
1552975_x_at,0.66127504,0.02091847,,,,
235138_at,0.66128637,0.12314506,,,,
210088_x_at,0.66129772,0.03652754,,,,
1557194_a_at,0.66130991,-0.02727603,,,,
202403_s_at,0.66131212,0.14104295,,,,
1560724_at,0.66137057,0.04125174,,,,
238107_at,0.66138126,-0.04568319,,,,
213067_at,0.66146427,0.1390176,,,,
216886_at,0.66147058,0.03577285,,,,
208824_x_at,0.66147514,-0.08832725,,,,
212787_at,0.66155914,-0.05053991,,,,
241162_at,0.66158089,0.02056837,,,,
212643_at,0.66160048,0.04761163,,,,
243231_at,0.66160413,-0.12089178,,,,
206949_s_at,0.66167131,0.07807581,,,,
221692_s_at,0.66173572,0.05672876,,,,
1560960_at,0.66173779,0.02836537,,,,
207634_at,0.66174675,0.03828726,,,,
1562607_at,0.66176916,-0.02074421,,,,
1555078_at,0.6617857,-0.03096664,,,,
235617_x_at,0.66178832,0.12154405,,,,
214748_at,0.66191755,0.06856921,,,,
236747_at,0.66192226,-0.02580355,,,,
237671_at,0.66195203,0.0316568,,,,
231929_at,0.66197002,0.14921322,,,,
239735_at,0.6619867,0.05998647,,,,
216165_at,0.66202591,-0.02697195,,,,
213476_x_at,0.66202862,-0.07297986,,,,
228561_at,0.66202882,0.06861359,,,,
220090_at,0.66205262,-0.03716824,,,,
218498_s_at,0.66206989,-0.14295059,,,,
230866_at,0.66208333,-0.12194732,,,,
1569942_at,0.66210149,0.02046038,,,,
223629_at,0.66214161,0.21641909,,,,
1557714_at,0.6621474,-0.02752405,,,,
1562740_at,0.66215186,0.02652675,,,,
212809_at,0.66216009,-0.06528192,,,,
241791_at,0.66216206,0.07790771,,,,
233168_s_at,0.66217455,0.07357983,,,,
214396_s_at,0.66219554,-0.0291222,,,,
200880_at,0.66219978,0.06162173,,,,
203513_at,0.66225635,0.05219921,,,,
228890_at,0.66227823,0.11234113,,,,
221039_s_at,0.6622803,-0.10479599,,,,
213726_x_at,0.66228851,-0.06553399,,,,
227327_at,0.66234486,-0.0524184,,,,
233934_at,0.66238431,0.0959417,,,,
225590_at,0.66238851,-0.06823649,,,,
207655_s_at,0.66239803,0.13356257,,,,
215381_at,0.66242666,-0.03230414,,,,
232232_s_at,0.66244345,-0.05149135,,,,
1566748_at,0.6624479,-0.02330535,,,,
221492_s_at,0.66245747,0.05070116,,,,
201054_at,0.66249399,0.06176203,,,,
221250_s_at,0.66250711,-0.0505935,,,,
1555640_at,0.66251142,0.02133258,,,,
202715_at,0.66254534,0.07411651,,,,
204733_at,0.66255426,-0.2162114,,,,
1561990_at,0.66255431,-0.02772519,,,,
211224_s_at,0.66259454,0.11054397,,,,
213944_x_at,0.66260499,-0.04479164,,,,
1566165_at,0.66261737,-0.02544861,,,,
221435_x_at,0.66263032,0.06978075,,,,
241952_at,0.66268129,-0.03246094,,,,
1559434_at,0.66272737,0.02588826,,,,
1570123_at,0.66277893,-0.01884108,,,,
207980_s_at,0.6627925,-0.13398197,,,,
229549_at,0.66281339,0.08710934,,,,
237585_at,0.66281522,-0.06945101,,,,
244890_at,0.66284098,-0.03748937,,,,
230115_at,0.662869,0.06710929,,,,
234654_at,0.6628827,0.04493927,,,,
210205_at,0.66289415,-0.06444233,,,,
210158_at,0.66290632,0.03299836,,,,
1566265_at,0.6629172,-0.02543921,,,,
234885_at,0.66292166,0.03628343,,,,
1570394_at,0.66293243,-0.03873229,,,,
225721_at,0.66298306,0.12716275,,,,
202982_s_at,0.66299216,0.1194343,,,,
226467_at,0.66299691,-0.06014533,,,,
212474_at,0.66299792,-0.08531178,,,,
1563132_at,0.66300522,0.03277392,,,,
226892_at,0.6630087,-0.05293841,,,,
242742_at,0.66302892,0.03843129,,,,
212273_x_at,0.6630557,0.06055961,,,,
201175_at,0.66308635,0.04827362,,,,
231841_s_at,0.66309921,-0.15199812,,,,
239630_at,0.66310191,0.10879161,,,,
241705_at,0.66315843,-0.10026867,,,,
242293_at,0.66316169,0.05221418,,,,
234549_at,0.66321659,-0.02359498,,,,
230865_at,0.6632167,0.09614359,,,,
217461_x_at,0.66321913,-0.0417854,,,,
1569264_at,0.66324577,-0.04342961,,,,
201787_at,0.6633301,-0.18572785,,,,
232837_at,0.6633346,-0.06911111,,,,
215350_at,0.6633605,-0.02702641,,,,
210292_s_at,0.66336095,0.09418489,,,,
1557246_at,0.66336543,0.06119748,,,,
220139_at,0.66337758,-0.07964844,,,,
207501_s_at,0.66342192,0.06188814,,,,
232017_at,0.6634676,-0.09068604,,,,
225912_at,0.66347225,-0.11530596,,,,
203446_s_at,0.66350609,-0.06965278,,,,
228013_at,0.66353224,0.07632023,,,,
208963_x_at,0.66353465,0.11333723,,,,
206787_at,0.66355938,0.05482385,,,,
236377_at,0.66359935,-0.05159627,,,,
215928_at,0.66360465,0.04299376,,,,
211518_s_at,0.66365699,-0.15221756,,,,
228939_at,0.66365969,-0.03105483,,,,
1560609_at,0.66367391,-0.02350566,,,,
1564909_at,0.66369906,-0.01661256,,,,
236509_at,0.66371054,-0.04774676,,,,
244174_at,0.66371934,-0.0429899,,,,
1552947_x_at,0.66372421,-0.16107536,,,,
212604_at,0.66374576,0.07522824,,,,
233290_at,0.66375289,-0.04264686,,,,
232518_at,0.66376528,-0.03145513,,,,
213401_s_at,0.66378364,0.08208214,,,,
1563407_x_at,0.66379322,0.02571835,,,,
231879_at,0.66379833,-0.19255822,,,,
240698_s_at,0.6638251,-0.02876895,,,,
216467_s_at,0.66384763,-0.03818488,,,,
232756_at,0.66388365,-0.03086335,,,,
211112_at,0.66388501,-0.03639445,,,,
241483_at,0.6639162,0.02369472,,,,
207914_x_at,0.66393083,-0.03997149,,,,
223883_s_at,0.66394549,-0.14860138,,,,
202107_s_at,0.66395748,0.12719854,,,,
226392_at,0.66397425,0.07493728,,,,
201157_s_at,0.66398628,0.06522393,,,,
229494_s_at,0.6640377,-0.05373996,,,,
231531_at,0.66405766,-0.03287938,,,,
205582_s_at,0.66407653,-0.07435256,,,,
1561615_s_at,0.66410697,-0.12498623,,,,
1557459_at,0.66410923,0.06215403,,,,
1559101_at,0.66413353,-0.04489705,,,,
223664_x_at,0.66416193,-0.05856119,,,,
1565111_x_at,0.66416468,0.01999974,,,,
220520_s_at,0.66418154,-0.15766036,,,,
207574_s_at,0.6642445,-0.09697882,,,,
204206_at,0.66428855,-0.0451339,,,,
1569430_at,0.66429029,-0.02635687,,,,
223278_at,0.66429368,0.27979331,,,,
209763_at,0.66430627,0.2726587,,,,
1569257_at,0.66433171,-0.02621852,,,,
217301_x_at,0.66433427,-0.06959343,,,,
227215_at,0.66437473,0.06349117,,,,
1569250_at,0.66438431,-0.0293049,,,,
213699_s_at,0.66440724,0.04575211,,,,
213520_at,0.66443216,-0.06926024,,,,
240039_at,0.66445344,-0.03402302,,,,
225211_at,0.6645247,0.05584015,,,,
1562474_at,0.66456156,-0.08926381,,,,
214336_s_at,0.664565,0.09834635,,,,
1569346_a_at,0.66458945,-0.03665128,,,,
234909_at,0.66459131,0.03713623,,,,
215991_s_at,0.66462422,-0.07417353,,,,
226893_at,0.6646334,0.07215632,,,,
222950_at,0.66464382,-0.02568833,,,,
228694_at,0.66466274,0.06174962,,,,
1568627_at,0.66467966,-0.07296731,,,,
234635_at,0.66470058,-0.11115478,,,,
210953_at,0.66470349,-0.0240675,,,,
208443_x_at,0.66472169,-0.15195049,,,,
1552625_a_at,0.6647229,0.0716987,,,,
1562669_at,0.66472937,0.02818744,,,,
202395_at,0.66474946,0.0553687,,,,
227108_at,0.66477319,-0.07173498,,,,
213617_s_at,0.66481717,-0.08398865,,,,
223122_s_at,0.6648229,0.41865042,,,,
220394_at,0.66482801,0.06034613,,,,
233127_at,0.66485279,-0.02715561,,,,
209085_x_at,0.66485647,0.04711945,,,,
213526_s_at,0.66489249,0.06240698,,,,
225030_at,0.66489439,-0.0590784,,,,
231503_at,0.6649147,0.04544165,,,,
1557698_at,0.6649481,-0.02775239,,,,
221549_at,0.66495476,-0.0437475,,,,
233063_s_at,0.66497246,0.06833494,,,,
1566419_at,0.66499598,-0.0204226,,,,
211205_x_at,0.6650769,-0.10605927,,,,
232688_at,0.665091,-0.0266628,,,,
227306_at,0.66510486,-0.13169435,,,,
221710_x_at,0.66511125,0.10018048,,,,
215406_at,0.6652231,-0.02355032,,,,
220494_s_at,0.66522767,-0.06828547,,,,
243435_at,0.66525658,0.06881871,,,,
213430_at,0.66528249,0.06299775,,,,
226301_at,0.66529598,0.12672181,,,,
241356_at,0.66538474,0.10244154,,,,
1566860_at,0.66540211,-0.01933032,,,,
241914_s_at,0.66541156,0.36487085,,,,
1569740_at,0.66543347,-0.02167288,,,,
243117_at,0.66548122,-0.03993058,,,,
224796_at,0.66558041,-0.0936914,,,,
1564628_at,0.66558116,-0.01963832,,,,
242836_at,0.66558291,0.05538562,,,,
1561754_at,0.66561334,-0.08147859,,,,
219332_at,0.6656139,-0.10409387,,,,
244424_at,0.66566302,-0.06298106,,,,
1569577_x_at,0.66568282,0.10658313,,,,
239381_at,0.66569766,-0.23583627,,,,
233547_x_at,0.66572005,-0.1365315,,,,
225713_at,0.66573936,0.05077755,,,,
207518_at,0.665794,-0.02645512,,,,
226170_at,0.66582695,-0.04730235,,,,
223104_at,0.66582984,0.05340439,,,,
233778_at,0.66586935,0.02298546,,,,
210189_at,0.66587879,-0.05753291,,,,
213332_at,0.6659387,-0.08743451,,,,
230879_at,0.66595401,0.05634004,,,,
234422_at,0.66596224,-0.03894371,,,,
244817_at,0.66596446,0.01896873,,,,
220703_at,0.66604638,-0.08771609,,,,
223639_s_at,0.66605692,0.05402377,,,,
1564128_at,0.66606187,-0.01635812,,,,
234649_at,0.66609538,0.05571954,,,,
211978_x_at,0.66613751,0.03015555,,,,
231202_at,0.66614529,0.17561082,,,,
239973_at,0.66619371,0.14476434,,,,
227375_at,0.66619506,-0.07181088,,,,
244270_at,0.66620967,0.01762755,,,,
238601_at,0.6662466,0.08145946,,,,
217882_at,0.66624799,-0.05367072,,,,
241693_at,0.66631609,0.06734592,,,,
236487_at,0.66632832,0.09180627,,,,
1567859_at,0.66637462,-0.02378114,,,,
230279_at,0.66641052,-0.06372639,,,,
211575_s_at,0.66642337,0.04899849,,,,
1560047_s_at,0.66643009,0.0348459,,,,
1552998_at,0.66643462,-0.02264255,,,,
209403_at,0.66645138,-0.1063803,,,,
228907_at,0.66647135,-0.06554969,,,,
221095_s_at,0.66653527,-0.04574787,,,,
217208_s_at,0.66654376,0.10157063,,,,
205106_at,0.66658454,0.04856862,,,,
1568780_at,0.66658807,-0.08875103,,,,
217417_at,0.6666167,-0.02042111,,,,
236866_at,0.6666212,-0.03178842,,,,
1557047_at,0.66663463,-0.03890844,,,,
234459_at,0.66663536,0.03268479,,,,
202110_at,0.6666359,-0.05291716,,,,
227301_at,0.66663882,0.08698299,,,,
204639_at,0.66667823,0.11653587,,,,
222152_at,0.66670648,-0.07158516,,,,
232362_at,0.66671637,0.05718122,,,,
226613_at,0.6667261,0.09927706,,,,
217167_x_at,0.66673651,-0.09919373,,,,
239621_at,0.6667618,0.022688,,,,
205521_at,0.6667675,-0.0496915,,,,
1557161_at,0.66677495,-0.02150124,,,,
236435_at,0.66680469,0.06450562,,,,
201821_s_at,0.66682142,0.05856728,,,,
207344_at,0.66685785,-0.05658649,,,,
204270_at,0.66686946,-0.10169018,,,,
221593_s_at,0.66688042,-0.1118231,,,,
200781_s_at,0.66689968,0.0324366,,,,
200091_s_at,0.66692023,-0.0408986,,,,
204883_s_at,0.66693315,-0.05316514,,,,
212386_at,0.66694662,0.15271462,,,,
1556837_a_at,0.66694857,-0.03055786,,,,
217781_s_at,0.66697207,0.07904545,,,,
211929_at,0.66697343,0.07722469,,,,
1554394_at,0.66704839,-0.02755059,,,,
234922_s_at,0.66705515,0.0382646,,,,
232489_at,0.6670599,0.13296074,,,,
223015_at,0.66708452,0.053145,,,,
244212_at,0.66709269,0.03373221,,,,
1555994_at,0.66713799,0.02386766,,,,
236451_at,0.66714336,-0.12653594,,,,
240581_at,0.66715234,0.03673171,,,,
1557105_a_at,0.66716799,-0.03759879,,,,
206994_at,0.66717108,-0.06309725,,,,
227620_at,0.66720144,-0.10880318,,,,
244603_at,0.66720453,0.02412958,,,,
1563569_at,0.66723013,0.02185985,,,,
1552911_at,0.66723081,0.07743792,,,,
234656_x_at,0.66725732,-0.02117689,,,,
203976_s_at,0.66730479,-0.08022678,,,,
240004_at,0.66732145,-0.05110557,,,,
231233_at,0.66736725,0.12160765,,,,
232757_at,0.66737182,-0.03899381,,,,
209036_s_at,0.66739857,0.05697653,,,,
215375_x_at,0.66747804,-0.02855554,,,,
240266_at,0.66752347,0.02521767,,,,
211951_at,0.66753424,0.0565838,,,,
211775_x_at,0.66756371,0.02024254,,,,
1565927_s_at,0.66757071,0.02318023,,,,
240737_at,0.66757595,0.03429984,,,,
202661_at,0.66757648,0.11374137,,,,
223781_x_at,0.66760945,0.30804704,,,,
1555022_at,0.66763398,-0.03916575,,,,
240046_at,0.66763832,-0.02209229,,,,
1560426_at,0.66767028,0.02312597,,,,
226224_at,0.66767257,0.06833057,,,,
200699_at,0.66768777,0.05838357,,,,
204956_at,0.66769398,-0.10569263,,,,
220991_s_at,0.66769594,0.10599167,,,,
218368_s_at,0.66775021,0.11051806,,,,
239278_at,0.66775838,-0.12636113,,,,
232650_at,0.66776982,0.02836666,,,,
200893_at,0.66777106,0.03580706,,,,
201663_s_at,0.66780194,-0.09879096,,,,
220973_s_at,0.66781211,0.05172463,,,,
203813_s_at,0.66783032,0.15494642,,,,
224070_at,0.66784542,-0.04277156,,,,
214074_s_at,0.66785068,-0.10597246,,,,
220955_x_at,0.66786457,0.09554277,,,,
204263_s_at,0.66791332,0.09297279,,,,
231103_at,0.66791584,-0.0308388,,,,
225225_at,0.6679284,-0.0638634,,,,
206349_at,0.66795404,0.12244908,,,,
1569377_at,0.66796713,-0.0471426,,,,
244370_at,0.66797823,-0.16243602,,,,
224434_s_at,0.66798002,0.05152772,,,,
224571_at,0.66799401,-0.06765415,,,,
236258_at,0.66799543,0.04717198,,,,
205299_s_at,0.66800229,0.06133369,,,,
234780_at,0.66800853,-0.03857566,,,,
228076_s_at,0.66803568,-0.02964224,,,,
233375_at,0.66805645,0.12537045,,,,
217870_s_at,0.66807754,-0.05221127,,,,
214987_at,0.66809139,-0.06339179,,,,
217715_x_at,0.66810515,0.04734109,,,,
223220_s_at,0.66811987,0.11241456,,,,
215076_s_at,0.66815849,0.09618114,,,,
201771_at,0.66819397,0.06958055,,,,
209925_at,0.66822999,0.17021958,,,,
1560485_at,0.66826589,0.05519711,,,,
219236_at,0.66826817,0.05659606,,,,
239572_at,0.66828277,-0.13392355,,,,
216821_at,0.66831676,-0.04417858,,,,
203309_s_at,0.66834435,-0.0483811,,,,
44563_at,0.66834551,-0.03977991,,,,
224059_s_at,0.66834674,0.05277151,,,,
200716_x_at,0.66836457,-0.02973792,,,,
206638_at,0.6683811,-0.21328385,,,,
206212_at,0.66838879,0.04826796,,,,
213388_at,0.66838933,-0.08740422,,,,
212657_s_at,0.6683904,-0.21269131,,,,
213622_at,0.66841816,0.09836578,,,,
226524_at,0.66848046,0.05889552,,,,
201441_at,0.66848972,-0.05139362,,,,
212234_at,0.66849044,0.06226314,,,,
207856_s_at,0.66850772,0.06232703,,,,
242467_at,0.66852137,-0.09674232,,,,
223048_at,0.66852773,-0.05128858,,,,
35147_at,0.66853029,-0.09526473,,,,
AFFX-r2-Bs-dap-M_at,0.66856647,0.11817045,,,,
1555395_at,0.66857008,0.02870351,,,,
209747_at,0.66858725,-0.11454926,,,,
240834_at,0.66860009,-0.05217871,,,,
206930_at,0.66860538,0.22227644,,,,
1554491_a_at,0.66862968,0.42954009,,,,
231583_at,0.66863802,-0.02840477,,,,
230839_at,0.66864177,0.04184884,,,,
222233_s_at,0.66866408,0.08151412,,,,
222007_s_at,0.6686975,0.02365577,,,,
202193_at,0.66870221,0.11639699,,,,
1560265_at,0.66874304,-0.03661117,,,,
227688_at,0.66876877,0.1659675,,,,
214249_at,0.66879093,-0.03100927,,,,
213318_s_at,0.6688145,0.05723907,,,,
211855_s_at,0.66885579,-0.04996683,,,,
210442_at,0.66887814,-0.03688368,,,,
207119_at,0.66888437,0.08062378,,,,
203146_s_at,0.6689459,0.08708535,,,,
236222_at,0.66894695,-0.09621267,,,,
219535_at,0.66896664,0.02674224,,,,
233374_at,0.66896863,-0.02741216,,,,
212192_at,0.66898847,-0.14659383,,,,
205461_at,0.66901849,-0.0952372,,,,
239757_at,0.66907017,0.08702524,,,,
201650_at,0.66908537,0.29907063,,,,
203993_x_at,0.6690867,-0.02478995,,,,
206965_at,0.66917315,-0.03781235,,,,
222785_x_at,0.66918046,0.09625742,,,,
241812_at,0.66918815,0.07026763,,,,
222169_x_at,0.66919996,-0.03578644,,,,
1559363_at,0.66920025,0.14647992,,,,
1555591_at,0.66920834,0.02407197,,,,
238851_at,0.66921027,0.03587725,,,,
1566101_at,0.6692975,-0.02052451,,,,
215016_x_at,0.66930975,-0.09319761,,,,
232878_at,0.66931643,-0.04718921,,,,
233471_at,0.66932112,0.02977651,,,,
243972_at,0.66934169,-0.02909229,,,,
238193_at,0.66941264,0.02787207,,,,
225709_at,0.66945307,-0.04020524,,,,
214732_at,0.6694781,0.05389266,,,,
225141_at,0.66948056,0.04101337,,,,
221818_at,0.66948252,-0.04238886,,,,
208372_s_at,0.66950918,-0.03982589,,,,
202789_at,0.66953442,-0.06424509,,,,
203231_s_at,0.66959273,0.12926573,,,,
243192_at,0.66963674,-0.0458726,,,,
203173_s_at,0.66966592,0.09320706,,,,
217937_s_at,0.6697309,0.05823459,,,,
234929_s_at,0.66981756,0.05815635,,,,
238350_at,0.66988517,0.08494237,,,,
211958_at,0.66989028,0.1586249,,,,
209858_x_at,0.66991179,0.05696179,,,,
224522_s_at,0.66993923,0.06059346,,,,
205960_at,0.66996858,0.11929213,,,,
228670_at,0.66997951,-0.08581116,,,,
227590_at,0.66998828,0.03866563,,,,
244801_at,0.67002065,-0.05713944,,,,
215416_s_at,0.67005225,-0.07233204,,,,
216237_s_at,0.67007114,-0.10648842,,,,
207272_at,0.67008175,0.0186588,,,,
233997_at,0.67011028,-0.04157833,,,,
207312_at,0.67013532,0.04498345,,,,
1562996_at,0.6701484,0.02285056,,,,
242608_x_at,0.67016254,-0.05894998,,,,
1555935_s_at,0.67016339,-0.13715961,,,,
239333_x_at,0.6702274,-0.05032701,,,,
1569887_a_at,0.67026968,-0.02171838,,,,
203392_s_at,0.67030947,-0.05362155,,,,
233238_s_at,0.67033137,0.06776236,,,,
1558587_at,0.67034025,0.01945662,,,,
231817_at,0.67034922,-0.10100168,,,,
215359_x_at,0.6703515,0.04894868,,,,
207375_s_at,0.67038147,-0.10259621,,,,
229269_x_at,0.67040669,0.06105806,,,,
232390_at,0.67042109,-0.02004657,,,,
230618_s_at,0.67043639,0.08923078,,,,
220458_at,0.67043658,-0.04264739,,,,
214312_at,0.67045615,-0.02973282,,,,
210451_at,0.67051461,-0.11838339,,,,
207185_at,0.67051871,0.31777661,,,,
212951_at,0.67055007,-0.11483785,,,,
207294_at,0.67059148,-0.10971487,,,,
220944_at,0.67062077,-0.04899621,,,,
236386_at,0.67062086,-0.06312199,,,,
1559302_at,0.67071929,-0.02833652,,,,
204885_s_at,0.67075717,-0.29652146,,,,
238813_at,0.67076979,-0.06717838,,,,
232788_at,0.67078704,-0.04083984,,,,
1552973_at,0.67079665,0.03265583,,,,
1558139_at,0.67080443,0.07788515,,,,
1554714_at,0.67085189,-0.02632349,,,,
220167_s_at,0.67085352,0.06659816,,,,
219606_at,0.67087017,0.04377721,,,,
216829_at,0.67093379,-0.1166877,,,,
1567519_at,0.67093854,-0.02798758,,,,
226017_at,0.67094306,-0.11027461,,,,
242765_at,0.67097919,-0.03753436,,,,
228569_at,0.67099143,0.07835589,,,,
210354_at,0.67101714,0.08732796,,,,
239112_at,0.67106369,-0.03093063,,,,
1565834_a_at,0.67106375,0.06749522,,,,
227245_at,0.67112584,0.06311655,,,,
218883_s_at,0.67113092,0.1502462,,,,
1558571_at,0.67114168,-0.01668671,,,,
225228_at,0.67116356,-0.0830855,,,,
208619_at,0.67117067,0.04115036,,,,
1556294_at,0.67119376,0.03786302,,,,
AFFX-ThrX-M_at,0.67120844,0.13898836,,,,
219035_s_at,0.67121184,0.05907043,,,,
205815_at,0.67122406,-0.22246273,,,,
230099_at,0.67126093,0.09291309,,,,
202030_at,0.67127145,-0.06236126,,,,
216857_at,0.67131584,-0.02847652,,,,
200040_at,0.6713242,-0.04165028,,,,
1565976_at,0.67132912,0.02010378,,,,
240166_x_at,0.67133269,0.04098402,,,,
231386_at,0.67133307,-0.06703349,,,,
213696_s_at,0.67139358,0.05848923,,,,
1568986_x_at,0.67145519,-0.04033072,,,,
204946_s_at,0.67146339,0.04393252,,,,
242181_at,0.67148237,-0.13301901,,,,
1557599_a_at,0.67154343,0.02278022,,,,
1553185_at,0.67156765,0.13483374,,,,
207944_at,0.671579,-0.02331552,,,,
235862_at,0.67158284,-0.03141093,,,,
221889_at,0.67158889,-0.0624051,,,,
218820_at,0.6716026,0.15197253,,,,
232291_at,0.67160543,-0.11715748,,,,
1553882_at,0.67163062,0.05509887,,,,
237096_at,0.67167666,0.03583624,,,,
236889_at,0.67167816,-0.0573618,,,,
200778_s_at,0.67172099,-0.06851614,,,,
208728_s_at,0.67173887,-0.04634704,,,,
1559340_at,0.67175228,-0.02458485,,,,
241274_at,0.67176157,-0.02604091,,,,
215799_at,0.67176746,0.03290187,,,,
208101_s_at,0.67177784,-0.0511213,,,,
240344_x_at,0.67178921,-0.06704207,,,,
1569525_s_at,0.67180753,-0.02003007,,,,
220939_s_at,0.67187761,-0.05133365,,,,
208990_s_at,0.67193444,0.05685233,,,,
226430_at,0.67193591,0.09278693,,,,
210171_s_at,0.67195177,0.02832097,,,,
212748_at,0.67197398,0.05268402,,,,
240383_at,0.67200961,0.09380394,,,,
206216_at,0.67204328,-0.07069924,,,,
238741_at,0.67211887,-0.18118959,,,,
241390_at,0.67214513,0.12486293,,,,
212460_at,0.67218089,-0.0691889,,,,
204822_at,0.67219536,0.15875441,,,,
234027_at,0.67220449,0.02991005,,,,
220758_s_at,0.67225121,0.03336493,,,,
234536_at,0.67225398,0.03936206,,,,
220229_s_at,0.67229449,0.0284017,,,,
222149_x_at,0.67232361,-0.06255767,,,,
218476_at,0.67232685,0.05419459,,,,
1566485_at,0.67239273,-0.0167856,,,,
238277_at,0.67241372,0.03405285,,,,
212586_at,0.67241923,-0.08749701,,,,
231452_at,0.67245093,-0.04366831,,,,
235908_at,0.67245784,0.03173073,,,,
237442_at,0.67248288,-0.05315182,,,,
213182_x_at,0.672486,0.11059217,,,,
208460_at,0.67249666,0.10200215,,,,
203678_at,0.67250132,0.05301242,,,,
225347_at,0.67253718,0.04129442,,,,
242243_at,0.6725545,0.09271303,,,,
205336_at,0.67257243,0.11897802,,,,
235142_at,0.67257814,0.07835655,,,,
228794_at,0.67258077,0.22297603,,,,
220324_at,0.67263543,0.06866928,,,,
202914_s_at,0.672641,-0.05128411,,,,
225717_at,0.67264775,0.06971361,,,,
243987_at,0.67265062,-0.0666274,,,,
231537_at,0.67267844,-0.03143546,,,,
218063_s_at,0.67268575,-0.05086817,,,,
231936_at,0.67272829,-0.132637,,,,
238130_at,0.6727695,-0.04720017,,,,
219184_x_at,0.67279602,0.06363546,,,,
1561311_at,0.67282499,0.03087011,,,,
205823_at,0.67283247,-0.09254186,,,,
242270_at,0.67285381,-0.05198476,,,,
208639_x_at,0.6728639,0.05362181,,,,
218689_at,0.67293531,-0.07474459,,,,
213594_x_at,0.67293627,-0.05509466,,,,
238857_at,0.67299574,-0.02974044,,,,
240336_at,0.67299641,0.05790101,,,,
218800_at,0.67301043,0.10937096,,,,
1557215_at,0.67316236,0.11793026,,,,
233219_at,0.67317218,-0.08196556,,,,
216001_at,0.67320063,0.02731026,,,,
217871_s_at,0.67321523,-0.07790811,,,,
218916_at,0.67322997,0.05285884,,,,
235054_at,0.67323165,-0.06337717,,,,
214420_s_at,0.67323811,0.15901117,,,,
221709_s_at,0.67325872,0.03447252,,,,
1553399_a_at,0.67330066,0.03429624,,,,
1554933_at,0.67330666,-0.03122935,,,,
216091_s_at,0.67332819,-0.05702122,,,,
1556110_at,0.67335061,-0.06262532,,,,
227198_at,0.67335889,0.24774482,,,,
228184_at,0.67336946,0.0807222,,,,
226403_at,0.67338195,-0.17088088,,,,
205384_at,0.67338856,0.16152671,,,,
235192_at,0.67340329,-0.05982195,,,,
242966_x_at,0.67341314,0.05841479,,,,
228741_s_at,0.67342039,0.05101642,,,,
229702_at,0.6734734,-0.02515046,,,,
1553313_s_at,0.67352015,-0.08342357,,,,
212381_at,0.673528,-0.05144252,,,,
234663_at,0.67353155,-0.02376399,,,,
229468_at,0.67355262,0.07370116,,,,
1569847_at,0.67357701,0.03987773,,,,
212430_at,0.67359288,0.09987841,,,,
228608_at,0.67360216,-0.1501755,,,,
220011_at,0.67363003,0.09235491,,,,
218367_x_at,0.67363974,-0.08356825,,,,
236292_at,0.6736435,-0.05989577,,,,
233068_at,0.67365338,0.07562258,,,,
213784_at,0.67365538,-0.0429492,,,,
220553_s_at,0.67367087,0.07539194,,,,
221722_x_at,0.67369636,-0.02856378,,,,
1563265_at,0.6737202,0.03320588,,,,
237222_at,0.67372622,-0.03841448,,,,
228186_s_at,0.67373379,0.21113745,,,,
203407_at,0.67374866,0.14574887,,,,
209191_at,0.67381978,0.15348671,,,,
202507_s_at,0.67383387,0.06853971,,,,
200732_s_at,0.6738766,-0.08861779,,,,
202588_at,0.67387856,-0.04964057,,,,
204271_s_at,0.67388481,0.14178621,,,,
1564674_a_at,0.67389353,-0.0278372,,,,
213086_s_at,0.67393043,-0.05750554,,,,
209542_x_at,0.67394354,0.1623336,,,,
223949_at,0.67402807,-0.2243869,,,,
212983_at,0.67405288,-0.08345291,,,,
243482_at,0.67405339,-0.02847779,,,,
227670_at,0.67410562,0.09423219,,,,
202824_s_at,0.67410712,0.06318648,,,,
240052_at,0.67411479,-0.06115374,,,,
1559322_at,0.67413039,0.11426644,,,,
214585_s_at,0.67415705,-0.0434492,,,,
232142_at,0.67422201,-0.03099156,,,,
222730_s_at,0.67424007,-0.10790207,,,,
234438_at,0.67425607,0.02424588,,,,
211538_s_at,0.67426335,-0.16684516,,,,
229471_s_at,0.67428582,0.03290334,,,,
238424_at,0.67431636,0.04788512,,,,
201443_s_at,0.67433093,0.04624664,,,,
234797_at,0.67435259,-0.0323825,,,,
218998_at,0.67437758,0.05884563,,,,
243840_at,0.67439573,0.05289896,,,,
47571_at,0.67440774,0.04522893,,,,
215031_x_at,0.67446693,-0.05564288,,,,
237643_at,0.67446694,-0.03095282,,,,
230192_at,0.67447467,-0.08460059,,,,
1564559_at,0.67448252,0.02623509,,,,
202441_at,0.67451518,0.06311977,,,,
1556259_at,0.67452481,-0.02424572,,,,
236494_x_at,0.67459139,0.07145418,,,,
227684_at,0.67461465,0.04954237,,,,
231033_at,0.67469156,-0.19909559,,,,
1556560_a_at,0.67469823,0.0302141,,,,
217314_at,0.67474001,-0.02891357,,,,
228654_at,0.67475916,-0.09792085,,,,
206559_x_at,0.67476686,0.01509996,,,,
218188_s_at,0.67478097,-0.06073349,,,,
226234_at,0.67478212,0.09544298,,,,
204911_s_at,0.67481021,-0.0289872,,,,
232601_at,0.67484346,0.06105099,,,,
203641_s_at,0.67489547,0.11520589,,,,
1562009_a_at,0.6748985,0.03341313,,,,
1560230_at,0.67491727,0.0306335,,,,
238423_at,0.67493977,0.06897222,,,,
236389_x_at,0.67495665,0.13835208,,,,
1569005_at,0.67496166,0.02956076,,,,
1553171_x_at,0.67499695,0.09668252,,,,
224932_at,0.67500836,-0.1127029,,,,
201777_s_at,0.67501024,-0.06116314,,,,
211228_s_at,0.67502491,0.04443252,,,,
235812_at,0.67503695,-0.05736479,,,,
210634_at,0.67506562,0.02992823,,,,
1552396_at,0.6750946,-0.02851597,,,,
226066_at,0.67510275,-0.16055367,,,,
228285_at,0.67510932,0.17350305,,,,
205954_at,0.67514737,-0.02955996,,,,
1560588_at,0.67515505,-0.02603099,,,,
211551_at,0.67516345,-0.03315232,,,,
212704_at,0.67521287,0.07115761,,,,
208596_s_at,0.67522052,-0.30000071,,,,
228660_x_at,0.67527792,-0.06823562,,,,
205464_at,0.67528322,-0.14642512,,,,
1556388_a_at,0.67531197,0.25228218,,,,
217508_s_at,0.67532003,0.07438075,,,,
222251_s_at,0.67538472,0.05230919,,,,
235122_at,0.67539412,0.09270249,,,,
1552751_a_at,0.67539994,-0.03144081,,,,
219465_at,0.67543025,0.52749238,,,,
210990_s_at,0.67547412,0.07518339,,,,
208448_x_at,0.67550344,-0.02012194,,,,
1562080_at,0.67551948,-0.02288513,,,,
1554533_at,0.67552618,0.20556961,,,,
240535_at,0.67552968,-0.02991022,,,,
204422_s_at,0.67553073,0.15753692,,,,
1563863_x_at,0.6755616,-0.02070092,,,,
219098_at,0.67557068,0.03975403,,,,
33307_at,0.67557111,-0.0567351,,,,
232594_at,0.67558582,0.08000009,,,,
211431_s_at,0.67559677,0.06300972,,,,
232494_at,0.67561339,0.34569872,,,,
202281_at,0.67562085,-0.0403308,,,,
220496_at,0.67562268,0.22650495,,,,
217361_at,0.67563572,-0.03039741,,,,
224966_s_at,0.67566743,-0.06050127,,,,
214263_x_at,0.67567139,-0.03550377,,,,
1558486_at,0.67569559,0.09457676,,,,
221020_s_at,0.67569613,-0.06554489,,,,
217447_at,0.67570231,-0.02447231,,,,
206775_at,0.67572085,-0.03343316,,,,
213030_s_at,0.67572789,0.10892866,,,,
243296_at,0.67574052,0.11650791,,,,
1561195_at,0.67576273,0.09733119,,,,
224889_at,0.67578346,-0.07230102,,,,
224535_s_at,0.67579354,0.06794416,,,,
230995_at,0.67581235,0.06685152,,,,
222322_at,0.67584348,0.03759515,,,,
207096_at,0.67585734,0.34726857,,,,
228075_x_at,0.6758757,0.06828847,,,,
218811_at,0.67589728,0.05156157,,,,
211441_x_at,0.67593085,-0.11035891,,,,
203433_at,0.67594326,0.10620848,,,,
235256_s_at,0.67596107,-0.1358925,,,,
236503_at,0.67601001,0.08934164,,,,
200720_s_at,0.67601342,-0.07088774,,,,
212542_s_at,0.67602197,0.0776833,,,,
241409_at,0.67603543,-0.02608707,,,,
1559437_at,0.67611822,0.03350144,,,,
233588_x_at,0.67616225,0.04884599,,,,
201426_s_at,0.67621088,-0.10020068,,,,
203497_at,0.676223,0.05395138,,,,
204551_s_at,0.67622687,0.40177037,,,,
236031_x_at,0.67622843,-0.04692102,,,,
226338_at,0.67625454,-0.11689872,,,,
1563453_at,0.67626461,-0.02744768,,,,
203644_s_at,0.67627349,-0.05909078,,,,
211013_x_at,0.67628866,-0.05836136,,,,
217097_s_at,0.67628891,0.06650254,,,,
214284_s_at,0.67629884,0.09949381,,,,
214752_x_at,0.67631008,-0.08374697,,,,
1553711_a_at,0.67631144,0.03481046,,,,
221759_at,0.67631782,0.0573561,,,,
224187_x_at,0.67632831,0.032564,,,,
225190_x_at,0.67633846,0.04058241,,,,
228978_at,0.67635948,-0.04339842,,,,
200717_x_at,0.67637232,0.02638553,,,,
1555413_s_at,0.67638725,-0.02380784,,,,
214347_s_at,0.67639698,-0.11518906,,,,
1570105_at,0.67640517,-0.02092938,,,,
234519_at,0.67640808,-0.02804955,,,,
226729_at,0.67642032,0.05122373,,,,
211864_s_at,0.67642862,-0.14713396,,,,
213773_x_at,0.6764684,-0.05444754,,,,
1553823_a_at,0.67649565,0.01951575,,,,
1559136_s_at,0.67650292,-0.04437893,,,,
221969_at,0.67654454,-0.13908111,,,,
234722_x_at,0.67656311,-0.08509739,,,,
238536_at,0.67657536,-0.08982624,,,,
214233_at,0.67657904,-0.03470723,,,,
226277_at,0.67658099,-0.05763513,,,,
241548_at,0.67661162,0.0259637,,,,
204975_at,0.67661531,-0.12073316,,,,
217995_at,0.67661616,-0.11540888,,,,
205806_at,0.67662078,0.03946335,,,,
202954_at,0.67666002,-0.15139725,,,,
203758_at,0.67668089,0.10659389,,,,
214494_s_at,0.67671224,-0.05326872,,,,
210826_x_at,0.6767254,0.04093611,,,,
234343_s_at,0.67672774,-0.0690669,,,,
235887_at,0.67674043,-0.047243,,,,
213453_x_at,0.67674437,-0.05926497,,,,
231167_at,0.67676694,-0.03745629,,,,
222815_at,0.67681748,0.07058355,,,,
209439_s_at,0.67682176,0.07197062,,,,
219000_s_at,0.67683353,0.09987414,,,,
219806_s_at,0.67683862,-0.09617024,,,,
206843_at,0.67687259,-0.03189424,,,,
208354_s_at,0.67688254,-0.0273137,,,,
219554_at,0.67693399,0.14286629,,,,
1554510_s_at,0.67695988,-0.05730435,,,,
202026_at,0.67697322,0.05494906,,,,
231825_x_at,0.67697498,0.05653684,,,,
1558373_s_at,0.67699166,-0.02245587,,,,
209161_at,0.67701436,0.05539439,,,,
1559591_s_at,0.67702178,0.1161834,,,,
205283_at,0.67702618,-0.06855126,,,,
232802_at,0.67702731,0.07154142,,,,
244048_x_at,0.67703159,-0.01782173,,,,
232864_s_at,0.67708349,-0.05130426,,,,
217721_at,0.67710508,0.07015213,,,,
1559711_at,0.67711073,0.02016379,,,,
211093_at,0.67711994,0.0161719,,,,
238764_at,0.67713537,-0.0238075,,,,
242415_at,0.677136,-0.03428975,,,,
1559257_a_at,0.67713839,0.02713814,,,,
218634_at,0.67717674,-0.11461414,,,,
1554110_at,0.67719504,-0.07525766,,,,
1552347_at,0.67725252,0.06411798,,,,
232227_at,0.67726146,-0.04034616,,,,
216253_s_at,0.6772879,-0.06533361,,,,
240312_at,0.67732447,-0.09663728,,,,
216848_at,0.67733186,-0.03618226,,,,
201292_at,0.67736477,0.14249362,,,,
212550_at,0.67737007,-0.03752295,,,,
233057_at,0.67743939,-0.03520943,,,,
1564241_at,0.67744398,-0.10150994,,,,
241228_at,0.67744982,0.02282216,,,,
1566722_a_at,0.67749102,0.02992149,,,,
1565567_at,0.67751147,-0.06614134,,,,
209614_at,0.67754063,0.32002434,,,,
225667_s_at,0.67755386,-0.26682314,,,,
214736_s_at,0.67765476,0.05202786,,,,
217188_s_at,0.67765753,-0.10039188,,,,
221234_s_at,0.67770185,0.11411211,,,,
230927_at,0.67772093,0.09170661,,,,
1561895_at,0.67775622,0.02573209,,,,
233480_at,0.67777751,0.07847767,,,,
232407_at,0.67780121,-0.02862069,,,,
216969_s_at,0.67780534,-0.05857973,,,,
227233_at,0.67782331,-0.0878505,,,,
231107_at,0.67782605,0.03297875,,,,
238647_at,0.67783997,0.06466479,,,,
213826_s_at,0.67784113,0.08167043,,,,
1568907_at,0.67785418,0.04755661,,,,
236671_at,0.67788484,-0.03687836,,,,
216970_at,0.67791701,0.02177911,,,,
240902_at,0.67792667,-0.02517025,,,,
210947_s_at,0.6779601,0.05023275,,,,
1556895_a_at,0.67800963,-0.02941266,,,,
243386_at,0.67802412,-0.15440606,,,,
237911_at,0.67804651,-0.01859197,,,,
1570473_at,0.67806063,-0.01780258,,,,
207781_s_at,0.67807079,0.09476314,,,,
1553194_at,0.67814433,-0.08202851,,,,
1554261_at,0.6781879,-0.02889444,,,,
1556531_at,0.67819209,0.0199923,,,,
224870_at,0.67822643,-0.09736733,,,,
232820_s_at,0.67824741,0.02990406,,,,
208720_s_at,0.67825163,0.06266406,,,,
239711_at,0.67825282,0.05708294,,,,
1564746_at,0.67825691,0.08662132,,,,
1570243_at,0.67828533,-0.05280226,,,,
220365_at,0.67832816,-0.04503268,,,,
224423_x_at,0.67833555,-0.01868841,,,,
225474_at,0.67834619,0.09597838,,,,
214287_s_at,0.67835339,-0.0432235,,,,
200872_at,0.67836309,-0.10824703,,,,
240211_at,0.67841527,-0.05028258,,,,
1554190_s_at,0.67842255,0.13204409,,,,
219940_s_at,0.67844131,-0.06684977,,,,
1554692_at,0.67844504,-0.0191712,,,,
215144_at,0.67848001,0.02550943,,,,
227687_at,0.67849831,0.07885905,,,,
214208_at,0.67849925,-0.02972316,,,,
222932_at,0.67850209,-0.15693029,,,,
244452_at,0.67853584,0.04663554,,,,
201943_s_at,0.67854083,0.0886524,,,,
227461_at,0.67854866,0.16171706,,,,
210119_at,0.67855115,-0.19149479,,,,
223763_at,0.67856102,-0.03218215,,,,
202826_at,0.67856204,-0.19198366,,,,
224843_at,0.6785683,-0.05290586,,,,
241362_at,0.67858012,-0.04379494,,,,
243142_at,0.6785923,-0.01830927,,,,
200921_s_at,0.67868331,0.07389634,,,,
238673_at,0.67869887,-0.13643216,,,,
220576_at,0.67872131,0.12658275,,,,
201035_s_at,0.67873735,-0.07874783,,,,
214882_s_at,0.67876481,0.05182873,,,,
218407_x_at,0.67881498,0.06789047,,,,
224298_s_at,0.67884879,0.05829959,,,,
208606_s_at,0.6788626,-0.14007464,,,,
214998_at,0.6788798,-0.02297349,,,,
1553546_at,0.67891772,-0.01986365,,,,
211302_s_at,0.6789252,0.13018361,,,,
227335_at,0.67892552,0.0568705,,,,
205698_s_at,0.6789385,-0.12607122,,,,
1553031_at,0.6790164,-0.12558677,,,,
206789_s_at,0.6790399,-0.05272321,,,,
207066_at,0.67910344,0.05080046,,,,
238542_at,0.67912907,-0.16960544,,,,
244034_at,0.67918153,0.02676773,,,,
238252_at,0.67919144,0.04204988,,,,
205477_s_at,0.6792078,0.43586046,,,,
31799_at,0.67921019,0.06524322,,,,
1558167_a_at,0.67922553,-0.03988793,,,,
1570645_at,0.67922915,0.02087585,,,,
237206_at,0.67927461,-0.14676283,,,,
243481_at,0.67927787,0.09775381,,,,
226839_at,0.67928484,0.05565871,,,,
214864_s_at,0.67931219,0.10057236,,,,
241687_at,0.67935438,0.06228297,,,,
224204_x_at,0.6793777,-0.12192257,,,,
204351_at,0.6794006,0.36317795,,,,
1557575_at,0.67942715,-0.03830782,,,,
236951_at,0.67943285,0.04891119,,,,
222968_at,0.67944906,-0.0974604,,,,
223671_x_at,0.67945937,0.05440495,,,,
214106_s_at,0.67946094,0.11608198,,,,
206664_at,0.67947389,-0.20239223,,,,
210791_s_at,0.67950045,-0.10054792,,,,
206758_at,0.67951304,0.07730163,,,,
227879_at,0.67954253,-0.03129811,,,,
230527_at,0.67959641,-0.09641912,,,,
226652_at,0.67961778,0.06357866,,,,
202339_at,0.67965753,-0.03837619,,,,
229543_at,0.6796823,-0.12868448,,,,
230869_at,0.67973247,0.17862154,,,,
211509_s_at,0.67974184,0.03986666,,,,
1559990_at,0.67974661,0.02059301,,,,
203191_at,0.67974816,0.03351771,,,,
241922_at,0.6797808,-0.08183233,,,,
205123_s_at,0.67978461,0.15911536,,,,
211706_s_at,0.67979096,-0.04930847,,,,
221666_s_at,0.67981478,-0.12188668,,,,
233459_at,0.67981968,-0.02662573,,,,
227205_at,0.67984815,0.05203781,,,,
205152_at,0.67987262,0.25050991,,,,
1558329_at,0.6798805,-0.06139484,,,,
208632_at,0.67988531,0.04469597,,,,
242544_x_at,0.6798901,0.01480192,,,,
218550_s_at,0.67990795,0.05417519,,,,
220327_at,0.67991493,0.1878882,,,,
244669_at,0.67991526,0.08331453,,,,
228375_at,0.6799211,0.13333379,,,,
208050_s_at,0.67997831,-0.07556221,,,,
244428_at,0.67998456,-0.0502995,,,,
1556888_at,0.68002698,-0.02118127,,,,
230580_at,0.68002841,0.04422904,,,,
230107_at,0.68004964,0.03120962,,,,
205531_s_at,0.68006701,0.20233713,,,,
231768_at,0.68008853,0.06165892,,,,
209856_x_at,0.6801035,-0.05154361,,,,
238736_at,0.68011962,-0.08060707,,,,
235607_at,0.68017841,0.09675083,,,,
213623_at,0.68017966,-0.10373175,,,,
1562766_at,0.68021602,0.02160679,,,,
1555237_at,0.68025156,0.03076994,,,,
224024_at,0.68027489,-0.01841342,,,,
230643_at,0.68027831,-0.10643814,,,,
1553057_at,0.68030473,0.05364172,,,,
1558626_at,0.68031917,-0.06693196,,,,
237339_at,0.68032655,0.16577052,,,,
1560758_at,0.68037818,0.0192558,,,,
1561272_at,0.68037895,-0.02581162,,,,
223479_s_at,0.68039376,0.0726152,,,,
220823_at,0.68039768,-0.02504097,,,,
230959_at,0.68043182,0.06178352,,,,
231329_at,0.68043921,0.05669738,,,,
237306_at,0.68045679,0.03133591,,,,
220102_at,0.68046231,0.15072651,,,,
242999_at,0.6804766,-0.02108213,,,,
241149_at,0.68049323,-0.03073656,,,,
222006_at,0.68051973,0.05892503,,,,
228406_at,0.68053392,0.06751021,,,,
1570143_at,0.68064872,0.08719088,,,,
229851_s_at,0.68065099,0.10411903,,,,
221395_at,0.68069762,-0.02923411,,,,
220084_at,0.68070724,0.17632048,,,,
238210_at,0.68071064,-0.0314662,,,,
214680_at,0.68071125,0.06707763,,,,
1556978_a_at,0.68072772,0.04632951,,,,
225801_at,0.68072901,0.130254,,,,
224763_at,0.68073998,-0.11149554,,,,
241163_at,0.68075515,-0.05049188,,,,
217252_at,0.68077659,-0.02156239,,,,
1562778_at,0.68078474,-0.04101694,,,,
243450_at,0.68084302,0.06579987,,,,
227793_at,0.68086146,0.09107143,,,,
1554670_at,0.68086166,0.05185463,,,,
207065_at,0.68086915,0.08224358,,,,
224463_s_at,0.68091022,0.14131198,,,,
243425_at,0.68096269,0.03498755,,,,
211524_at,0.6809911,-0.02292904,,,,
1552509_a_at,0.68101129,-0.08233975,,,,
208324_at,0.68101383,-0.02081285,,,,
222258_s_at,0.68103761,0.07602246,,,,
223958_s_at,0.68108597,-0.06612082,,,,
207195_at,0.68111001,-0.05910042,,,,
201075_s_at,0.68113852,-0.08492195,,,,
238158_at,0.68114001,0.04298286,,,,
212136_at,0.68119292,0.11286183,,,,
1561440_at,0.68122754,-0.02364041,,,,
225019_at,0.68123076,-0.08869171,,,,
200842_s_at,0.6812417,-0.06959686,,,,
234294_x_at,0.68125079,0.04997524,,,,
242321_at,0.68125351,0.12530198,,,,
220873_at,0.68125579,-0.01995329,,,,
200874_s_at,0.68130519,0.0660062,,,,
233326_at,0.6813411,0.01808367,,,,
240961_at,0.68136539,-0.01897711,,,,
213358_at,0.6813688,0.16010161,,,,
211322_s_at,0.68142633,0.04666958,,,,
238793_at,0.68147962,0.09988511,,,,
242316_at,0.68149406,-0.03352598,,,,
239917_at,0.68149414,-0.05724249,,,,
212726_at,0.68153299,-0.05236066,,,,
1568908_at,0.68162745,0.02318168,,,,
1567173_at,0.68163972,0.0159517,,,,
225018_at,0.68167176,-0.11847902,,,,
204244_s_at,0.68169195,0.08903013,,,,
235156_at,0.68170306,-0.04059988,,,,
226930_at,0.68171428,0.19578431,,,,
201536_at,0.68173632,-0.06923011,,,,
222455_s_at,0.68174993,0.088937,,,,
229097_at,0.68177173,-0.10726402,,,,
210523_at,0.68179515,-0.16959052,,,,
1569909_at,0.68182794,-0.03113054,,,,
1569629_x_at,0.68183393,-0.09487955,,,,
1568939_at,0.68184834,-0.01709124,,,,
236121_at,0.68187614,-0.03730354,,,,
232190_x_at,0.68187757,-0.03858051,,,,
217077_s_at,0.68192563,0.07234142,,,,
203801_at,0.68195323,-0.0836535,,,,
202986_at,0.68199286,0.16176309,,,,
236741_at,0.68200048,-0.19438874,,,,
235390_at,0.6820441,-0.06465721,,,,
211116_at,0.68208074,0.07020012,,,,
233923_at,0.68208601,-0.02862942,,,,
227459_at,0.68211537,-0.06397546,,,,
235226_at,0.68216,-0.11514163,,,,
234931_at,0.68216879,0.03012885,,,,
221439_at,0.68221652,-0.02222105,,,,
212793_at,0.68221821,0.10145036,,,,
1554114_s_at,0.68225014,-0.04256715,,,,
203799_at,0.68227522,0.17408641,,,,
230088_at,0.68229152,-0.09199373,,,,
241400_at,0.68231029,-0.03686804,,,,
1570125_at,0.68231448,-0.05160115,,,,
206192_at,0.68234352,-0.10061978,,,,
233101_at,0.68234559,0.05177831,,,,
237282_s_at,0.68237052,-0.02030649,,,,
204268_at,0.68237216,0.32414242,,,,
209088_s_at,0.68238155,0.05168323,,,,
210702_s_at,0.68238261,0.11978002,,,,
160020_at,0.68240259,-0.09047701,,,,
222492_at,0.682435,0.06426741,,,,
214043_at,0.68247501,-0.19124011,,,,
220013_at,0.68248074,-0.15177783,,,,
244530_at,0.68250762,-0.03526454,,,,
234315_at,0.68250815,0.02410947,,,,
244013_at,0.68252879,0.02173882,,,,
239943_x_at,0.68253327,0.03463205,,,,
1554873_at,0.68258248,0.07793585,,,,
200981_x_at,0.68258746,0.05572134,,,,
201669_s_at,0.68261383,0.0785847,,,,
208603_s_at,0.6826442,-0.0460649,,,,
225669_at,0.68265683,0.07192912,,,,
1556329_a_at,0.68269772,-0.08474267,,,,
213180_s_at,0.68270785,0.04267413,,,,
242702_at,0.68270954,0.07712486,,,,
238099_at,0.68271598,-0.03469468,,,,
208096_s_at,0.68275888,0.16896465,,,,
237182_at,0.68277759,-0.0155139,,,,
235758_at,0.6827854,0.12009078,,,,
1564402_at,0.68279628,-0.02873425,,,,
208092_s_at,0.68280672,-0.09392535,,,,
224582_s_at,0.68282001,-0.077536,,,,
230466_s_at,0.68282409,-0.090866,,,,
227608_at,0.68286307,-0.03878286,,,,
229410_at,0.68286397,0.04798561,,,,
216087_at,0.68287755,0.02148042,,,,
231442_at,0.68288208,-0.02535651,,,,
233056_x_at,0.68289651,0.04463924,,,,
219906_at,0.68294719,-0.04529674,,,,
200674_s_at,0.68294791,0.02833198,,,,
234368_at,0.6829649,-0.02255396,,,,
220130_x_at,0.68296725,-0.04230696,,,,
218939_at,0.68297005,0.04109568,,,,
202523_s_at,0.68297946,-0.04603671,,,,
213415_at,0.68299219,-0.15493775,,,,
214142_at,0.68300776,-0.19657658,,,,
203998_s_at,0.68301985,0.20316808,,,,
236989_at,0.68303745,-0.07097952,,,,
242927_at,0.68306085,0.05441114,,,,
240428_at,0.68308185,0.02097485,,,,
220277_at,0.68314826,-0.08144419,,,,
213121_at,0.68315445,0.0357812,,,,
214342_at,0.68316916,0.05281579,,,,
236723_at,0.68320712,0.09368555,,,,
237939_at,0.6832588,0.1032019,,,,
231804_at,0.68327692,-0.07584458,,,,
219880_at,0.68330235,-0.07464334,,,,
1561834_a_at,0.68331934,-0.02738424,,,,
219228_at,0.68332967,-0.11212869,,,,
244518_at,0.68339012,-0.02181652,,,,
211168_s_at,0.68348402,-0.04599905,,,,
1552283_s_at,0.68351685,-0.11239116,,,,
203619_s_at,0.68352406,-0.09587919,,,,
202459_s_at,0.68352792,-0.11671412,,,,
213008_at,0.68355212,0.09460903,,,,
204459_at,0.68357935,-0.06620657,,,,
233846_at,0.68361106,-0.02147597,,,,
225221_at,0.68361727,0.06487286,,,,
203329_at,0.68363064,-0.09853171,,,,
1558565_at,0.68363418,0.02655461,,,,
211741_x_at,0.68367995,0.02041918,,,,
208968_s_at,0.68373689,0.048505,,,,
244794_at,0.68375822,-0.03157538,,,,
218848_at,0.68379364,-0.04871316,,,,
224532_at,0.6838149,-0.02360192,,,,
239928_at,0.68382765,0.03390456,,,,
201136_at,0.68384078,-0.12355517,,,,
1554459_s_at,0.6838478,0.27325341,,,,
1563263_at,0.68384892,-0.02340718,,,,
213202_at,0.68387789,-0.03452689,,,,
243082_at,0.68387966,-0.01738786,,,,
1557966_x_at,0.6839168,-0.04086864,,,,
229125_at,0.68393474,0.18649206,,,,
241930_x_at,0.68397583,0.03544627,,,,
206110_at,0.68398534,0.17725395,,,,
1568660_a_at,0.68401935,0.01677788,,,,
213076_at,0.68402731,0.06509423,,,,
234504_at,0.68404336,0.02055139,,,,
222145_at,0.6840574,-0.03395608,,,,
205423_at,0.68408522,-0.05489566,,,,
241366_at,0.6841439,0.06413382,,,,
211954_s_at,0.68416822,0.0715636,,,,
226834_at,0.68420962,0.25346419,,,,
1557380_at,0.68423161,-0.02851668,,,,
212568_s_at,0.68424285,-0.05896614,,,,
229126_at,0.68427637,0.07586409,,,,
223809_at,0.6843177,-0.13218397,,,,
213549_at,0.68437085,0.09172317,,,,
226451_at,0.6843837,0.06044737,,,,
226564_at,0.68439436,0.06244624,,,,
215590_x_at,0.6844239,0.03923642,,,,
205751_at,0.68442395,-0.1121655,,,,
231816_s_at,0.68446177,-0.06545807,,,,
225008_at,0.68447364,-0.1065337,,,,
239268_at,0.68450329,0.03466799,,,,
234092_s_at,0.68455698,-0.09465721,,,,
210904_s_at,0.68456307,-0.10691983,,,,
206701_x_at,0.68456878,0.14136169,,,,
237419_at,0.68464001,0.0699897,,,,
224432_at,0.6847483,0.02996448,,,,
244687_at,0.68476023,0.05423618,,,,
211956_s_at,0.6847649,-0.02479309,,,,
234999_at,0.68478508,-0.0268245,,,,
1557149_at,0.68479248,0.03671151,,,,
242342_at,0.68481051,-0.10835258,,,,
1557186_s_at,0.68482458,-0.03738956,,,,
1565913_at,0.68484687,-0.02684197,,,,
238828_at,0.68484714,-0.05732301,,,,
222689_at,0.68488785,0.08081886,,,,
1558806_at,0.68489775,-0.02357815,,,,
205050_s_at,0.68490683,-0.06636908,,,,
230600_at,0.6849141,-0.04226696,,,,
234367_x_at,0.68492223,0.07147669,,,,
237849_at,0.68495439,0.04477062,,,,
1553465_a_at,0.68496129,-0.06403698,,,,
226569_s_at,0.68496689,0.07799545,,,,
225707_at,0.68498372,0.07629581,,,,
230695_s_at,0.68499667,0.06173398,,,,
242549_at,0.685004,0.02196451,,,,
218996_at,0.6850115,-0.08086653,,,,
1556056_at,0.68501946,0.05656536,,,,
1554501_at,0.68502001,0.04439137,,,,
229449_at,0.6850262,-0.06865725,,,,
1553668_at,0.68504501,-0.03325615,,,,
244789_at,0.68509429,0.0207277,,,,
234035_at,0.68511837,0.02274463,,,,
239223_s_at,0.68514278,0.05604546,,,,
229794_at,0.68515023,0.080328,,,,
244763_at,0.68515333,0.06020411,,,,
231530_s_at,0.68518087,0.08904432,,,,
244742_at,0.68522468,-0.0263823,,,,
222959_at,0.68523323,-0.02571068,,,,
238034_at,0.68526169,-0.06862659,,,,
1555471_a_at,0.68526227,-0.13075306,,,,
242741_x_at,0.68528113,0.03221164,,,,
229064_s_at,0.68528988,-0.08356246,,,,
228344_s_at,0.68531766,-0.02771363,,,,
1561146_at,0.68536251,-0.01947678,,,,
1555401_at,0.68536379,-0.03422912,,,,
244230_at,0.68539165,0.02224099,,,,
212739_s_at,0.68543486,0.08057383,,,,
1557384_at,0.68544089,-0.07492934,,,,
215114_at,0.68547728,0.0478268,,,,
231828_at,0.68548164,0.08463632,,,,
234894_at,0.68549653,0.02996751,,,,
204813_at,0.68555858,0.08993587,,,,
233874_at,0.68560367,0.06749477,,,,
210914_at,0.6856363,-0.02014023,,,,
238503_at,0.68566566,0.03762218,,,,
236612_at,0.6857973,-0.02364447,,,,
201575_at,0.68580311,0.04352598,,,,
1552417_a_at,0.6858171,0.07365153,,,,
244031_at,0.68584472,-0.03944259,,,,
238092_at,0.68584528,-0.02980986,,,,
1560359_at,0.68584537,0.11291835,,,,
1561450_at,0.68586556,-0.01464792,,,,
233087_at,0.68587543,0.03478308,,,,
1569872_a_at,0.68593293,0.12387409,,,,
226177_at,0.68593679,0.0797302,,,,
214754_at,0.6859508,0.04558473,,,,
1552887_at,0.68597417,0.05886791,,,,
216940_x_at,0.68597644,0.0372239,,,,
213780_at,0.68599193,-0.09266469,,,,
219708_at,0.68603419,0.04307214,,,,
201293_x_at,0.68604177,0.02919778,,,,
217946_s_at,0.6861982,-0.05589789,,,,
226436_at,0.68620032,-0.09258217,,,,
1554141_s_at,0.68624736,-0.0681683,,,,
203229_s_at,0.68625471,0.0520968,,,,
206484_s_at,0.68626644,-0.1188952,,,,
205653_at,0.68634255,-0.10333864,,,,
215552_s_at,0.68635033,0.1321129,,,,
230432_at,0.68635103,0.07099291,,,,
229651_at,0.68635719,0.02587462,,,,
203898_at,0.68636209,0.0558467,,,,
234710_s_at,0.68637247,-0.08314061,,,,
200662_s_at,0.68638072,0.06031943,,,,
209061_at,0.68644494,0.05144393,,,,
236878_at,0.68646119,0.02518169,,,,
227081_at,0.68646995,-0.17161792,,,,
204988_at,0.68648041,0.51666962,,,,
242658_at,0.68648262,-0.03437096,,,,
212331_at,0.68651904,-0.04701786,,,,
223127_s_at,0.68655164,0.02677449,,,,
201403_s_at,0.68655528,-0.04992909,,,,
213589_s_at,0.68656848,-0.05888094,,,,
223600_s_at,0.68657261,-0.03819193,,,,
212045_at,0.6865728,0.0578492,,,,
203615_x_at,0.68657381,-0.11913646,,,,
240245_at,0.68660224,0.06944058,,,,
239199_at,0.68665867,0.0358151,,,,
219130_at,0.68668925,0.07310507,,,,
216600_x_at,0.68670442,0.11646188,,,,
217090_at,0.68672747,0.0211244,,,,
238593_at,0.68672836,0.11863621,,,,
1559989_at,0.68673093,-0.02649612,,,,
223749_at,0.68673419,0.12329345,,,,
201107_s_at,0.68674028,0.07441387,,,,
49306_at,0.68674797,-0.07945493,,,,
244568_at,0.68675172,-0.02227308,,,,
237898_at,0.68678897,0.02333249,,,,
204210_s_at,0.68682459,0.08396943,,,,
230871_at,0.68683001,0.07541521,,,,
223703_at,0.68688086,0.09399749,,,,
233773_at,0.68689099,-0.02726861,,,,
235526_at,0.68689538,0.07551918,,,,
220716_at,0.68690766,0.02676212,,,,
206855_s_at,0.68692467,0.04808613,,,,
219327_s_at,0.68697027,-0.11987475,,,,
210333_at,0.68697793,0.03059096,,,,
1556854_at,0.68698274,-0.02802905,,,,
217403_s_at,0.68701022,0.06682641,,,,
1562879_at,0.68702591,-0.02035517,,,,
208056_s_at,0.68702594,-0.08245026,,,,
233901_at,0.68703565,0.02241292,,,,
203747_at,0.68705414,0.13623239,,,,
203157_s_at,0.68706526,-0.08512219,,,,
213025_at,0.68711634,0.05451143,,,,
1556758_at,0.68712916,0.04214878,,,,
224704_at,0.68713168,0.05244954,,,,
218116_at,0.68714889,0.03868568,,,,
237889_s_at,0.68715366,0.07922124,,,,
237788_at,0.68716274,0.01971925,,,,
208713_at,0.6871667,-0.05178873,,,,
236493_at,0.68718385,-0.03933015,,,,
203804_s_at,0.68720564,0.06893732,,,,
1569971_at,0.68724559,-0.02060155,,,,
238065_at,0.68725183,-0.07761811,,,,
221504_s_at,0.68725274,-0.07027366,,,,
215424_s_at,0.68725796,-0.05196836,,,,
235974_at,0.6872664,0.04534239,,,,
218873_at,0.68726786,0.04334748,,,,
203360_s_at,0.68727662,0.07733159,,,,
229221_at,0.68728626,-0.1344395,,,,
219837_s_at,0.68729716,0.14559358,,,,
201708_s_at,0.68730123,0.11157494,,,,
233247_x_at,0.6873036,-0.02137136,,,,
241245_at,0.68732302,-0.02054588,,,,
226913_s_at,0.68734239,0.17855431,,,,
212336_at,0.68734913,-0.09065952,,,,
1570058_at,0.68738224,-0.0209183,,,,
238361_s_at,0.68738408,-0.0231167,,,,
207846_at,0.68739487,-0.0153653,,,,
238973_s_at,0.68740611,-0.09631789,,,,
230770_at,0.68742001,0.02727953,,,,
214236_at,0.6874288,-0.04080885,,,,
243294_at,0.68744936,0.05573652,,,,
1556465_at,0.68746848,0.02554388,,,,
AFFX-LysX-5_at,0.68746925,0.11703551,,,,
227178_at,0.68749062,-0.09781712,,,,
203011_at,0.68750284,-0.06986958,,,,
1565535_x_at,0.687503,-0.03793546,,,,
1570546_a_at,0.6875054,0.02934362,,,,
236633_at,0.68750608,-0.02289122,,,,
206618_at,0.68754454,-0.09863488,,,,
220700_at,0.68755581,0.01600336,,,,
226721_at,0.6875573,0.06672369,,,,
1569072_s_at,0.68756035,-0.11305145,,,,
222419_x_at,0.68758337,0.05352059,,,,
226941_at,0.6876327,0.06404655,,,,
201488_x_at,0.68764817,0.0573975,,,,
227989_at,0.68766349,-0.03113427,,,,
218640_s_at,0.6876648,-0.09812855,,,,
235095_at,0.68767581,-0.11634458,,,,
220272_at,0.68768655,-0.15631649,,,,
210210_at,0.68768988,0.05826844,,,,
204098_at,0.68771024,0.0500682,,,,
204260_at,0.68773402,0.21620482,,,,
230590_at,0.68774228,-0.03193823,,,,
227727_at,0.68774744,0.15274634,,,,
201047_x_at,0.68775474,0.03760107,,,,
1554364_at,0.68778181,0.04029026,,,,
235423_at,0.68778765,0.06716539,,,,
229344_x_at,0.68779192,0.09433449,,,,
206423_at,0.68779605,0.04050161,,,,
1557910_at,0.68782473,-0.11956128,,,,
240703_s_at,0.68788124,0.04158797,,,,
243669_s_at,0.68790718,-0.2552685,,,,
218032_at,0.6879086,0.07343732,,,,
1568876_a_at,0.68791893,0.0453913,,,,
238001_at,0.68796443,-0.07649812,,,,
215164_at,0.68797054,0.05797801,,,,
213365_at,0.6879852,0.07161877,,,,
207229_at,0.6880727,-0.03408339,,,,
1556344_at,0.68807718,0.066749,,,,
225646_at,0.68809203,-0.11512126,,,,
1556321_a_at,0.68809733,0.04735348,,,,
236505_at,0.68810852,-0.03356936,,,,
231494_at,0.68810853,0.02710085,,,,
242476_at,0.68810862,0.11388412,,,,
208736_at,0.68812059,-0.0402092,,,,
230254_at,0.68814833,-0.05988449,,,,
1552445_a_at,0.68815314,-0.02206803,,,,
236338_at,0.68817509,-0.04606157,,,,
237968_at,0.68817602,0.04970247,,,,
219217_at,0.68819133,0.07583901,,,,
224528_s_at,0.68819444,-0.025102,,,,
237142_at,0.68820204,0.02392782,,,,
1555513_at,0.6882211,0.01557898,,,,
1563272_at,0.68823075,-0.05923473,,,,
234072_at,0.68823897,-0.03489345,,,,
237784_at,0.68826677,-0.02356957,,,,
220545_s_at,0.68827084,-0.02542631,,,,
224567_x_at,0.68827136,-0.07295194,,,,
233519_at,0.68827752,-0.03969913,,,,
226380_at,0.68833536,-0.07633347,,,,
205691_at,0.68834149,-0.11163598,,,,
204751_x_at,0.68835184,0.17933001,,,,
1564004_at,0.68835813,-0.02084983,,,,
234418_x_at,0.68836863,0.01940199,,,,
208258_s_at,0.68836924,-0.03842339,,,,
201314_at,0.68837131,-0.04469386,,,,
232748_at,0.68837173,0.02126978,,,,
1562229_at,0.68843099,-0.02728094,,,,
203257_s_at,0.68845662,-0.05323684,,,,
221634_at,0.6884719,-0.05933979,,,,
244052_at,0.68849012,-0.09923117,,,,
1557104_at,0.68857765,-0.02474169,,,,
226985_at,0.68858761,-0.11156334,,,,
227265_at,0.68861045,-0.14252707,,,,
226702_at,0.68861176,-0.13398212,,,,
1567068_at,0.688622,-0.03188311,,,,
1561212_at,0.68865885,-0.02229079,,,,
207566_at,0.68865963,-0.04920622,,,,
1560884_at,0.68866888,0.03987145,,,,
213686_at,0.68867893,0.08830148,,,,
231526_at,0.68867947,-0.02810468,,,,
242507_at,0.68870168,0.02731603,,,,
208278_s_at,0.68870432,-0.03520632,,,,
220039_s_at,0.68870996,0.08063539,,,,
213843_x_at,0.68873748,-0.12530119,,,,
242859_at,0.68875128,-0.07513351,,,,
220374_at,0.68875895,-0.04243984,,,,
231736_x_at,0.68879446,-0.23035337,,,,
202503_s_at,0.68882206,0.10862433,,,,
201891_s_at,0.68886808,-0.02731571,,,,
221777_at,0.68886813,0.05774546,,,,
239658_at,0.68886896,-0.02765032,,,,
242015_x_at,0.68889738,0.03771647,,,,
214510_at,0.68894046,-0.03623193,,,,
219770_at,0.68898017,0.05576505,,,,
225043_at,0.68904381,0.05399078,,,,
243690_at,0.68905715,-0.05217147,,,,
221050_s_at,0.68906878,0.06204495,,,,
205368_at,0.68907311,-0.06400721,,,,
229654_at,0.68907453,0.07566887,,,,
223358_s_at,0.6890844,0.11163949,,,,
239174_at,0.68908811,-0.07592291,,,,
214357_at,0.68909452,-0.04214818,,,,
212511_at,0.68921524,0.05833798,,,,
228617_at,0.68923942,0.12743531,,,,
209875_s_at,0.68926186,-0.15954861,,,,
227479_at,0.68930547,0.05960638,,,,
1552782_at,0.68931054,-0.05622248,,,,
220466_at,0.68931817,0.0778582,,,,
232946_s_at,0.68935035,-0.06122773,,,,
227936_at,0.68938371,-0.08851984,,,,
238676_at,0.68939434,0.04068528,,,,
222499_at,0.68941513,0.05043817,,,,
203748_x_at,0.68941743,0.0935108,,,,
240347_at,0.68943882,0.02646521,,,,
205310_at,0.68946441,-0.05618136,,,,
218100_s_at,0.68948499,0.10016996,,,,
239325_at,0.68956533,0.03010353,,,,
212563_at,0.68957589,0.1079768,,,,
243062_at,0.6896372,0.02833446,,,,
208411_x_at,0.68964757,0.01583616,,,,
216974_at,0.68969927,0.01745585,,,,
1554006_a_at,0.68971318,-0.08774333,,,,
236466_at,0.68980237,0.02541904,,,,
209728_at,0.6898486,0.21824659,,,,
242310_at,0.68992581,0.12659246,,,,
215325_x_at,0.68993658,0.04045298,,,,
229107_at,0.68999934,0.07330945,,,,
236596_at,0.69007759,0.04599518,,,,
230521_at,0.69007964,-0.0658067,,,,
202831_at,0.69008735,-0.33100905,,,,
218034_at,0.69009205,-0.04485049,,,,
241216_at,0.69009754,0.02564674,,,,
230956_at,0.69011276,-0.10876315,,,,
1556912_at,0.69012456,0.01634323,,,,
211813_x_at,0.69018082,0.14706785,,,,
240050_s_at,0.6902011,0.01616615,,,,
230765_at,0.69022142,-0.07410343,,,,
1569680_at,0.69023492,-0.03209155,,,,
241556_at,0.69026039,-0.02190933,,,,
236698_at,0.69026487,0.0989307,,,,
204861_s_at,0.69027328,-0.09113261,,,,
234868_s_at,0.69031607,0.02319443,,,,
243045_at,0.6903276,-0.03483199,,,,
237987_x_at,0.69032914,-0.01571204,,,,
218776_s_at,0.69033074,0.08887012,,,,
215861_at,0.69033233,-0.02506083,,,,
233047_at,0.69035004,-0.01973985,,,,
225216_at,0.69037247,-0.06808689,,,,
213839_at,0.69038344,-0.14702454,,,,
1569487_at,0.6903912,-0.02725845,,,,
224994_at,0.69043781,-0.09173964,,,,
241652_x_at,0.69046085,0.09732985,,,,
226706_at,0.69048559,0.11502657,,,,
202793_at,0.69048974,0.09107807,,,,
209791_at,0.69050389,-0.16885119,,,,
212416_at,0.69051145,0.05654465,,,,
222351_at,0.69059001,0.1211733,,,,
235260_s_at,0.69059324,0.07504338,,,,
209898_x_at,0.69061288,-0.0603238,,,,
242392_at,0.69063345,-0.02138744,,,,
242323_at,0.69063509,0.06778626,,,,
214688_at,0.69064873,-0.03681901,,,,
1569431_at,0.69064998,0.02104815,,,,
237343_at,0.69072858,-0.02384228,,,,
216038_x_at,0.69073433,0.04207527,,,,
240016_at,0.69073703,0.04166015,,,,
215612_at,0.69076131,0.03880609,,,,
1564537_a_at,0.69077459,0.03244585,,,,
207559_s_at,0.6907756,-0.04789484,,,,
222823_at,0.69078728,0.03336779,,,,
217057_s_at,0.69082114,0.05445003,,,,
223676_at,0.6908398,-0.02887276,,,,
205408_at,0.69085684,-0.05997367,,,,
240345_x_at,0.69089239,0.03127375,,,,
228813_at,0.69089699,0.07985272,,,,
1554771_at,0.69091485,-0.04300484,,,,
203506_s_at,0.69091655,0.04179026,,,,
202251_at,0.69092306,0.06233797,,,,
201240_s_at,0.69093229,0.04498438,,,,
235582_at,0.69094133,-0.02531158,,,,
238683_at,0.69096397,-0.0408909,,,,
217442_at,0.69097201,-0.02649417,,,,
238408_at,0.69102476,-0.02939437,,,,
209943_at,0.69106042,0.05627075,,,,
234330_at,0.69106498,-0.0253767,,,,
241441_at,0.69108979,0.01561982,,,,
208288_at,0.69109849,0.16592594,,,,
1569306_at,0.69110966,0.02390212,,,,
203343_at,0.69111336,0.07737021,,,,
1567009_at,0.6911203,-0.01987376,,,,
1557544_at,0.69117578,0.07879502,,,,
234910_at,0.69118438,-0.03353743,,,,
235396_at,0.69119872,-0.04390056,,,,
208249_s_at,0.69120738,0.07562863,,,,
1554610_at,0.69121532,0.02499978,,,,
1558375_at,0.69121712,0.01877477,,,,
239349_at,0.69124807,-0.18709343,,,,
213842_x_at,0.69126727,-0.05323518,,,,
45828_at,0.6912846,0.04807651,,,,
234397_at,0.69129363,0.03167664,,,,
237062_at,0.69131086,-0.06984425,,,,
202737_s_at,0.69135349,-0.05772156,,,,
208374_s_at,0.69137405,-0.04543051,,,,
206747_at,0.69140167,-0.07231518,,,,
237567_at,0.69143962,-0.02052708,,,,
226391_at,0.69146505,-0.05569528,,,,
223938_at,0.69147915,0.02472472,,,,
216231_s_at,0.69151805,-0.02861816,,,,
205621_at,0.691529,-0.03948916,,,,
49077_at,0.6915369,0.04209439,,,,
204634_at,0.69157412,0.05259805,,,,
1564202_at,0.69161537,0.02043694,,,,
212117_at,0.69161568,0.06872925,,,,
214756_x_at,0.69161929,0.05089367,,,,
205965_at,0.69162496,-0.07955701,,,,
64474_g_at,0.6916449,0.04689805,,,,
1558837_a_at,0.69166159,0.04251918,,,,
229945_at,0.69166324,0.02540701,,,,
230782_at,0.6916979,0.12074705,,,,
218216_x_at,0.69169958,0.04397163,,,,
213875_x_at,0.69170251,0.08158156,,,,
211078_s_at,0.69170598,0.06668299,,,,
1557790_at,0.69171233,-0.0199424,,,,
224797_at,0.69178127,0.09077468,,,,
216811_at,0.69184708,0.02376302,,,,
227887_at,0.6918493,0.05922142,,,,
213270_at,0.69188796,-0.03649786,,,,
231275_at,0.69189753,0.03353038,,,,
217764_s_at,0.6919021,-0.12533408,,,,
1554948_at,0.69193859,-0.05389532,,,,
210334_x_at,0.69194549,-0.10644393,,,,
210453_x_at,0.69196671,0.0416762,,,,
228539_at,0.69196998,0.06461342,,,,
200780_x_at,0.69202339,0.05405728,,,,
236810_at,0.69204923,0.02551254,,,,
1566715_at,0.69207763,-0.01906563,,,,
200630_x_at,0.6921083,-0.03686418,,,,
230134_s_at,0.69214218,0.06278772,,,,
241910_x_at,0.69221048,0.05549462,,,,
201388_at,0.69222527,-0.05679583,,,,
206438_x_at,0.69228573,-0.03250823,,,,
221233_s_at,0.69231709,-0.0265942,,,,
201101_s_at,0.69232202,-0.07515229,,,,
236332_at,0.69232314,0.04171622,,,,
208789_at,0.69237235,0.11286731,,,,
206172_at,0.69240476,-0.1953991,,,,
1559895_x_at,0.69243392,0.01820513,,,,
238801_at,0.69246099,-0.05530647,,,,
214954_at,0.69249935,0.18337491,,,,
205723_at,0.69250438,-0.02807243,,,,
203301_s_at,0.69251665,0.06858983,,,,
1561504_s_at,0.69252398,-0.01978932,,,,
202620_s_at,0.69252755,0.10821639,,,,
209182_s_at,0.69253237,-0.08725002,,,,
229043_at,0.69258617,-0.04752458,,,,
223115_at,0.6925889,0.05512923,,,,
1557354_at,0.69265166,-0.02753615,,,,
229305_at,0.69266725,0.13133323,,,,
237560_at,0.69268569,0.07014208,,,,
233554_at,0.69275212,-0.03995719,,,,
1570242_x_at,0.69275474,-0.02544237,,,,
1561431_at,0.69275555,-0.02189049,,,,
213860_x_at,0.69277066,-0.05082764,,,,
244215_at,0.69277198,-0.03886815,,,,
235298_at,0.69278927,-0.03436998,,,,
228903_at,0.69281588,-0.0321085,,,,
230454_at,0.69282362,0.10388881,,,,
204217_s_at,0.6928322,-0.08884449,,,,
244718_at,0.69283343,0.03435704,,,,
235211_at,0.69283994,-0.05392644,,,,
214992_s_at,0.69290775,-0.08001432,,,,
241728_at,0.69290839,0.05327215,,,,
243433_at,0.69291039,-0.03076282,,,,
232954_at,0.69293512,-0.02287811,,,,
226449_at,0.69297358,0.06958966,,,,
218162_at,0.69297553,0.15579384,,,,
241761_at,0.69299897,0.02812224,,,,
231510_at,0.69303,0.02445698,,,,
200700_s_at,0.69303174,0.05464571,,,,
231821_x_at,0.69303914,-0.05697981,,,,
206377_at,0.69308228,-0.15550177,,,,
204418_x_at,0.69308732,-0.09902362,,,,
206702_at,0.69313876,0.13100622,,,,
209463_s_at,0.69314688,-0.05339973,,,,
242776_at,0.69316827,-0.05962814,,,,
237126_at,0.69319043,-0.02274819,,,,
217581_at,0.69321395,0.03146008,,,,
212943_at,0.69324005,0.08485332,,,,
201281_at,0.69328255,-0.05781317,,,,
45288_at,0.69331963,-0.11635647,,,,
1563654_at,0.69339682,-0.02487004,,,,
214697_s_at,0.69340604,-0.10008677,,,,
1553976_a_at,0.69340881,0.08769029,,,,
244283_x_at,0.69342494,-0.01772972,,,,
242755_at,0.69343507,0.01583476,,,,
207200_at,0.69345455,0.28033741,,,,
233260_at,0.69347985,0.02640498,,,,
213065_at,0.69356923,0.06828964,,,,
1565703_at,0.69366106,0.0566008,,,,
243682_at,0.69367989,-0.02972485,,,,
1554356_at,0.69368235,0.02769618,,,,
227162_at,0.69374773,0.0926805,,,,
213128_s_at,0.69374997,0.04653712,,,,
204748_at,0.69378047,-0.24310784,,,,
230006_s_at,0.69381554,-0.14473901,,,,
242215_at,0.693828,-0.02066978,,,,
206137_at,0.69385221,-0.10204,,,,
1562905_at,0.69385415,-0.01572485,,,,
210296_s_at,0.69387402,-0.06888729,,,,
1557780_at,0.69387979,0.04723848,,,,
242125_at,0.69388552,-0.03803948,,,,
238570_at,0.6939286,-0.04316562,,,,
204901_at,0.69399064,-0.04344381,,,,
1560678_at,0.69401715,-0.02494977,,,,
237011_at,0.69405259,0.02511118,,,,
232980_at,0.69406956,-0.02394998,,,,
230156_x_at,0.6940884,-0.10872333,,,,
204442_x_at,0.69410741,0.09002842,,,,
208363_s_at,0.69414561,-0.05209328,,,,
243400_x_at,0.6941941,0.03989135,,,,
220837_at,0.69421158,-0.01419781,,,,
201149_s_at,0.6942121,0.1564966,,,,
202857_at,0.69422781,0.0596981,,,,
225739_at,0.69425898,-0.09062849,,,,
221322_at,0.69425946,0.022972,,,,
240948_at,0.69426884,-0.06409392,,,,
213291_s_at,0.69427286,0.04784011,,,,
209078_s_at,0.69427988,-0.05740218,,,,
1553390_at,0.69428571,-0.02340368,,,,
217851_s_at,0.69433316,-0.07115515,,,,
242575_at,0.69433652,0.04191493,,,,
1563229_at,0.69434191,-0.05314034,,,,
1557965_at,0.6943548,-0.04102892,,,,
238478_at,0.69436867,-0.17137298,,,,
212319_at,0.69440017,-0.07483554,,,,
210375_at,0.69445475,-0.14331927,,,,
244766_at,0.69446258,-0.0639977,,,,
210348_at,0.69447754,0.0335675,,,,
238168_at,0.69447829,0.04724744,,,,
237228_at,0.69451868,-0.0234355,,,,
215435_at,0.69454758,-0.04738044,,,,
1562991_at,0.69458414,0.01583742,,,,
1561101_at,0.69461314,-0.02916236,,,,
237268_at,0.69463238,-0.02443794,,,,
211915_s_at,0.69463849,0.03256816,,,,
232715_at,0.69465528,-0.04724571,,,,
210121_at,0.69466209,-0.09504397,,,,
1556236_at,0.69469739,-0.05723978,,,,
209608_s_at,0.69474884,0.10722144,,,,
205778_at,0.6947675,-0.21766219,,,,
243533_x_at,0.69478067,-0.03343762,,,,
227371_at,0.6948038,0.12807825,,,,
240666_at,0.69482256,0.04491876,,,,
232106_s_at,0.69491933,-0.04252507,,,,
209732_at,0.69494575,0.13508512,,,,
215989_at,0.69499845,0.02924129,,,,
233496_s_at,0.69499971,0.14434002,,,,
234167_at,0.69501665,-0.02188871,,,,
237245_at,0.69503262,-0.04984456,,,,
1562514_at,0.69506379,0.0166048,,,,
210076_x_at,0.69506671,-0.03788565,,,,
226707_at,0.69509665,0.10456105,,,,
1564051_at,0.69511359,-0.02426505,,,,
1562616_at,0.69512845,-0.01826671,,,,
1555037_a_at,0.69517005,0.07530642,,,,
244461_at,0.69525981,-0.09866332,,,,
215527_at,0.69527333,0.05614872,,,,
226455_at,0.69527621,0.14970915,,,,
230503_at,0.69532761,-0.05485142,,,,
230616_at,0.69533562,0.03507422,,,,
1560721_at,0.6953652,-0.019226,,,,
1557383_a_at,0.69536583,-0.10217874,,,,
227361_at,0.69537093,0.18939,,,,
233522_at,0.69538383,-0.02699818,,,,
243202_at,0.69541565,-0.0289051,,,,
223848_at,0.69547141,0.01835319,,,,
219511_s_at,0.69550101,0.11908848,,,,
210371_s_at,0.69553376,0.05023088,,,,
218731_s_at,0.69553496,-0.07247239,,,,
202266_at,0.69562492,-0.07680109,,,,
226086_at,0.69565235,-0.22277736,,,,
235182_at,0.69566741,-0.17767582,,,,
222122_s_at,0.69566789,0.05688977,,,,
201701_s_at,0.69566991,0.05605568,,,,
244586_x_at,0.69567055,0.02275951,,,,
243676_at,0.69568199,-0.02367773,,,,
203502_at,0.69572983,-0.07292682,,,,
211682_x_at,0.69573859,0.28592366,,,,
213480_at,0.69574426,0.06155073,,,,
1553612_at,0.69577508,0.05242521,,,,
233914_s_at,0.69580336,0.03951592,,,,
1569355_at,0.69584154,0.02485039,,,,
204096_s_at,0.6958576,-0.03839144,,,,
220092_s_at,0.69586059,0.13597012,,,,
209442_x_at,0.6959069,-0.12433084,,,,
1555448_at,0.69592868,0.05648271,,,,
213644_at,0.69593381,0.10329868,,,,
217595_at,0.69596043,-0.06954321,,,,
231672_at,0.69596287,-0.14067819,,,,
1555186_at,0.69600098,-0.01913444,,,,
217313_at,0.69600739,-0.05257381,,,,
227667_at,0.69601556,0.05767349,,,,
239061_at,0.69603437,-0.05722178,,,,
201622_at,0.69606163,0.04180863,,,,
243434_at,0.69612907,-0.02917579,,,,
208385_at,0.69614737,0.03218041,,,,
203060_s_at,0.69616613,-0.14190996,,,,
207132_x_at,0.69617962,0.05499926,,,,
221590_s_at,0.69619045,0.17139741,,,,
218327_s_at,0.69619507,0.05514773,,,,
232363_at,0.69623375,0.03510471,,,,
201828_x_at,0.69624608,0.07123067,,,,
231669_at,0.69626047,-0.15760853,,,,
234548_at,0.69626672,0.0174794,,,,
235251_at,0.69633138,-0.02702205,,,,
216026_s_at,0.6963363,0.05075301,,,,
212107_s_at,0.6963456,0.07849182,,,,
220031_at,0.69634707,0.05043844,,,,
238590_x_at,0.6963669,-0.07303132,,,,
214242_at,0.69639209,-0.02631773,,,,
1564963_x_at,0.69639265,0.05193858,,,,
218551_at,0.69640329,0.03730155,,,,
224034_at,0.69642996,-0.01962534,,,,
224549_x_at,0.69647421,0.08240101,,,,
206457_s_at,0.6964848,0.32246652,,,,
1555643_s_at,0.69651091,-0.07880919,,,,
203569_s_at,0.69653336,-0.06907541,,,,
201396_s_at,0.69654676,0.0404119,,,,
237261_at,0.69655636,0.0941863,,,,
218932_at,0.69655729,0.06374253,,,,
1554538_at,0.69656071,0.03418373,,,,
234725_s_at,0.69656746,0.11419936,,,,
233098_s_at,0.69657536,0.02172112,,,,
215390_at,0.69661774,-0.0386233,,,,
221737_at,0.69664215,0.05871134,,,,
212799_at,0.69664573,0.07293748,,,,
227154_at,0.69669876,-0.08497509,,,,
204695_at,0.69672065,-0.09489661,,,,
232072_at,0.69674263,0.06645759,,,,
244340_x_at,0.696771,-0.0732824,,,,
241534_at,0.69682881,0.06443417,,,,
216491_x_at,0.6968348,-0.19668834,,,,
232970_at,0.69685938,-0.04186205,,,,
1554512_a_at,0.6969184,0.06733079,,,,
232410_at,0.69696819,0.02496145,,,,
207182_at,0.69696854,0.01740559,,,,
219741_x_at,0.69697452,-0.06073221,,,,
1569603_at,0.6969839,-0.0245554,,,,
219650_at,0.69706027,0.06769124,,,,
213217_at,0.69708026,0.10788527,,,,
65133_i_at,0.69711197,-0.08213658,,,,
217838_s_at,0.69715588,0.09929922,,,,
232682_at,0.69718274,0.10689796,,,,
244171_at,0.6972233,-0.06532826,,,,
240368_at,0.69722445,0.03590981,,,,
225887_at,0.69724822,-0.09471459,,,,
210141_s_at,0.69729954,0.0489688,,,,
220254_at,0.69731694,-0.12923641,,,,
222795_s_at,0.69733081,-0.03471952,,,,
1557124_at,0.69734869,-0.02811327,,,,
240085_at,0.69735223,-0.01881064,,,,
201018_at,0.69735334,-0.06184633,,,,
211196_at,0.69735877,0.01594151,,,,
200907_s_at,0.69739056,0.10407921,,,,
238887_at,0.69743035,-0.03692626,,,,
234951_s_at,0.69743781,-0.0479687,,,,
214085_x_at,0.69744401,0.09747126,,,,
54051_at,0.69745671,0.03520535,,,,
201230_s_at,0.69748458,-0.03997192,,,,
200624_s_at,0.6975006,0.03784911,,,,
242691_at,0.69753772,-0.06642275,,,,
242773_at,0.6975748,-0.13830845,,,,
201134_x_at,0.69761909,0.04553833,,,,
237446_at,0.69765217,-0.02095956,,,,
205756_s_at,0.69767754,0.10875703,,,,
202728_s_at,0.69771959,0.09283054,,,,
202785_at,0.69773238,0.05244452,,,,
228548_at,0.69774512,0.06738509,,,,
1553246_a_at,0.69775007,-0.03775459,,,,
1556784_at,0.69776598,-0.03368309,,,,
215982_s_at,0.69779707,-0.06239578,,,,
209550_at,0.69783184,-0.13413668,,,,
212945_s_at,0.69783419,0.04987279,,,,
206553_at,0.6978629,-0.07327922,,,,
1568789_at,0.69786993,-0.02607087,,,,
1555515_a_at,0.69792717,-0.02425957,,,,
206189_at,0.69794073,-0.09793386,,,,
224217_s_at,0.697981,-0.05592484,,,,
243421_at,0.69799673,0.03870504,,,,
227742_at,0.69802081,-0.20680281,,,,
218721_s_at,0.69804891,-0.06689071,,,,
227658_s_at,0.69809718,-0.04822516,,,,
204964_s_at,0.69812088,0.1268202,,,,
228652_at,0.69815922,-0.07896019,,,,
239363_at,0.69816241,0.04533208,,,,
242425_at,0.69816888,0.05111571,,,,
225357_s_at,0.69824645,-0.03154753,,,,
1565909_at,0.69825205,0.03612863,,,,
1555393_s_at,0.6982756,-0.03146882,,,,
214302_x_at,0.69828047,-0.03169448,,,,
243134_at,0.69829082,0.06916296,,,,
236958_at,0.69829265,0.04633286,,,,
40016_g_at,0.69830084,0.09417442,,,,
228679_at,0.69834129,0.10125466,,,,
223420_at,0.69834753,-0.03454248,,,,
214604_at,0.69836939,-0.09744989,,,,
216049_at,0.69841117,0.02331495,,,,
235571_at,0.69844123,0.05969412,,,,
226382_at,0.69844184,0.12871906,,,,
1570152_at,0.6984471,0.01984075,,,,
225762_x_at,0.69847471,0.08577121,,,,
1556102_x_at,0.6985211,-0.06106871,,,,
218443_s_at,0.69855,-0.04983384,,,,
1563460_at,0.69856942,-0.01668146,,,,
220280_s_at,0.69860461,-0.04340075,,,,
1562847_at,0.69862562,-0.02128233,,,,
1552790_a_at,0.69868633,0.06527957,,,,
1570052_at,0.69869253,0.02338716,,,,
211873_s_at,0.69870153,-0.03131646,,,,
225321_s_at,0.69873303,0.10539454,,,,
1555836_at,0.69875486,0.02232863,,,,
221306_at,0.69876883,0.04425468,,,,
224858_at,0.69877454,0.03678226,,,,
201578_at,0.69879729,-0.09085412,,,,
1555522_s_at,0.69879739,0.05381006,,,,
229493_at,0.69883056,0.08069878,,,,
211569_s_at,0.69887144,-0.08261897,,,,
236545_at,0.69887707,-0.10064336,,,,
203825_at,0.69888488,0.05759285,,,,
1557021_s_at,0.69889136,0.04322318,,,,
236479_at,0.69889286,-0.0414463,,,,
216934_at,0.6989158,0.02822096,,,,
229307_at,0.69893151,0.09917302,,,,
209324_s_at,0.6989394,0.08868149,,,,
241872_at,0.69896327,0.03990609,,,,
216455_at,0.69899454,0.02227166,,,,
240622_at,0.69907764,0.0181493,,,,
222001_x_at,0.69908038,0.07590612,,,,
219859_at,0.69911617,0.04934549,,,,
224705_s_at,0.69911948,-0.04783391,,,,
210498_at,0.69920315,0.0178773,,,,
233298_at,0.69925321,0.01945755,,,,
210991_s_at,0.69927836,0.0421671,,,,
201203_s_at,0.69930628,0.09023317,,,,
1558983_at,0.69931932,-0.01680589,,,,
1559920_a_at,0.69932505,-0.02699918,,,,
1562943_at,0.6993792,-0.0218819,,,,
222585_x_at,0.69940227,0.07585895,,,,
213902_at,0.69946527,-0.08560973,,,,
1557984_s_at,0.69947975,0.07143378,,,,
203488_at,0.69949454,-0.06873387,,,,
243878_at,0.69950418,0.03429746,,,,
228507_at,0.69952972,0.12258365,,,,
223947_s_at,0.69953823,0.05714924,,,,
207949_s_at,0.69954076,-0.11918324,,,,
241290_at,0.69960887,0.02149245,,,,
242828_at,0.69964337,0.14379694,,,,
1568826_at,0.69964751,0.02558313,,,,
230079_at,0.6996601,-0.06484437,,,,
1564573_at,0.69966902,-0.04417624,,,,
223253_at,0.69968006,-0.11694166,,,,
201012_at,0.69972326,-0.14858865,,,,
236463_at,0.69973871,-0.02938168,,,,
226205_at,0.6997842,0.03518237,,,,
226999_at,0.69981463,0.04654118,,,,
1561762_s_at,0.69981856,0.04639143,,,,
232281_at,0.69986691,-0.04697808,,,,
225429_at,0.6998709,0.06450808,,,,
222822_s_at,0.69990484,0.03304349,,,,
220154_at,0.69992812,-0.04157722,,,,
207421_at,0.69996778,0.08754181,,,,
219590_x_at,0.69997833,0.04746805,,,,
231388_at,0.70002436,0.02863949,,,,
1553599_a_at,0.70002716,0.03355325,,,,
220809_at,0.70002864,-0.02049324,,,,
205764_at,0.70006472,-0.02144394,,,,
1561439_at,0.70006632,-0.03036925,,,,
212441_at,0.70006786,0.05223815,,,,
209539_at,0.70007562,0.11245227,,,,
238653_at,0.70008234,-0.07142412,,,,
229181_s_at,0.7001142,-0.05465677,,,,
1555562_a_at,0.70013812,-0.08929427,,,,
201930_at,0.70017106,0.0763203,,,,
239557_at,0.70017109,-0.05479228,,,,
227644_at,0.7001756,0.08674348,,,,
1566177_at,0.70017991,0.0297089,,,,
211298_s_at,0.70019566,0.55653668,,,,
226076_s_at,0.7002516,-0.0600757,,,,
241423_at,0.70029219,0.02740305,,,,
239858_at,0.70034932,0.12181926,,,,
235370_at,0.70041511,-0.06940094,,,,
221765_at,0.70045477,-0.08272472,,,,
218977_s_at,0.70050627,-0.04451208,,,,
218724_s_at,0.700517,0.11582933,,,,
233812_at,0.70056459,0.02856234,,,,
1562860_at,0.70059854,-0.01868797,,,,
238447_at,0.70060415,0.16415321,,,,
1557063_at,0.70060587,-0.01829244,,,,
206044_s_at,0.70061242,0.05754988,,,,
202087_s_at,0.70062073,-0.08446657,,,,
1558480_at,0.70066191,0.01541402,,,,
230308_at,0.70066755,-0.03465565,,,,
208021_s_at,0.7007537,0.04536076,,,,
237504_at,0.70078831,0.03900239,,,,
235331_x_at,0.70079157,0.08644108,,,,
1569675_at,0.7008009,-0.01929506,,,,
214696_at,0.7008217,0.09077854,,,,
1559902_at,0.70085032,-0.02433894,,,,
229993_at,0.70085132,0.03326625,,,,
1563560_at,0.7008636,0.03787216,,,,
228431_at,0.70086371,-0.02354229,,,,
209518_at,0.70089318,-0.04285234,,,,
1556636_at,0.7009046,-0.0275406,,,,
202309_at,0.70091266,0.08208224,,,,
213497_at,0.70091709,0.06658236,,,,
212461_at,0.70092847,0.05205864,,,,
226214_at,0.70094538,-0.05690496,,,,
225939_at,0.70096508,0.10848872,,,,
1553983_at,0.70096537,0.03997271,,,,
236999_at,0.70096628,0.02404202,,,,
217856_at,0.70097111,0.06376958,,,,
208124_s_at,0.70097432,0.0359856,,,,
1555716_a_at,0.70102159,-0.14542878,,,,
206061_s_at,0.70104665,-0.08320229,,,,
231707_at,0.70106479,-0.02642541,,,,
239128_at,0.70108024,-0.02729232,,,,
203930_s_at,0.70110113,-0.06060022,,,,
201165_s_at,0.70110816,0.03919107,,,,
1557580_at,0.70114612,0.03145942,,,,
1570032_at,0.70115193,0.03089495,,,,
239247_at,0.7011633,-0.07659819,,,,
218334_at,0.70117049,-0.04377832,,,,
206072_at,0.70117789,-0.05666004,,,,
239258_at,0.70118308,0.04491606,,,,
231326_s_at,0.70119313,-0.0257051,,,,
232087_at,0.70121296,0.08294217,,,,
220694_at,0.7012479,-0.04062734,,,,
219654_at,0.70125573,0.16178474,,,,
203681_at,0.70130141,-0.02971301,,,,
218480_at,0.70131606,0.0671527,,,,
1561309_x_at,0.70132583,-0.01606213,,,,
238459_x_at,0.70136766,0.06567102,,,,
242060_x_at,0.70139157,-0.05215065,,,,
202646_s_at,0.70141029,0.04212972,,,,
211177_s_at,0.70147445,-0.05576301,,,,
244160_at,0.70153004,0.02402431,,,,
201673_s_at,0.70153351,0.06367722,,,,
201220_x_at,0.70154089,0.07466624,,,,
205757_at,0.70162607,-0.13109846,,,,
202240_at,0.70163826,-0.05648424,,,,
204353_s_at,0.70164161,0.0725282,,,,
1557429_s_at,0.70165645,0.02728952,,,,
229570_at,0.70165654,0.05258553,,,,
223230_at,0.70166594,0.06117784,,,,
206797_at,0.70170181,-0.20649491,,,,
AFFX-r2-Bs-phe-M_at,0.70177333,0.13142047,,,,
1554908_at,0.70180652,0.01833359,,,,
210142_x_at,0.70182091,-0.04716692,,,,
232670_at,0.70188261,0.03286917,,,,
231022_at,0.7018871,0.11799035,,,,
206913_at,0.70190985,0.25110393,,,,
212465_at,0.70192107,-0.03476175,,,,
203864_s_at,0.70193502,0.08188049,,,,
212093_s_at,0.70203157,-0.09991858,,,,
241512_at,0.70205032,0.02407811,,,,
1553561_at,0.70208424,0.01945488,,,,
213659_at,0.70208599,0.06131906,,,,
229537_at,0.70209344,0.10866701,,,,
1561158_at,0.70210238,0.02522948,,,,
205195_at,0.70211702,-0.07910398,,,,
217896_s_at,0.70212568,0.03469501,,,,
237397_at,0.70216384,-0.03560449,,,,
219663_s_at,0.70216785,0.08301249,,,,
230781_at,0.70217857,-0.14844334,,,,
206386_at,0.70219433,0.33085195,,,,
220495_s_at,0.70219778,-0.05587862,,,,
211175_at,0.7022257,-0.02471145,,,,
208551_at,0.70223644,-0.02104585,,,,
202485_s_at,0.70225047,-0.03457364,,,,
1563720_at,0.70227711,0.02108104,,,,
1561360_at,0.70228015,0.02498677,,,,
1569688_at,0.70228055,-0.05935045,,,,
217366_at,0.70232234,0.02158358,,,,
200620_at,0.70232279,-0.0474304,,,,
1558202_at,0.70234265,0.02185403,,,,
215663_at,0.70241971,0.02701436,,,,
230990_at,0.70242457,-0.02388681,,,,
1559126_at,0.70243723,0.04088366,,,,
1553437_at,0.70246664,-0.03512777,,,,
225763_at,0.70249593,-0.11665946,,,,
1561640_at,0.7025171,-0.02285205,,,,
239597_at,0.70251759,0.09285375,,,,
233299_at,0.70256171,-0.01934336,,,,
201024_x_at,0.70258318,0.03944029,,,,
228751_at,0.70258444,0.10230496,,,,
1564421_at,0.70259396,-0.02174386,,,,
216478_at,0.70260577,0.01603438,,,,
209511_at,0.70270743,0.05275398,,,,
243655_x_at,0.70271349,0.01991203,,,,
233104_at,0.70272256,0.02099142,,,,
235099_at,0.7027298,0.12156903,,,,
220515_at,0.70275194,-0.02074151,,,,
214334_x_at,0.70277974,-0.03533297,,,,
243478_at,0.70278792,0.04122974,,,,
213572_s_at,0.70281548,0.12122117,,,,
232609_at,0.70282843,-0.0823039,,,,
1552622_s_at,0.7028389,0.07677854,,,,
230889_at,0.7029131,-0.02634172,,,,
237050_at,0.70291324,-0.02080079,,,,
1559011_at,0.70294422,0.02127414,,,,
212313_at,0.70296869,0.04561269,,,,
208061_at,0.70302254,-0.01920075,,,,
235263_at,0.70307709,-0.04777709,,,,
1570226_at,0.70308263,-0.01761895,,,,
227018_at,0.70309181,0.04145754,,,,
216827_at,0.70310953,-0.01785379,,,,
203927_at,0.70311232,0.06083808,,,,
1552289_a_at,0.70312032,-0.10137985,,,,
244513_at,0.70313763,-0.02992073,,,,
220417_s_at,0.70314062,-0.05605281,,,,
220940_at,0.70314804,-0.14021269,,,,
205913_at,0.70317833,-0.11388298,,,,
240755_at,0.70319754,-0.01882587,,,,
202457_s_at,0.70319789,-0.08828038,,,,
231621_at,0.70322907,-0.03568433,,,,
1565837_at,0.70323273,0.01773669,,,,
219816_s_at,0.70329314,-0.05992165,,,,
1557597_at,0.70332153,0.01709102,,,,
1559699_at,0.70334041,0.01822309,,,,
204463_s_at,0.70336809,-0.15916727,,,,
242588_at,0.70337109,0.01718348,,,,
202729_s_at,0.70338193,0.09452713,,,,
219680_at,0.70339928,0.05113593,,,,
209071_s_at,0.70341667,0.12618065,,,,
242657_at,0.70343151,0.02987059,,,,
242437_at,0.70344582,-0.03375612,,,,
212290_at,0.7034643,-0.09694298,,,,
205657_at,0.70347142,0.09061479,,,,
1568762_at,0.70353602,0.03034281,,,,
203272_s_at,0.70354347,-0.04409454,,,,
AFFX-r2-Bs-thr-M_s_at,0.70354694,0.11466739,,,,
222745_s_at,0.70356095,0.06673124,,,,
1559474_at,0.70356353,0.02048462,,,,
232002_at,0.70359058,-0.063317,,,,
226939_at,0.70360566,-0.10350982,,,,
216626_at,0.7036244,-0.02259109,,,,
203462_x_at,0.70364567,-0.05558423,,,,
202397_at,0.70366998,-0.05465557,,,,
235513_at,0.70369689,-0.06671838,,,,
213924_at,0.70369982,0.14155152,,,,
231562_at,0.70371275,0.14868334,,,,
220178_at,0.70371679,-0.0789213,,,,
1560770_at,0.70372972,-0.02078223,,,,
1566835_at,0.70375205,-0.02662994,,,,
235679_at,0.70376272,0.06815704,,,,
239642_at,0.70384004,0.02552849,,,,
1558807_at,0.70384168,0.04780168,,,,
205305_at,0.70385741,0.35837499,,,,
231574_at,0.70388835,-0.02758345,,,,
232606_at,0.70389951,0.02006511,,,,
203386_at,0.70391014,0.08025872,,,,
233224_at,0.7039325,-0.04314303,,,,
200687_s_at,0.70394133,-0.05151196,,,,
228315_at,0.70394618,0.07923612,,,,
206230_at,0.70404741,0.08395213,,,,
212341_at,0.70404887,-0.05012464,,,,
207037_at,0.70405239,0.10306972,,,,
1564547_x_at,0.7040617,0.02167932,,,,
242044_at,0.70407639,0.03970066,,,,
1554022_at,0.70408167,0.01878063,,,,
1558273_a_at,0.70416129,-0.02201197,,,,
203015_s_at,0.70416409,0.08008544,,,,
204212_at,0.70416563,-0.05236564,,,,
240585_at,0.70417894,0.01885996,,,,
218929_at,0.70417934,-0.05657552,,,,
1557014_a_at,0.70419224,-0.11571644,,,,
241462_at,0.70420079,0.03031256,,,,
239350_at,0.70422107,0.1170743,,,,
32209_at,0.70422357,0.05235205,,,,
233897_at,0.70423573,0.02386516,,,,
210418_s_at,0.70426838,0.05368756,,,,
39249_at,0.70427434,0.13048877,,,,
1553837_at,0.70429071,0.02940756,,,,
234011_at,0.70429559,-0.0220453,,,,
231450_at,0.70430613,0.02362389,,,,
238551_at,0.70438917,0.08007107,,,,
229123_at,0.70443915,0.07326361,,,,
217174_s_at,0.70444111,-0.02963427,,,,
209146_at,0.70450479,0.09859218,,,,
227808_at,0.70450928,-0.12779577,,,,
1564333_a_at,0.70451244,-0.06669157,,,,
215373_x_at,0.70451746,0.0564435,,,,
235080_at,0.70453733,-0.03480461,,,,
241417_at,0.70454218,0.04929983,,,,
231820_x_at,0.70455677,-0.04735387,,,,
231493_at,0.70459197,0.02537264,,,,
241140_at,0.70460517,-0.02421297,,,,
205598_at,0.70460568,-0.0519417,,,,
209436_at,0.70462178,0.21143219,,,,
223368_s_at,0.7046432,0.05355755,,,,
201492_s_at,0.70464387,0.01325965,,,,
240789_at,0.70465141,0.02437887,,,,
1553601_a_at,0.70468835,0.05784345,,,,
233835_at,0.7047122,0.05441978,,,,
232814_x_at,0.7047134,-0.04515944,,,,
215510_at,0.70472185,-0.0452494,,,,
243167_at,0.70472492,-0.13148315,,,,
219082_at,0.70477009,-0.06154529,,,,
243859_at,0.70477559,-0.03122203,,,,
236138_at,0.70479569,-0.02573062,,,,
202366_at,0.70482829,0.09305946,,,,
205328_at,0.70488525,-0.22590441,,,,
1557512_at,0.70492565,0.03500374,,,,
232336_at,0.70498117,0.10312147,,,,
1554203_at,0.70501024,-0.02540535,,,,
1562280_at,0.70501233,0.03747997,,,,
233491_at,0.70502013,-0.02323817,,,,
238708_at,0.70503661,-0.03223691,,,,
1558256_at,0.70504697,0.06773776,,,,
201702_s_at,0.70506069,0.06480545,,,,
203390_s_at,0.70506111,-0.05753802,,,,
1556777_a_at,0.70506165,0.03994932,,,,
235809_at,0.70506534,0.0382097,,,,
212832_s_at,0.70507505,0.05113977,,,,
202358_s_at,0.7050799,-0.05869103,,,,
1563637_at,0.70509155,-0.02381352,,,,
241201_at,0.70512765,-0.03078687,,,,
241949_at,0.705134,0.02510234,,,,
218771_at,0.70514125,-0.04764317,,,,
227256_at,0.70517665,0.06788661,,,,
238482_at,0.70518628,0.06346849,,,,
218469_at,0.70519898,-0.21970216,,,,
205833_s_at,0.7052053,0.10740141,,,,
203626_s_at,0.70521398,-0.10460097,,,,
1563546_at,0.70524714,0.01656991,,,,
203127_s_at,0.70524994,-0.05753426,,,,
1553022_at,0.70530157,0.01820767,,,,
216302_at,0.70533395,-0.02898718,,,,
209165_at,0.70534897,-0.05137193,,,,
234201_x_at,0.70538146,0.02624513,,,,
201762_s_at,0.70540194,-0.05950104,,,,
1555666_at,0.70541195,-0.01687692,,,,
234425_at,0.70554922,-0.02917473,,,,
238115_at,0.70555887,0.08907755,,,,
219054_at,0.70560561,-0.11680632,,,,
209832_s_at,0.7056395,-0.08693363,,,,
218507_at,0.70565833,0.11043227,,,,
243997_x_at,0.7056604,0.03354116,,,,
207745_at,0.70566519,-0.02212621,,,,
214857_at,0.70568237,-0.08559485,,,,
230852_at,0.70569041,0.06553297,,,,
210848_at,0.70569455,0.03965117,,,,
238005_s_at,0.70570454,0.05941065,,,,
1567341_at,0.70573618,0.03463956,,,,
219243_at,0.70575469,-0.09521411,,,,
241666_at,0.70576448,-0.06830397,,,,
239096_at,0.70579833,0.06961346,,,,
206297_at,0.70583946,-0.02412793,,,,
220422_at,0.70585624,-0.02446138,,,,
206241_at,0.70586963,0.06717488,,,,
1570447_at,0.70588971,-0.02390906,,,,
238406_x_at,0.70589652,-0.03893713,,,,
1564460_at,0.70589715,0.02136237,,,,
234970_at,0.70593066,0.17006579,,,,
236501_at,0.70593242,0.03519966,,,,
1564851_at,0.70594983,0.0258664,,,,
1564066_at,0.70599286,0.04016174,,,,
240395_at,0.7059988,-0.06621042,,,,
208911_s_at,0.70600578,-0.04984343,,,,
1566301_at,0.70603098,0.02187514,,,,
208559_at,0.70603623,0.02856705,,,,
230608_at,0.70608461,-0.03909822,,,,
1552410_at,0.70608999,0.05378285,,,,
207387_s_at,0.70609414,-0.12626455,,,,
202521_at,0.70610929,0.03228695,,,,
233579_at,0.70610963,-0.01608629,,,,
1561479_at,0.70611241,0.02689256,,,,
225896_at,0.70613925,-0.06375975,,,,
229216_s_at,0.70615875,-0.08348412,,,,
215156_at,0.70617305,-0.03603614,,,,
1564407_a_at,0.7061838,-0.0293945,,,,
223232_s_at,0.7061897,0.12830401,,,,
204514_at,0.70620583,0.05440964,,,,
237333_at,0.70620636,0.07141719,,,,
215860_at,0.70621556,-0.02849449,,,,
218208_at,0.70621622,0.08120547,,,,
202273_at,0.706231,0.0881159,,,,
214099_s_at,0.70624543,-0.04990509,,,,
218821_at,0.70624859,0.05968787,,,,
221872_at,0.70624949,0.1963966,,,,
1559580_at,0.70625061,-0.04883724,,,,
227336_at,0.70625266,0.05409653,,,,
233548_at,0.70629555,-0.02035446,,,,
217621_at,0.70629723,-0.05006605,,,,
206767_at,0.7063122,-0.09920373,,,,
239181_at,0.70638453,0.02328109,,,,
240063_at,0.7063989,-0.05443273,,,,
231500_s_at,0.706446,-0.0925506,,,,
209692_at,0.70647716,0.18131865,,,,
232213_at,0.70648672,-0.06241208,,,,
219241_x_at,0.70649568,0.04124869,,,,
206233_at,0.70649854,-0.09654006,,,,
211444_at,0.70651621,0.04650494,,,,
1569100_a_at,0.70655087,0.03062685,,,,
240957_at,0.70657521,-0.02039247,,,,
1561882_at,0.70657988,0.01671891,,,,
201992_s_at,0.70658524,0.06431159,,,,
230071_at,0.706662,-0.11174283,,,,
212612_at,0.70668093,0.06000031,,,,
211373_s_at,0.70671372,-0.07077254,,,,
238544_at,0.70672842,-0.04259284,,,,
1553401_at,0.70673085,0.02121411,,,,
1561294_a_at,0.70673929,-0.0202767,,,,
225024_at,0.70674721,0.05115151,,,,
238182_at,0.70674866,-0.03169864,,,,
213605_s_at,0.70677854,0.09223281,,,,
242286_at,0.70682515,0.09678042,,,,
240090_at,0.70683458,-0.04399667,,,,
229483_at,0.70685949,0.10179769,,,,
236843_at,0.70686007,-0.06764888,,,,
238351_x_at,0.70690108,-0.02921395,,,,
234242_at,0.70690329,-0.01795662,,,,
231042_s_at,0.70692286,-0.11054936,,,,
232438_at,0.70694379,-0.0347676,,,,
206083_at,0.70694984,0.03591623,,,,
222555_s_at,0.70697335,-0.06177852,,,,
1568612_at,0.70699625,-0.05905793,,,,
203068_at,0.70700546,0.07858749,,,,
212674_s_at,0.70701963,0.04586478,,,,
1553583_a_at,0.70704109,0.15592081,,,,
243027_at,0.70704256,0.08773904,,,,
1565906_at,0.70704846,-0.02327109,,,,
1568751_at,0.70709066,0.01534183,,,,
1558688_at,0.70709849,-0.05117169,,,,
235631_at,0.70710398,0.11348702,,,,
204051_s_at,0.70710747,0.24178743,,,,
224657_at,0.70716017,0.12343824,,,,
202206_at,0.70716503,0.11105711,,,,
1561829_at,0.70718605,0.03785799,,,,
204662_at,0.70718617,-0.07459594,,,,
202106_at,0.70720082,0.04588444,,,,
225187_at,0.7072041,0.05104121,,,,
203873_at,0.70721319,0.03336471,,,,
235378_at,0.7072392,0.07106767,,,,
243230_at,0.70727669,-0.01790361,,,,
231444_at,0.70729098,-0.0244593,,,,
1568844_at,0.70729591,0.01752039,,,,
234946_at,0.70734757,-0.05041194,,,,
208549_x_at,0.70735981,-0.0540518,,,,
212084_at,0.70737586,0.04284616,,,,
226686_at,0.70737726,0.06450762,,,,
213817_at,0.70741457,0.14749151,,,,
213214_x_at,0.707449,-0.02316935,,,,
238753_at,0.70746571,-0.03651759,,,,
231906_at,0.70746887,0.15035568,,,,
219709_x_at,0.70747175,-0.05707869,,,,
228208_x_at,0.70748608,0.05838637,,,,
241840_at,0.707504,-0.03701312,,,,
207756_at,0.70759392,-0.02880531,,,,
200655_s_at,0.70759644,-0.04806637,,,,
212519_at,0.70761904,-0.03914637,,,,
236412_at,0.70764852,0.02128055,,,,
218039_at,0.70765194,0.08809881,,,,
242069_at,0.70767918,0.08457923,,,,
217093_at,0.70769505,-0.01571142,,,,
226439_s_at,0.70771472,-0.11675774,,,,
242953_at,0.70773172,0.0503572,,,,
207173_x_at,0.70773222,-0.17333575,,,,
1559612_at,0.70774416,0.01448703,,,,
240916_x_at,0.70782593,-0.02318674,,,,
1554822_at,0.70788104,-0.02287151,,,,
235610_at,0.7078986,0.07405468,,,,
1559374_at,0.70792945,0.0192915,,,,
219413_at,0.70793327,-0.05835487,,,,
1565027_at,0.70795755,-0.02389228,,,,
201305_x_at,0.70797489,0.04365116,,,,
212186_at,0.70797673,-0.0558241,,,,
224200_s_at,0.70799099,0.08127956,,,,
222898_s_at,0.7080254,-0.03470952,,,,
220251_at,0.7080828,-0.07607441,,,,
210921_at,0.70808675,-0.0224072,,,,
224474_x_at,0.70809729,-0.04485504,,,,
226290_at,0.70810759,0.05922018,,,,
235991_at,0.7081107,0.02587576,,,,
216396_s_at,0.70813463,0.05194134,,,,
240139_at,0.70819658,0.05778635,,,,
235484_at,0.70819892,0.05969238,,,,
214118_x_at,0.7082419,0.05389435,,,,
234699_at,0.70825382,-0.10890693,,,,
208144_s_at,0.70825923,-0.02239177,,,,
201306_s_at,0.70826143,-0.04428453,,,,
206119_at,0.70826533,0.30464816,,,,
1553470_at,0.70828385,0.02490579,,,,
229140_at,0.7083159,-0.03445667,,,,
223746_at,0.70832441,-0.07807357,,,,
238026_at,0.7083404,0.06421706,,,,
216301_at,0.70835434,-0.0261815,,,,
1558960_a_at,0.70835839,0.02534761,,,,
239175_at,0.70837802,0.0867264,,,,
226395_at,0.70842807,0.06932936,,,,
1556766_at,0.70842839,-0.02848492,,,,
236971_at,0.7084395,0.02863949,,,,
215602_at,0.70845198,-0.02656042,,,,
1562084_at,0.70848155,-0.01729829,,,,
223098_s_at,0.70850308,0.07092572,,,,
202192_s_at,0.70853389,0.11437476,,,,
215482_s_at,0.70859094,0.03779318,,,,
1555538_s_at,0.70862752,0.02258103,,,,
208850_s_at,0.70863204,0.12368321,,,,
201065_s_at,0.70864393,0.04660438,,,,
218535_s_at,0.70866761,0.05348325,,,,
212424_at,0.70875109,0.05140506,,,,
202337_at,0.70875668,-0.06644954,,,,
237165_at,0.70876203,-0.02788243,,,,
233770_at,0.70876419,0.02872101,,,,
209251_x_at,0.70877189,-0.04285429,,,,
222984_at,0.70878157,0.04351858,,,,
226956_at,0.70885076,-0.04037484,,,,
1563250_at,0.70886451,-0.03112222,,,,
234470_at,0.70888988,-0.02812532,,,,
1556095_at,0.70889597,0.01876947,,,,
200929_at,0.70891477,0.05865275,,,,
223295_s_at,0.70895457,0.06400609,,,,
213765_at,0.70896813,0.28779819,,,,
204276_at,0.70897767,-0.06960773,,,,
207795_s_at,0.70899866,-0.05549015,,,,
231850_x_at,0.70900497,0.06075,,,,
219898_at,0.70900727,0.04082603,,,,
219008_at,0.70901069,0.07554324,,,,
205267_at,0.70902227,-0.19867482,,,,
1554686_at,0.70902228,0.03962385,,,,
236000_s_at,0.70907474,0.07757018,,,,
237379_at,0.70908578,0.0205198,,,,
232919_at,0.70916673,0.03586375,,,,
236498_s_at,0.70917294,-0.03191819,,,,
226603_at,0.70919919,-0.10873121,,,,
1570284_x_at,0.70919972,-0.01898519,,,,
214291_at,0.70921343,0.08240134,,,,
229714_at,0.70922395,0.04917725,,,,
220583_at,0.70923326,0.02358836,,,,
226281_at,0.70924846,-0.20592353,,,,
225898_at,0.70926635,-0.08878323,,,,
224610_at,0.70926951,0.10639714,,,,
213197_at,0.70930814,0.04697586,,,,
238979_at,0.70933139,-0.0272118,,,,
1561341_at,0.70934698,-0.02690898,,,,
241333_x_at,0.70935188,0.02166004,,,,
1557705_a_at,0.70936035,-0.02500334,,,,
235760_at,0.70936625,-0.06798145,,,,
213871_s_at,0.70937044,0.02652536,,,,
240362_at,0.70937354,0.02874547,,,,
209326_at,0.70939998,0.06040337,,,,
220351_at,0.70949501,0.18093037,,,,
207551_s_at,0.7095537,0.05558678,,,,
238310_at,0.70956273,-0.01859759,,,,
231513_at,0.70957135,-0.09727214,,,,
212782_x_at,0.70959286,-0.03965341,,,,
215262_at,0.70963091,-0.03545605,,,,
215248_at,0.70964458,0.0592341,,,,
242419_at,0.7096467,-0.0261801,,,,
223657_at,0.70966863,-0.08523203,,,,
203219_s_at,0.70968527,0.05798474,,,,
234839_at,0.70975325,-0.01880626,,,,
206325_at,0.70976815,0.29637599,,,,
215566_x_at,0.70978311,-0.04433493,,,,
244097_at,0.7097939,-0.01806121,,,,
219948_x_at,0.709835,0.22134223,,,,
207481_at,0.70985498,-0.0166723,,,,
241156_at,0.70990309,0.06501832,,,,
1560543_at,0.70990717,0.03050522,,,,
203809_s_at,0.70991208,-0.06750413,,,,
243716_at,0.71000613,0.03101035,,,,
227915_at,0.71001197,-0.11516358,,,,
211154_at,0.71004266,0.04460738,,,,
231529_at,0.71007045,0.02264407,,,,
1555035_a_at,0.71008437,0.02405852,,,,
1554759_at,0.71013372,-0.01813308,,,,
216999_at,0.71013584,-0.01873788,,,,
211139_s_at,0.7101359,0.08473727,,,,
208978_at,0.71014201,-0.11500333,,,,
227399_at,0.71017677,0.18807214,,,,
206288_at,0.71018401,0.07236091,,,,
244349_at,0.71020728,-0.04702162,,,,
1563572_at,0.71026896,0.0158169,,,,
1557352_at,0.71027004,0.06411268,,,,
216050_at,0.71027043,-0.06366392,,,,
229304_s_at,0.71027367,-0.08932248,,,,
240701_at,0.7102752,-0.04381864,,,,
1564323_at,0.71029586,-0.03902757,,,,
224703_at,0.71029738,0.04600693,,,,
1555763_x_at,0.7102984,-0.02686096,,,,
216918_s_at,0.71030195,0.12569528,,,,
39549_at,0.71037967,-0.12743958,,,,
227087_at,0.71038741,0.06298732,,,,
201434_at,0.71048351,-0.04455409,,,,
226377_at,0.71060647,0.07208713,,,,
240021_at,0.71062394,0.02112056,,,,
210002_at,0.71064779,-0.1868282,,,,
210886_x_at,0.71066676,0.06833681,,,,
212167_s_at,0.71069619,-0.0760794,,,,
202027_at,0.71070051,-0.04305846,,,,
1561263_at,0.71071763,-0.02384704,,,,
236438_at,0.71071939,-0.02316078,,,,
231351_at,0.71076294,-0.04066706,,,,
221264_s_at,0.71078143,0.07024561,,,,
234426_x_at,0.71078506,-0.01935543,,,,
227006_at,0.71082632,-0.13390162,,,,
217476_at,0.71088144,-0.03109486,,,,
213329_at,0.71090588,0.07892653,,,,
202092_s_at,0.71099137,-0.05749386,,,,
236783_at,0.71100527,-0.05723765,,,,
224396_s_at,0.71102627,0.12405396,,,,
242386_x_at,0.71104554,-0.02741044,,,,
229756_at,0.71105476,-0.05804229,,,,
214156_at,0.71111181,0.16466183,,,,
218197_s_at,0.71111456,-0.06414772,,,,
1561334_at,0.71111519,-0.03345608,,,,
215113_s_at,0.71113689,0.05796725,,,,
1566269_at,0.71114003,0.01776259,,,,
242188_at,0.71114032,0.05576358,,,,
210482_x_at,0.71115807,-0.04055819,,,,
228303_at,0.71120819,0.15501612,,,,
219501_at,0.71121734,-0.11932542,,,,
1564405_at,0.71122187,0.01562435,,,,
244043_at,0.71122352,0.0628376,,,,
236330_at,0.71123699,-0.06183732,,,,
214229_at,0.71128151,0.05600893,,,,
212907_at,0.71130664,0.07520825,,,,
1560634_a_at,0.71131294,-0.02443242,,,,
208000_at,0.71131705,-0.02736702,,,,
204367_at,0.71135581,0.03978627,,,,
1569714_at,0.71136729,0.03243697,,,,
222083_at,0.71141433,0.21267662,,,,
207767_s_at,0.71141795,-0.03012237,,,,
238112_at,0.71141943,-0.0405308,,,,
228613_at,0.71145431,0.09035908,,,,
216330_s_at,0.71147741,-0.02872786,,,,
238516_at,0.71147843,0.04500686,,,,
213378_s_at,0.71147851,-0.05594382,,,,
215647_at,0.71148822,0.01727566,,,,
214060_at,0.71150181,-0.03618448,,,,
242759_at,0.71151793,-0.06186413,,,,
204972_at,0.71154842,0.12727584,,,,
242439_s_at,0.71156228,0.06841875,,,,
236650_at,0.71159052,0.02735747,,,,
203802_x_at,0.71159918,-0.04573921,,,,
219795_at,0.71160057,-0.29095933,,,,
1566979_at,0.71160113,-0.01946268,,,,
1558420_at,0.71160174,-0.0303565,,,,
223710_at,0.71160403,-0.08119135,,,,
221263_s_at,0.71161815,0.04734582,,,,
222991_s_at,0.71163785,-0.05166191,,,,
1561915_at,0.71168377,0.02842007,,,,
205206_at,0.71169622,0.13512431,,,,
244153_at,0.7117083,0.03888986,,,,
234104_at,0.7117149,0.04402153,,,,
204202_at,0.71173402,-0.06846076,,,,
1554813_at,0.7117617,-0.02371849,,,,
1554865_at,0.71176608,-0.01524367,,,,
200097_s_at,0.71180749,-0.02409153,,,,
212459_x_at,0.71180857,-0.07567973,,,,
232424_at,0.71180877,0.11750801,,,,
1553935_at,0.71183127,0.02176905,,,,
1566772_at,0.7118352,0.0205867,,,,
219140_s_at,0.71185355,-0.36977437,,,,
1561889_at,0.71186468,-0.02163153,,,,
214581_x_at,0.71187652,-0.10818685,,,,
228061_at,0.71188839,0.06384017,,,,
205556_at,0.71191704,-0.0167902,,,,
215926_x_at,0.71197343,0.03566406,,,,
243328_at,0.71198337,-0.01525171,,,,
242490_at,0.71200245,-0.05534638,,,,
218678_at,0.71204517,0.09631156,,,,
217351_at,0.71206996,-0.03607906,,,,
223372_at,0.71208155,0.02899382,,,,
58916_at,0.71209166,0.17709738,,,,
224210_s_at,0.71209182,-0.07707067,,,,
204485_s_at,0.71211994,0.11297065,,,,
206176_at,0.71212021,0.12055625,,,,
209684_at,0.7121349,0.08828255,,,,
217928_s_at,0.71218881,-0.03455607,,,,
1558082_at,0.71221332,-0.03358608,,,,
210358_x_at,0.71225466,-0.05600168,,,,
210884_s_at,0.71226593,0.02050666,,,,
219523_s_at,0.71228666,0.12735924,,,,
234672_s_at,0.71230082,0.06005831,,,,
228837_at,0.71230289,0.12134481,,,,
216134_at,0.71231936,0.02517311,,,,
213018_at,0.71233567,-0.05399305,,,,
210690_at,0.71234875,0.02217044,,,,
224247_s_at,0.71234925,0.0662558,,,,
223450_s_at,0.71236819,-0.07303164,,,,
215693_x_at,0.71237565,-0.04544837,,,,
204101_at,0.71239729,-0.07097026,,,,
241016_at,0.71240375,-0.01541831,,,,
220118_at,0.71246709,-0.02142423,,,,
212523_s_at,0.71247435,0.06266816,,,,
226388_at,0.71250306,0.15004941,,,,
1553873_at,0.7125083,0.07798955,,,,
202699_s_at,0.71251381,-0.07884783,,,,
240469_at,0.71254874,0.01344986,,,,
1554192_s_at,0.712551,-0.02792252,,,,
204330_s_at,0.71255277,-0.06788669,,,,
238068_at,0.71255552,-0.03534683,,,,
227127_at,0.71257321,-0.03491537,,,,
231591_at,0.71257939,0.13716667,,,,
240517_at,0.71260035,0.03420237,,,,
218914_at,0.71261276,-0.04966051,,,,
222827_s_at,0.71263858,0.1803513,,,,
218625_at,0.71265182,-0.17357888,,,,
211832_s_at,0.7126648,-0.06641543,,,,
233464_at,0.71275027,-0.01875996,,,,
201225_s_at,0.71275899,-0.03553993,,,,
224695_at,0.71276497,-0.0626109,,,,
1555938_x_at,0.71277897,0.09230072,,,,
202702_at,0.71282219,-0.04309621,,,,
203990_s_at,0.71284449,-0.07259071,,,,
204571_x_at,0.7128448,0.04650308,,,,
212878_s_at,0.71287717,-0.0674566,,,,
224891_at,0.71288503,-0.05817336,,,,
215223_s_at,0.71288737,-0.10930196,,,,
242478_at,0.71290336,0.08407935,,,,
234529_at,0.7129049,0.01887381,,,,
216953_s_at,0.71290526,-0.13740232,,,,
1563502_at,0.71295365,0.02975679,,,,
1570042_a_at,0.71298483,0.03004333,,,,
228259_s_at,0.71299831,-0.07010863,,,,
1556053_at,0.71300878,-0.06602994,,,,
227249_at,0.71301041,0.08024785,,,,
224854_s_at,0.71301258,-0.05959667,,,,
243323_s_at,0.71304179,-0.04743513,,,,
205345_at,0.71304679,0.0756764,,,,
231274_s_at,0.71306221,-0.0688382,,,,
234539_at,0.71306244,-0.02068894,,,,
229984_at,0.71306258,0.05800986,,,,
221880_s_at,0.71308869,0.09570737,,,,
1555262_a_at,0.71310229,0.03542465,,,,
1561521_at,0.71310948,0.01365965,,,,
225340_s_at,0.7131166,0.04327724,,,,
210657_s_at,0.71311706,0.1399767,,,,
218484_at,0.71312101,0.12835419,,,,
222548_s_at,0.71313831,-0.07437261,,,,
1558407_at,0.71314233,-0.01938665,,,,
234834_at,0.71315276,0.02849681,,,,
206472_s_at,0.7131538,0.06567963,,,,
241148_at,0.71317549,-0.0265424,,,,
1556272_a_at,0.71320715,0.01744659,,,,
225029_at,0.71321693,-0.06783794,,,,
206581_at,0.71322264,0.13270144,,,,
1555278_a_at,0.71322811,-0.07023923,,,,
239331_at,0.71329164,-0.09466113,,,,
1559573_at,0.71331596,0.1966659,,,,
224613_s_at,0.71332033,-0.06045085,,,,
224338_s_at,0.71332037,-0.05256406,,,,
209948_at,0.71334635,0.075484,,,,
215029_at,0.71334936,0.04689923,,,,
221770_at,0.71336976,-0.05207609,,,,
1570491_at,0.71341429,-0.01670541,,,,
1564567_at,0.71344067,0.01310235,,,,
222736_s_at,0.71345207,-0.08178182,,,,
1559496_at,0.71349335,-0.08698451,,,,
219758_at,0.71352544,0.05491484,,,,
239307_at,0.71354368,0.07585534,,,,
205362_s_at,0.71357716,0.07370343,,,,
210027_s_at,0.71359975,0.0462065,,,,
239447_at,0.71361771,0.04384534,,,,
1561156_at,0.71362079,-0.01640203,,,,
1558672_at,0.71367702,-0.01510962,,,,
212400_at,0.71371504,-0.06334593,,,,
209068_at,0.71371937,0.06459812,,,,
217610_at,0.71371988,0.04324203,,,,
225948_at,0.71378648,0.04726097,,,,
228739_at,0.7138022,0.1263075,,,,
220875_at,0.71382418,0.02040612,,,,
221715_at,0.71385005,-0.02335901,,,,
241537_at,0.71385577,-0.01341577,,,,
215587_x_at,0.71385778,0.04522885,,,,
218459_at,0.71387295,0.05069668,,,,
233435_at,0.7139022,0.03681022,,,,
230705_at,0.7139304,0.03025902,,,,
243600_at,0.71394928,0.02847438,,,,
201713_s_at,0.7139495,-0.04439808,,,,
1553917_at,0.71396358,-0.03121938,,,,
213056_at,0.71397458,0.09834512,,,,
210543_s_at,0.71397679,-0.08240958,,,,
53912_at,0.71398423,-0.03776696,,,,
218902_at,0.71398684,0.08626259,,,,
224171_at,0.714022,0.0242483,,,,
206680_at,0.71405012,0.18277494,,,,
227013_at,0.71406463,-0.07003307,,,,
235637_s_at,0.71407459,0.03249414,,,,
233963_at,0.71413122,0.02685632,,,,
224918_x_at,0.71413309,-0.2055567,,,,
231753_s_at,0.71415794,-0.02274613,,,,
227652_at,0.71419334,-0.04740883,,,,
207760_s_at,0.71420521,0.05981885,,,,
221624_at,0.71420686,-0.02645658,,,,
212106_at,0.71421324,-0.0512955,,,,
218412_s_at,0.71422893,-0.07124467,,,,
223699_at,0.71423769,0.1921697,,,,
231229_at,0.71426942,0.06722878,,,,
1553131_a_at,0.71427693,0.04482626,,,,
1567064_at,0.71434432,-0.02075363,,,,
201544_x_at,0.71435682,-0.03897309,,,,
1556629_a_at,0.71436526,0.10241794,,,,
1555787_at,0.7143755,0.03501543,,,,
202482_x_at,0.71438253,-0.03875284,,,,
1559618_at,0.71439638,-0.02377563,,,,
217700_at,0.71440284,-0.02539377,,,,
242382_at,0.71440535,0.02915065,,,,
1559180_at,0.71441107,0.01584389,,,,
1569369_at,0.71446727,0.06756308,,,,
224244_s_at,0.71450715,0.23351174,,,,
224093_at,0.71451375,0.01398637,,,,
214705_at,0.71451901,0.08982004,,,,
215036_at,0.71457728,0.03532593,,,,
233029_at,0.71458525,0.06753402,,,,
203656_at,0.71460229,-0.0561126,,,,
211501_s_at,0.71463467,-0.05629768,,,,
235011_at,0.71463564,0.05679706,,,,
221488_s_at,0.71463968,0.05074748,,,,
210056_at,0.71464518,0.11971763,,,,
1565762_at,0.71466098,0.04202235,,,,
205380_at,0.71473692,0.24768978,,,,
234976_x_at,0.71476229,-0.08539822,,,,
229051_at,0.71478997,-0.03788102,,,,
210892_s_at,0.71479862,0.07342772,,,,
215353_at,0.71484656,0.03082127,,,,
231119_at,0.71487092,-0.05290379,,,,
212993_at,0.7149054,-0.06572931,,,,
224163_s_at,0.71491834,-0.05827171,,,,
236114_at,0.71492356,0.10056104,,,,
205654_at,0.71495985,-0.31562922,,,,
223099_s_at,0.71496196,-0.07078295,,,,
1556387_at,0.71497911,0.13937046,,,,
238259_at,0.71498311,-0.02990417,,,,
234492_at,0.71505148,-0.01788033,,,,
200631_s_at,0.7151459,0.04372771,,,,
1566501_at,0.71524238,-0.02360851,,,,
1558658_at,0.71524652,0.01577461,,,,
218204_s_at,0.71525853,0.06121128,,,,
235104_at,0.71526372,-0.14125523,,,,
221541_at,0.71531616,-0.12444494,,,,
211194_s_at,0.71532241,0.13694119,,,,
1554126_at,0.7153229,0.04035468,,,,
227955_s_at,0.71532881,0.17740832,,,,
242305_at,0.71532994,0.05466252,,,,
241355_at,0.71534443,-0.09185643,,,,
208047_s_at,0.71537752,0.09613065,,,,
1562600_at,0.7153853,-0.02469037,,,,
201261_x_at,0.71539442,0.09580725,,,,
227287_at,0.71539909,0.03071211,,,,
213565_s_at,0.71543182,-0.03475734,,,,
241639_at,0.71544159,0.02654718,,,,
232239_at,0.71546446,0.09073139,,,,
224120_at,0.71547227,0.02121126,,,,
202190_at,0.7154731,0.05830965,,,,
243584_at,0.71549484,0.1243483,,,,
207988_s_at,0.71553497,0.04085074,,,,
204352_at,0.71556086,-0.11974875,,,,
1559289_at,0.71558306,-0.02503218,,,,
1559410_at,0.71561807,-0.08053749,,,,
220526_s_at,0.71562688,-0.04050761,,,,
236212_at,0.71569052,-0.03482014,,,,
234283_at,0.71570618,0.03043538,,,,
216575_at,0.71573208,-0.01922014,,,,
202297_s_at,0.71573383,-0.05816279,,,,
240837_at,0.71573974,-0.03457089,,,,
225057_at,0.7157738,0.0540158,,,,
205034_at,0.71577431,-0.12301732,,,,
215893_x_at,0.7158574,0.01668075,,,,
212708_at,0.71586321,0.04032655,,,,
243847_at,0.71589588,0.01647227,,,,
1554916_a_at,0.71592292,-0.03807965,,,,
203989_x_at,0.71592751,-0.08375169,,,,
241867_at,0.7159874,0.06993918,,,,
230546_at,0.71603662,0.02655149,,,,
215988_s_at,0.71606587,-0.02779855,,,,
1569393_at,0.71607432,-0.01992729,,,,
1560673_at,0.71612782,-0.01742743,,,,
232890_at,0.71614434,0.04207123,,,,
207360_s_at,0.71617574,0.02902549,,,,
233441_at,0.71618273,-0.02588761,,,,
236081_at,0.71620255,0.09727239,,,,
221791_s_at,0.7162197,0.0382678,,,,
1556201_at,0.7162663,-0.02027161,,,,
1559881_s_at,0.71627602,0.06156853,,,,
238192_at,0.71629018,0.03675766,,,,
212892_at,0.71631562,-0.05172002,,,,
229381_at,0.71637976,-0.12320887,,,,
229584_at,0.71639725,-0.14876092,,,,
241045_at,0.71639864,0.02593577,,,,
227411_at,0.71641955,0.07469318,,,,
237681_at,0.71643256,0.03546969,,,,
218172_s_at,0.71645873,0.06172989,,,,
230083_at,0.71650438,-0.09298533,,,,
227856_at,0.71653505,0.11379088,,,,
242571_at,0.71656335,-0.0907476,,,,
203683_s_at,0.71658242,0.05087143,,,,
244871_s_at,0.71661049,-0.04494942,,,,
212485_at,0.71661713,0.02901758,,,,
210567_s_at,0.71664344,0.11910727,,,,
1556810_a_at,0.71665887,0.01637317,,,,
239933_x_at,0.71667142,0.03939854,,,,
232743_at,0.71668049,-0.02376662,,,,
236111_at,0.71669772,-0.02652643,,,,
223880_x_at,0.716704,-0.05505713,,,,
211092_s_at,0.71671562,-0.06251332,,,,
203527_s_at,0.71672476,0.05082077,,,,
239966_at,0.71677926,-0.03342452,,,,
1561352_at,0.71680512,-0.02683004,,,,
221279_at,0.71682361,0.06739553,,,,
219687_at,0.71685032,0.08693995,,,,
213722_at,0.71685341,-0.03620637,,,,
221235_s_at,0.716876,-0.04484137,,,,
235340_at,0.71691296,-0.03149187,,,,
226202_at,0.71692493,0.04929373,,,,
207606_s_at,0.71697233,0.06226801,,,,
235660_at,0.71698283,-0.0398535,,,,
230569_at,0.71702498,0.06233892,,,,
213938_at,0.71705072,0.06693159,,,,
229234_at,0.71706994,-0.06754895,,,,
1554143_a_at,0.71707625,-0.04588065,,,,
203377_s_at,0.71708751,0.06898626,,,,
235462_at,0.71710129,0.01866236,,,,
1598_g_at,0.71710645,-0.07130259,,,,
217104_at,0.7171372,-0.05560333,,,,
240541_at,0.71717708,-0.02233106,,,,
210562_at,0.71720474,-0.01616,,,,
235791_x_at,0.71721971,0.06542689,,,,
1568921_at,0.71723042,-0.02036958,,,,
202573_at,0.7172644,-0.03710088,,,,
218467_at,0.71728941,0.03920194,,,,
240297_at,0.7172952,-0.06482696,,,,
209605_at,0.71729827,0.14124185,,,,
228033_at,0.71730357,0.13320981,,,,
237069_s_at,0.7173078,0.11483139,,,,
209044_x_at,0.71734258,0.05983243,,,,
216058_s_at,0.71734386,0.18551991,,,,
235538_at,0.71739212,-0.04284707,,,,
225654_at,0.71740371,0.03140881,,,,
230686_s_at,0.71742198,-0.04682917,,,,
1562717_at,0.71751441,-0.02281374,,,,
210065_s_at,0.71759298,-0.17626408,,,,
212457_at,0.71759713,-0.04816782,,,,
226499_at,0.71762088,0.10808748,,,,
243018_at,0.71763321,0.14298365,,,,
221191_at,0.71763775,-0.04342834,,,,
221768_at,0.71770393,-0.09504133,,,,
242111_at,0.71770436,-0.04105168,,,,
1565910_at,0.71774925,0.02237983,,,,
241435_at,0.7177572,-0.08634061,,,,
204884_s_at,0.71781699,-0.04292395,,,,
207437_at,0.71784079,0.07644741,,,,
223142_s_at,0.71788157,-0.05671199,,,,
208029_s_at,0.71788262,0.11745529,,,,
225348_at,0.71788503,0.0585778,,,,
208865_at,0.71789582,-0.04372507,,,,
1562457_at,0.71790531,-0.01959915,,,,
230220_at,0.71791394,-0.05973063,,,,
226053_at,0.71793933,-0.04442093,,,,
239216_at,0.71796893,0.02161126,,,,
227319_at,0.71797661,0.04578943,,,,
223121_s_at,0.71800078,0.25968706,,,,
214438_at,0.71801213,-0.08005286,,,,
217535_at,0.71812467,-0.01833445,,,,
243110_x_at,0.71814843,0.17113645,,,,
202000_at,0.7181825,0.04213604,,,,
202781_s_at,0.71818531,-0.04742213,,,,
224792_at,0.7182187,0.06584679,,,,
202739_s_at,0.71823637,-0.04956729,,,,
1566938_at,0.7182915,-0.01889493,,,,
207108_s_at,0.71832228,-0.06144286,,,,
223634_at,0.71832254,0.06901146,,,,
240512_x_at,0.71837744,-0.04895651,,,,
223049_at,0.71838388,-0.04493269,,,,
212429_s_at,0.71843601,0.04511199,,,,
239452_at,0.71847333,0.06252701,,,,
220176_at,0.71852168,0.05147189,,,,
229509_at,0.71853441,0.05529429,,,,
220747_at,0.71853745,-0.03209659,,,,
1566278_at,0.71855484,0.0238748,,,,
220061_at,0.71856407,0.20647996,,,,
220842_at,0.71860639,-0.04719947,,,,
230671_at,0.71862449,-0.05301961,,,,
1556257_at,0.71863748,-0.02216551,,,,
217585_at,0.71866119,0.04650115,,,,
213139_at,0.71868422,0.15445351,,,,
228148_at,0.7187234,0.04518009,,,,
234530_s_at,0.71877478,-0.0263212,,,,
223798_at,0.71882277,0.10358387,,,,
212235_at,0.71884923,0.07824402,,,,
218390_s_at,0.71885641,-0.03407523,,,,
220898_at,0.71886306,0.06013511,,,,
222734_at,0.71888537,-0.0842358,,,,
217935_s_at,0.71888633,-0.0484761,,,,
213211_s_at,0.71888945,0.05299807,,,,
209186_at,0.71890436,-0.06357969,,,,
221520_s_at,0.71892793,-0.08340588,,,,
230748_at,0.7189495,-0.14921542,,,,
223592_s_at,0.71901781,-0.07459108,,,,
242921_at,0.71908544,-0.02371705,,,,
229359_at,0.71908662,-0.06826563,,,,
240281_at,0.71911599,0.02760657,,,,
203829_at,0.7191249,-0.04140805,,,,
209472_at,0.71912658,-0.05953359,,,,
235063_at,0.71914321,-0.06920962,,,,
1559658_at,0.71915791,0.02819136,,,,
1556366_s_at,0.71916332,-0.01479499,,,,
1560576_at,0.71916705,-0.02338947,,,,
1553442_a_at,0.71917831,-0.02309248,,,,
230817_at,0.71918675,-0.02098757,,,,
232026_at,0.71918999,0.06131085,,,,
217773_s_at,0.71922189,0.04818362,,,,
1558687_a_at,0.71930606,0.12868894,,,,
231597_x_at,0.71931827,-0.09512847,,,,
222065_s_at,0.71935048,0.05451357,,,,
216813_at,0.71935143,0.023934,,,,
1564424_at,0.71936768,-0.03648458,,,,
229541_at,0.71939047,0.04485982,,,,
225333_at,0.71939347,0.03665976,,,,
222800_at,0.71939461,0.04688405,,,,
234251_at,0.71948018,0.02797507,,,,
AFFX-r2-Bs-dap-3_at,0.71950093,0.08785394,,,,
210337_s_at,0.71951249,-0.06848552,,,,
225325_at,0.71959142,0.1142134,,,,
237631_at,0.71961165,-0.0271589,,,,
214370_at,0.71963091,0.14314586,,,,
231683_at,0.71963716,0.140666,,,,
226781_at,0.7196491,0.0821639,,,,
208617_s_at,0.71974733,-0.0564976,,,,
207616_s_at,0.71974915,0.05041343,,,,
239439_at,0.71975128,0.07860115,,,,
210411_s_at,0.71977232,-0.0193239,,,,
226726_at,0.71977513,-0.11594679,,,,
1553238_a_at,0.71984669,0.02177136,,,,
227296_at,0.71984982,0.08954974,,,,
221940_at,0.71985351,0.03500144,,,,
207824_s_at,0.71986318,-0.06782835,,,,
217586_x_at,0.71988173,0.04659819,,,,
1553717_at,0.71989486,-0.0382277,,,,
201998_at,0.71991897,0.1492818,,,,
1566865_at,0.71992281,0.01719021,,,,
203576_at,0.71992517,-0.05999122,,,,
204187_at,0.7199619,0.13703554,,,,
215277_at,0.71997887,-0.03551924,,,,
1564309_at,0.72007841,-0.02008428,,,,
205075_at,0.72008748,0.21397512,,,,
1563590_at,0.72010486,-0.02079456,,,,
230758_at,0.72012565,0.0655747,,,,
1560346_at,0.72021787,0.03522765,,,,
229764_at,0.72022292,-0.16623002,,,,
1556332_at,0.72023044,-0.05886036,,,,
220884_at,0.72023439,0.01355604,,,,
1566863_at,0.72029491,-0.02253667,,,,
1563186_at,0.72030862,0.01481836,,,,
218255_s_at,0.72032208,0.0314689,,,,
241539_at,0.72037288,-0.01947655,,,,
244584_at,0.72039632,-0.02333144,,,,
230515_at,0.7204128,0.03436321,,,,
242694_at,0.72041593,-0.01964992,,,,
236704_at,0.72044219,0.0857733,,,,
223724_s_at,0.72046142,-0.04737033,,,,
239576_at,0.72046704,-0.05552118,,,,
241861_at,0.72048119,-0.08747776,,,,
233637_at,0.72048955,-0.0246386,,,,
1553075_a_at,0.72049486,-0.01547353,,,,
217405_x_at,0.72049846,0.04086201,,,,
1561560_at,0.72053569,-0.02209709,,,,
226144_at,0.72055811,-0.02713239,,,,
240538_at,0.72057451,0.05542203,,,,
1556227_at,0.72061154,-0.04777706,,,,
223255_at,0.72062232,0.06387477,,,,
206147_x_at,0.72063165,0.05083992,,,,
205658_s_at,0.72063986,0.04513794,,,,
241529_at,0.72065673,0.03061588,,,,
231084_at,0.72069963,-0.04553911,,,,
209895_at,0.72071801,-0.06900126,,,,
237550_at,0.72072132,0.02030597,,,,
204008_at,0.72072509,0.05086282,,,,
239309_at,0.72075414,0.09542479,,,,
240947_at,0.72076596,0.03997873,,,,
208757_at,0.72076852,-0.04021837,,,,
230998_at,0.72078054,0.08367141,,,,
202063_s_at,0.72079875,0.06036407,,,,
1554408_a_at,0.72084059,-0.09640209,,,,
238508_at,0.72084486,0.04857441,,,,
235115_at,0.72086745,-0.03837858,,,,
237445_at,0.72088898,-0.02810032,,,,
226693_at,0.72089677,-0.06675036,,,,
44146_at,0.72090971,0.03434745,,,,
211044_at,0.720963,-0.02428766,,,,
221550_at,0.72096727,0.05423332,,,,
204738_s_at,0.72099156,0.02921438,,,,
235584_at,0.72099873,0.02540894,,,,
215061_at,0.7210063,0.02738554,,,,
224196_x_at,0.72101169,0.04934883,,,,
205645_at,0.72102304,-0.09310618,,,,
203575_at,0.72110167,-0.04964521,,,,
226540_at,0.7211395,0.04276967,,,,
1564244_a_at,0.72114463,-0.01629585,,,,
219368_at,0.72115421,0.13553663,,,,
1560587_s_at,0.72115505,-0.05846566,,,,
228265_at,0.72117706,-0.0209623,,,,
223917_s_at,0.72118325,0.04791454,,,,
229007_at,0.7212315,-0.10098492,,,,
201029_s_at,0.72123891,0.07770705,,,,
231109_at,0.72125086,-0.03865494,,,,
242209_at,0.72127986,0.03161161,,,,
220818_s_at,0.72129229,0.0473598,,,,
212527_at,0.72130675,-0.06882988,,,,
242648_at,0.72133729,0.05047153,,,,
1568874_at,0.72134727,-0.0338007,,,,
217071_s_at,0.72135486,0.03130009,,,,
217712_at,0.72135655,0.05071916,,,,
205397_x_at,0.72136158,-0.05820548,,,,
240898_at,0.72138345,0.02527202,,,,
207052_at,0.72138889,-0.08905731,,,,
200019_s_at,0.72146962,-0.02335248,,,,
214313_s_at,0.72152519,-0.09471601,,,,
206227_at,0.72153124,-0.16100423,,,,
216233_at,0.72154033,0.05388265,,,,
239484_at,0.72156952,0.0550865,,,,
223995_at,0.72161948,-0.04228937,,,,
228775_at,0.72165615,0.04673592,,,,
244303_at,0.72166126,0.01290151,,,,
220620_at,0.72169717,-0.13497967,,,,
222437_s_at,0.72171255,0.05167021,,,,
214702_at,0.72173854,0.08367695,,,,
1556072_at,0.72174907,0.02423634,,,,
217671_at,0.72177823,-0.03297697,,,,
202452_at,0.72178403,0.03187595,,,,
202536_at,0.72179477,0.05514409,,,,
229832_x_at,0.72179713,0.02845828,,,,
1560412_at,0.7218034,-0.02614356,,,,
213384_x_at,0.72183814,0.03850701,,,,
216880_at,0.72185621,-0.06105967,,,,
229640_x_at,0.72186881,-0.04252917,,,,
223287_s_at,0.7219647,-0.06961376,,,,
210059_s_at,0.72198081,-0.12608508,,,,
239577_at,0.72198461,-0.1107407,,,,
210573_s_at,0.7220204,0.05331248,,,,
1555435_at,0.72202483,-0.01843851,,,,
202731_at,0.72203853,-0.09686897,,,,
228847_at,0.72206758,-0.07068663,,,,
216111_x_at,0.72209398,0.04184421,,,,
210699_at,0.72210851,-0.0592524,,,,
241170_at,0.72212808,-0.03543416,,,,
227810_at,0.72215709,0.08571982,,,,
235505_s_at,0.72215768,0.07958534,,,,
238402_s_at,0.72217763,-0.03790045,,,,
221401_at,0.72220695,0.02300425,,,,
238946_at,0.72221193,0.06184693,,,,
201824_at,0.72221637,-0.04939704,,,,
217933_s_at,0.72223311,0.05733999,,,,
231807_at,0.72224717,0.09438194,,,,
1557395_at,0.72225195,-0.0199244,,,,
212092_at,0.72229004,0.14985345,,,,
223630_at,0.7222954,0.0660964,,,,
233173_x_at,0.72231231,0.0490584,,,,
218751_s_at,0.72233944,0.06081018,,,,
215464_s_at,0.72235483,-0.06370452,,,,
226318_at,0.72239603,-0.07784593,,,,
207011_s_at,0.72242313,0.09825133,,,,
242960_at,0.72245079,0.04061415,,,,
1557593_at,0.72250282,0.02683971,,,,
222484_s_at,0.72250589,-0.26005271,,,,
1559731_x_at,0.72250644,-0.03111276,,,,
235221_at,0.72251936,-0.04388437,,,,
225724_at,0.72254366,0.04857528,,,,
203141_s_at,0.72254928,0.04835032,,,,
233376_at,0.72257328,-0.02613245,,,,
201690_s_at,0.72259968,-0.1416794,,,,
238528_at,0.72260007,-0.04354767,,,,
203120_at,0.72260749,0.0607331,,,,
213546_at,0.72265219,0.05362597,,,,
231401_s_at,0.72268305,-0.02957261,,,,
234305_s_at,0.72269131,0.05916608,,,,
214831_at,0.72273999,-0.05487561,,,,
223259_at,0.72274208,0.07043522,,,,
240573_at,0.72275772,0.02563924,,,,
205221_at,0.72279724,0.23273111,,,,
206293_at,0.72282992,0.32841035,,,,
214703_s_at,0.72288582,-0.05537487,,,,
238592_at,0.72291712,-0.11394793,,,,
222635_s_at,0.72292218,-0.04490697,,,,
224746_at,0.72292224,-0.07819821,,,,
217904_s_at,0.72295155,0.0760941,,,,
1552754_a_at,0.72295396,-0.07262143,,,,
234565_x_at,0.722965,0.03712767,,,,
221873_at,0.72296648,0.03265829,,,,
222461_s_at,0.72296874,0.02423037,,,,
236433_at,0.7229708,0.03928186,,,,
201379_s_at,0.72301262,-0.04784586,,,,
1561482_at,0.72309237,-0.02127526,,,,
202837_at,0.72313635,0.03687365,,,,
227135_at,0.72314563,0.10875463,,,,
244497_at,0.7231707,0.0456923,,,,
207666_x_at,0.72319447,0.07442683,,,,
1560475_at,0.72319651,0.05510113,,,,
1560327_at,0.72320083,0.04464486,,,,
244214_at,0.72323542,-0.0308264,,,,
1552280_at,0.72324466,0.14889951,,,,
239554_at,0.72324531,0.03026862,,,,
211515_s_at,0.72326295,-0.0591738,,,,
1559222_at,0.72326311,0.02885409,,,,
203628_at,0.7232814,-0.13616096,,,,
1553344_at,0.72329298,0.01247235,,,,
205169_at,0.72330803,-0.05068841,,,,
234394_at,0.72335942,0.06078267,,,,
1557443_s_at,0.7234509,-0.01861625,,,,
1556155_at,0.72346591,0.02606666,,,,
1569182_at,0.72349351,-0.02318715,,,,
225708_at,0.72349507,0.04991847,,,,
214505_s_at,0.723511,-0.14518088,,,,
201816_s_at,0.72352244,-0.06929957,,,,
237170_at,0.72352505,-0.01665168,,,,
224869_s_at,0.72356093,-0.05020424,,,,
1557613_at,0.72357977,0.02232846,,,,
241766_at,0.72358573,0.04897745,,,,
215116_s_at,0.72362691,-0.10197965,,,,
240675_at,0.72364766,-0.02300849,,,,
1553299_at,0.72368532,-0.09537159,,,,
1561242_at,0.72371371,0.02362335,,,,
232705_at,0.72371477,-0.01775674,,,,
64418_at,0.72372594,-0.04814013,,,,
211018_at,0.72372802,0.05977558,,,,
206160_at,0.72373999,0.09703266,,,,
216088_s_at,0.7237473,0.05280017,,,,
1564662_at,0.7237843,-0.03270027,,,,
229698_at,0.72380455,0.02857631,,,,
213707_s_at,0.7238239,0.0956311,,,,
1552921_a_at,0.72384373,-0.06544074,,,,
1567333_at,0.72384867,-0.01654402,,,,
228107_at,0.72385135,-0.10827681,,,,
232856_at,0.72386323,0.08638155,,,,
236497_at,0.72386993,0.03021434,,,,
226100_at,0.72387507,0.04825687,,,,
235492_at,0.72388726,0.08674592,,,,
240945_at,0.72392409,0.02426319,,,,
210150_s_at,0.72396304,0.0744086,,,,
216113_at,0.72396699,-0.0184121,,,,
216574_s_at,0.72397025,-0.06263579,,,,
238837_at,0.7239903,-0.02360328,,,,
222018_at,0.72400029,-0.09826627,,,,
206240_s_at,0.724008,0.04789974,,,,
203848_at,0.72401709,0.03631311,,,,
205820_s_at,0.72403648,0.40682882,,,,
215815_at,0.72406878,-0.02503033,,,,
234274_at,0.72409933,0.0233873,,,,
1557987_at,0.72415825,0.06484135,,,,
1559927_a_at,0.72420259,-0.019829,,,,
1557079_at,0.72420795,0.07991288,,,,
203218_at,0.72421035,-0.048667,,,,
225097_at,0.72425879,0.06597941,,,,
1562031_at,0.72428828,0.03115008,,,,
233743_x_at,0.72429019,0.02928258,,,,
1560237_at,0.72434203,-0.01489534,,,,
242000_at,0.72434705,-0.02235665,,,,
231774_at,0.72435026,-0.03102523,,,,
227490_at,0.72435186,-0.04242811,,,,
230530_at,0.72436082,0.0330979,,,,
217271_at,0.72439861,0.03841914,,,,
227692_at,0.72439889,0.11857052,,,,
213294_at,0.72444772,0.04592532,,,,
222195_s_at,0.72446128,0.03701049,,,,
217304_at,0.72446205,0.01957299,,,,
227739_at,0.72447887,0.03736516,,,,
228081_at,0.7244971,0.08111981,,,,
201438_at,0.72450217,-0.10880285,,,,
1553485_at,0.72453432,0.08839376,,,,
208595_s_at,0.7246014,-0.03591569,,,,
238509_at,0.7246043,0.03289398,,,,
230332_at,0.72460938,0.09564099,,,,
1555908_at,0.72461869,-0.0376641,,,,
202598_at,0.72468734,0.10297103,,,,
222342_at,0.72469679,-0.01279697,,,,
215629_s_at,0.72471121,0.10322119,,,,
205583_s_at,0.72471844,-0.08406705,,,,
208949_s_at,0.72472781,-0.1063225,,,,
236209_at,0.72473222,-0.04842714,,,,
201833_at,0.72477603,0.06636516,,,,
238731_at,0.72482191,0.03474602,,,,
202139_at,0.72487249,0.06808663,,,,
1568883_at,0.72490488,-0.0206264,,,,
1556205_at,0.72491827,0.06552811,,,,
242936_at,0.72491926,-0.02149923,,,,
205710_at,0.72492649,0.08816617,,,,
207966_s_at,0.72494196,0.06917424,,,,
1560062_at,0.72497227,-0.02413092,,,,
226295_at,0.72498735,0.06392345,,,,
234091_at,0.7250341,0.02398386,,,,
1560060_s_at,0.72503894,-0.05070394,,,,
242706_s_at,0.72504292,0.0629594,,,,
201043_s_at,0.72505872,-0.05834475,,,,
237233_at,0.72511236,0.01546219,,,,
236881_at,0.72513113,-0.01801426,,,,
224810_s_at,0.72513751,-0.0504914,,,,
205220_at,0.72515878,-0.15172046,,,,
239631_at,0.72518138,-0.01831527,,,,
242232_at,0.72518837,-0.0168699,,,,
240249_at,0.72520467,-0.02137923,,,,
210270_at,0.72520862,-0.03309454,,,,
242977_at,0.72524533,0.03335542,,,,
225320_at,0.72526384,-0.0667095,,,,
211362_s_at,0.72527729,0.12405721,,,,
207057_at,0.72528257,0.1169796,,,,
242551_at,0.72529812,0.07115479,,,,
238558_at,0.72530326,0.08790101,,,,
226251_at,0.72532124,-0.04132914,,,,
237915_at,0.72534999,-0.02031139,,,,
223701_s_at,0.72536189,0.05585665,,,,
210929_s_at,0.72537584,0.41676506,,,,
243279_at,0.72538805,-0.02582022,,,,
224624_at,0.72539901,-0.05254966,,,,
219623_at,0.72543171,0.04302988,,,,
221645_s_at,0.72545442,0.1128638,,,,
224314_s_at,0.72547906,0.0759479,,,,
240645_at,0.72547963,0.01547701,,,,
203767_s_at,0.72548357,-0.09903207,,,,
222571_at,0.72548466,-0.05723767,,,,
234125_at,0.72552149,-0.02379057,,,,
224165_s_at,0.72552922,0.04835289,,,,
216729_at,0.72553888,0.03089311,,,,
1559073_at,0.72558744,-0.02297971,,,,
221442_at,0.72559787,-0.02029574,,,,
238242_at,0.72561278,-0.02854209,,,,
231407_s_at,0.72561353,0.06281579,,,,
215281_x_at,0.72562214,0.04715291,,,,
1554742_at,0.72562299,0.02507829,,,,
1564178_at,0.72567015,0.02108196,,,,
213716_s_at,0.72568186,-0.08015463,,,,
235983_at,0.7256909,-0.04757309,,,,
202870_s_at,0.7257029,0.1255316,,,,
224753_at,0.72570552,-0.08148234,,,,
231939_s_at,0.72570939,-0.03181445,,,,
212733_at,0.72572385,0.0597568,,,,
206616_s_at,0.72577803,-0.02141772,,,,
233838_at,0.72578326,0.01663657,,,,
1555922_at,0.72579967,-0.0288879,,,,
240760_at,0.72583619,-0.02882678,,,,
1554388_at,0.72587799,-0.02587096,,,,
226877_at,0.72588334,0.06846462,,,,
243691_at,0.72588599,0.05024151,,,,
1569712_at,0.72591503,0.01236333,,,,
224416_s_at,0.72595574,-0.05615202,,,,
241718_x_at,0.72596711,0.02967898,,,,
221858_at,0.72598512,-0.05710064,,,,
216906_at,0.72603835,0.02266963,,,,
216461_at,0.7260413,-0.02013018,,,,
225295_at,0.72606896,0.07652358,,,,
230500_at,0.72607376,0.02656701,,,,
201600_at,0.72609086,-0.04205411,,,,
228724_at,0.72617206,0.07840403,,,,
1552327_at,0.72621959,-0.04685527,,,,
206054_at,0.72624407,0.39880398,,,,
226972_s_at,0.72626135,-0.06488051,,,,
230605_at,0.72626449,-0.04787583,,,,
231455_at,0.72626925,-0.01776353,,,,
50376_at,0.72632518,0.03955187,,,,
237691_x_at,0.72634283,0.02301633,,,,
243174_at,0.72637175,-0.05438161,,,,
203083_at,0.72638318,0.12560497,,,,
240951_at,0.72638871,0.04843586,,,,
1558845_at,0.7263906,-0.02346556,,,,
237572_at,0.72640599,0.10481034,,,,
233242_at,0.72641964,-0.02594611,,,,
208280_at,0.72644213,-0.01787132,,,,
228718_at,0.72644702,0.08325891,,,,
244884_at,0.72644936,-0.03193989,,,,
235420_at,0.7264861,0.04070076,,,,
208724_s_at,0.72651029,0.02767402,,,,
211678_s_at,0.72654235,-0.04197306,,,,
219597_s_at,0.72658944,0.12224879,,,,
222532_at,0.72660198,0.05712791,,,,
225234_at,0.72662223,-0.04889895,,,,
202183_s_at,0.72666748,-0.06319442,,,,
205855_at,0.72671096,0.03338726,,,,
231290_at,0.72673795,-0.02647513,,,,
225600_at,0.7267451,-0.07802244,,,,
201498_at,0.72674773,-0.04356532,,,,
1569405_at,0.72679153,-0.02010771,,,,
233022_at,0.72683426,-0.02521689,,,,
1561700_at,0.72685924,-0.01714541,,,,
1562906_at,0.72686524,-0.02201673,,,,
228359_at,0.72689372,-0.07209272,,,,
215298_at,0.72690358,-0.02194312,,,,
58900_at,0.72695097,-0.02746198,,,,
1558931_at,0.726964,0.03106088,,,,
211442_x_at,0.72697769,-0.11630108,,,,
1569486_at,0.72698689,0.021694,,,,
236042_at,0.72701217,0.05370597,,,,
229432_at,0.72702423,-0.10548623,,,,
1559170_at,0.72703969,0.07021706,,,,
238983_at,0.72705727,0.10732247,,,,
223342_at,0.72708225,-0.06283749,,,,
1559391_s_at,0.72708758,0.10265685,,,,
238446_at,0.7270877,-0.04934681,,,,
237935_at,0.72712752,-0.0203937,,,,
212466_at,0.72714117,-0.03250595,,,,
216549_s_at,0.72716871,0.03881657,,,,
203361_s_at,0.72719599,-0.05374102,,,,
1561657_at,0.72720436,0.02186009,,,,
1554850_at,0.72722305,0.03081687,,,,
1566785_x_at,0.72722596,0.04408336,,,,
225468_at,0.72725369,-0.06968992,,,,
213336_at,0.72727052,0.03690304,,,,
209556_at,0.72728469,0.05242834,,,,
1566965_at,0.7272855,-0.0281928,,,,
205271_s_at,0.72731007,0.03968624,,,,
224336_s_at,0.72733262,-0.08809213,,,,
244869_at,0.72733667,0.02710388,,,,
1559331_x_at,0.7273423,-0.01507048,,,,
212725_s_at,0.72738365,-0.04662886,,,,
237644_at,0.72740526,-0.02193212,,,,
200934_at,0.72741932,0.0593718,,,,
1553952_at,0.72747309,0.0255024,,,,
1561884_at,0.72748212,0.03659867,,,,
231527_at,0.72748577,-0.02551523,,,,
207585_s_at,0.72749003,0.03230038,,,,
242792_at,0.72750959,-0.01983849,,,,
238331_at,0.72753311,-0.01983201,,,,
214785_at,0.72754684,0.08346924,,,,
236851_x_at,0.72757831,0.01668685,,,,
228830_s_at,0.72759055,0.0656802,,,,
218248_at,0.72760024,-0.06446693,,,,
213694_at,0.72760468,0.06025779,,,,
224471_s_at,0.72762689,0.04828244,,,,
1558397_at,0.72764927,-0.09894262,,,,
218986_s_at,0.72765848,-0.1208249,,,,
200751_s_at,0.7277151,-0.04455764,,,,
213272_s_at,0.72772286,-0.09801377,,,,
243765_at,0.72774228,0.02368319,,,,
210547_x_at,0.72776034,-0.10009027,,,,
217979_at,0.72778058,-0.12300598,,,,
217677_at,0.72786316,-0.06136365,,,,
227051_at,0.72786585,-0.13705886,,,,
236387_at,0.72789715,-0.02956679,,,,
222471_s_at,0.72794495,-0.05756592,,,,
1557914_s_at,0.72794832,0.04123988,,,,
220996_s_at,0.7279579,0.01465236,,,,
235404_at,0.72797803,-0.03597062,,,,
209462_at,0.72801581,-0.06223243,,,,
216259_at,0.72803822,-0.02153135,,,,
230168_at,0.72804477,0.04860558,,,,
1553575_at,0.72805682,-0.08227189,,,,
232023_at,0.72810136,0.08309288,,,,
237658_at,0.72813061,-0.02045683,,,,
235018_at,0.72813249,0.07367296,,,,
229400_at,0.72818643,-0.16251885,,,,
201433_s_at,0.72823576,-0.05283365,,,,
233807_at,0.72829523,-0.02403077,,,,
212747_at,0.72831193,-0.06262296,,,,
233787_at,0.72832143,0.02767421,,,,
217319_x_at,0.72832862,0.20964856,,,,
47773_at,0.7283342,-0.04377887,,,,
242770_at,0.72835344,-0.08195081,,,,
241203_at,0.72838791,-0.0212938,,,,
211169_s_at,0.72839396,-0.03327156,,,,
218714_at,0.72839531,0.04994862,,,,
201312_s_at,0.72841228,-0.08155625,,,,
214058_at,0.72841788,-0.10576432,,,,
213437_at,0.72843978,0.04923496,,,,
225604_s_at,0.72846161,-0.11367085,,,,
207706_at,0.7284741,-0.01583067,,,,
228574_at,0.72853399,-0.10420877,,,,
240978_at,0.72855139,0.01672267,,,,
232960_at,0.72859605,-0.0221115,,,,
239335_at,0.72860069,-0.03201664,,,,
222910_s_at,0.72860287,-0.01937449,,,,
1555057_at,0.72863616,0.02366256,,,,
229351_at,0.72865115,0.05866923,,,,
240259_at,0.72866464,0.0855537,,,,
1569338_at,0.72867349,0.0444922,,,,
231468_at,0.72868048,-0.08701242,,,,
1562863_at,0.72868931,-0.0235647,,,,
225593_at,0.72872472,0.04018229,,,,
218165_at,0.72879805,-0.05373645,,,,
219726_at,0.72880664,0.03912966,,,,
205507_at,0.72884523,0.04689651,,,,
219267_at,0.7288705,-0.08779013,,,,
216059_at,0.72887728,-0.03941065,,,,
1553840_a_at,0.7288843,-0.02016476,,,,
222538_s_at,0.72893557,0.06138616,,,,
221360_s_at,0.72893688,0.02520865,,,,
205528_s_at,0.72896267,-0.13030233,,,,
230861_at,0.72903986,0.05858521,,,,
227965_at,0.72910046,0.03347446,,,,
216697_at,0.72910784,0.02777634,,,,
243965_at,0.72912029,0.02202972,,,,
1569981_at,0.72912163,-0.01348037,,,,
243588_at,0.7291351,0.01602147,,,,
235722_at,0.72914331,0.05600159,,,,
222120_at,0.72914535,-0.03324768,,,,
214817_at,0.72918928,0.04637747,,,,
208112_x_at,0.72924868,0.03794935,,,,
243570_at,0.72925129,0.02846217,,,,
206686_at,0.7292824,-0.07890331,,,,
218001_at,0.72930658,0.05484735,,,,
226129_at,0.72932426,0.12273968,,,,
1570359_at,0.72933241,0.01472112,,,,
204183_s_at,0.72935164,-0.0572603,,,,
204379_s_at,0.7294144,0.18071863,,,,
213166_x_at,0.72944586,-0.05069492,,,,
228709_at,0.72947447,0.07506941,,,,
201460_at,0.72949818,0.04070353,,,,
229776_at,0.7295013,0.06481713,,,,
229561_at,0.72952826,0.03304148,,,,
229190_at,0.7295338,0.0902807,,,,
216916_s_at,0.72955211,-0.02099381,,,,
213891_s_at,0.72955411,0.12258496,,,,
1553466_at,0.72957759,-0.02159975,,,,
222341_x_at,0.72958727,-0.03724849,,,,
221993_s_at,0.72959016,-0.02772385,,,,
215968_at,0.72961519,0.02664673,,,,
210486_at,0.72961608,-0.04162691,,,,
211255_x_at,0.72962747,-0.08203798,,,,
1557564_at,0.72963664,-0.02152645,,,,
204559_s_at,0.72964022,-0.06185036,,,,
230724_s_at,0.72964229,-0.04423036,,,,
232189_at,0.72964527,-0.0192754,,,,
242073_at,0.72965989,0.06185535,,,,
1557439_at,0.72968544,0.01616606,,,,
242563_at,0.72970454,-0.05178045,,,,
233775_x_at,0.72972691,0.04587389,,,,
1562026_at,0.72974153,-0.02064145,,,,
222711_s_at,0.72976276,-0.0275422,,,,
215474_at,0.72976448,0.02012489,,,,
227016_at,0.72977569,-0.07057937,,,,
237444_at,0.72978256,0.06898143,,,,
228296_at,0.72981156,-0.05133906,,,,
239158_at,0.72981305,0.02242912,,,,
201030_x_at,0.72982515,0.11160823,,,,
204105_s_at,0.72985138,-0.15587463,,,,
202061_s_at,0.72985562,-0.04085294,,,,
202851_at,0.72985588,0.04094193,,,,
46323_at,0.72986322,-0.06736621,,,,
219844_at,0.72987003,0.06550153,,,,
220588_at,0.72989059,0.10879439,,,,
239616_at,0.72995758,-0.01917912,,,,
205018_s_at,0.7299668,-0.09211615,,,,
1555346_at,0.72999666,0.01474183,,,,
212347_x_at,0.73002628,0.05750158,,,,
215073_s_at,0.73003133,0.0947498,,,,
209525_at,0.73003333,-0.08062536,,,,
237199_at,0.73004021,0.03074675,,,,
241407_at,0.73006453,-0.04279353,,,,
1565668_at,0.73007511,-0.01729407,,,,
1563396_x_at,0.7300907,0.01337498,,,,
205574_x_at,0.73015462,-0.06526932,,,,
215251_at,0.73018544,-0.02931603,,,,
213688_at,0.73022143,-0.07780111,,,,
215150_at,0.7302515,-0.06310468,,,,
231297_at,0.73025578,0.0521241,,,,
1554231_a_at,0.73028201,-0.0237448,,,,
201295_s_at,0.73028333,-0.07682936,,,,
228797_at,0.7303003,0.05070454,,,,
235386_at,0.73031681,0.037257,,,,
238831_at,0.73037572,0.0745862,,,,
219958_at,0.73042014,-0.05392839,,,,
236281_x_at,0.73048928,0.04618353,,,,
238914_at,0.73049041,0.04097744,,,,
236009_at,0.73049926,0.15380127,,,,
1554082_a_at,0.73050436,0.05200467,,,,
201576_s_at,0.73054755,0.06453625,,,,
233490_at,0.73055769,-0.02502034,,,,
226611_s_at,0.73056447,-0.16640981,,,,
243106_at,0.73056656,-0.01782225,,,,
210499_s_at,0.73057266,0.02620196,,,,
235595_at,0.73057897,0.03767789,,,,
223035_s_at,0.73058405,-0.04673148,,,,
230954_at,0.73059987,-0.07967946,,,,
236938_at,0.73061803,-0.03747866,,,,
227605_at,0.73064292,-0.05249428,,,,
1554690_a_at,0.73065728,-0.08156714,,,,
209053_s_at,0.73067746,-0.07879425,,,,
240170_at,0.73068077,0.05183946,,,,
224494_x_at,0.73073889,-0.08056154,,,,
1555586_at,0.73076593,-0.01989856,,,,
213824_at,0.7308325,0.02944599,,,,
223613_at,0.73090386,-0.03556736,,,,
203522_at,0.73091877,0.05181184,,,,
1553372_at,0.73092167,-0.02072609,,,,
210931_at,0.73095613,-0.02900113,,,,
1553025_at,0.73105973,-0.02245318,,,,
223753_s_at,0.73109195,-0.06766621,,,,
1553433_at,0.73109419,-0.02412519,,,,
227000_at,0.73111849,-0.05102589,,,,
1555729_a_at,0.73113079,-0.0269875,,,,
231116_at,0.73116027,-0.03498545,,,,
204113_at,0.73120525,0.06858318,,,,
214730_s_at,0.73120588,0.07779156,,,,
229508_at,0.73121228,-0.03176016,,,,
232437_at,0.73122773,0.05320701,,,,
1552954_at,0.73125098,0.10019219,,,,
1556389_at,0.73127078,-0.06843505,,,,
1568611_at,0.7312898,-0.07641626,,,,
215083_at,0.73129153,-0.0546293,,,,
209208_at,0.73130437,-0.05261545,,,,
1553027_a_at,0.73131586,0.07025741,,,,
217717_s_at,0.73132919,-0.04097936,,,,
205801_s_at,0.73136473,-0.09928105,,,,
1569990_at,0.73136773,-0.02154636,,,,
216867_s_at,0.73140104,-0.08905624,,,,
229390_at,0.73140282,-0.09914963,,,,
206653_at,0.7314045,0.09592198,,,,
224733_at,0.73140909,0.08613723,,,,
219794_at,0.73141975,-0.03419458,,,,
239425_at,0.73142326,0.05944819,,,,
235049_at,0.73146086,0.11955768,,,,
208539_x_at,0.73147026,0.18101824,,,,
240798_at,0.73148632,0.07748779,,,,
240863_at,0.73149197,0.02079477,,,,
1558755_x_at,0.731557,0.05097967,,,,
207657_x_at,0.73160226,0.03394807,,,,
212791_at,0.73163683,-0.06153759,,,,
208967_s_at,0.73164917,-0.04578261,,,,
226522_at,0.73165484,0.08725755,,,,
207304_at,0.73166034,0.06036994,,,,
215063_x_at,0.73167759,-0.03152966,,,,
216009_at,0.73167811,-0.02923427,,,,
204939_s_at,0.73169567,-0.16870412,,,,
209150_s_at,0.73170462,0.04752243,,,,
228566_at,0.73173566,0.05957743,,,,
216883_x_at,0.73179556,0.03883786,,,,
219414_at,0.73182554,-0.09314314,,,,
239800_at,0.73183923,-0.04268289,,,,
235001_at,0.73185651,-0.03357935,,,,
218567_x_at,0.73191489,0.05738209,,,,
238342_at,0.73193154,0.03957359,,,,
230792_at,0.73194083,-0.08654965,,,,
221690_s_at,0.73196164,-0.17667396,,,,
233935_at,0.73196826,0.04277957,,,,
211585_at,0.73197376,0.01498454,,,,
224392_s_at,0.73202087,-0.09644656,,,,
211054_at,0.73205294,0.01780386,,,,
226212_s_at,0.73206156,0.07454095,,,,
238227_at,0.732081,-0.04332081,,,,
1559399_s_at,0.73208485,-0.06476946,,,,
244837_at,0.73208539,-0.01480592,,,,
219893_at,0.7320915,-0.0267759,,,,
1565579_at,0.73210471,-0.0399973,,,,
206464_at,0.73211227,-0.08086664,,,,
242315_at,0.73214976,-0.01993164,,,,
220439_at,0.73215306,-0.02248695,,,,
219778_at,0.73223206,0.14075376,,,,
229384_at,0.7322383,-0.0377826,,,,
231671_at,0.73228555,0.15516247,,,,
1555475_x_at,0.73233171,-0.02066681,,,,
202827_s_at,0.73236259,-0.09766776,,,,
216310_at,0.73236924,0.03605318,,,,
213615_at,0.73238838,0.03538825,,,,
203924_at,0.73238936,0.31011217,,,,
209283_at,0.73241779,0.15343479,,,,
230993_s_at,0.73242061,0.01599585,,,,
240212_at,0.73242773,-0.02407345,,,,
223817_at,0.73243375,0.02107349,,,,
1554352_s_at,0.73245446,0.04768631,,,,
232962_x_at,0.73250683,0.02571292,,,,
242862_x_at,0.73251431,-0.02472041,,,,
221154_at,0.73252951,0.01330406,,,,
227704_at,0.73253762,0.05410569,,,,
211789_s_at,0.73258588,-0.06919331,,,,
207109_at,0.73258656,0.08162862,,,,
213216_at,0.73259925,0.05264667,,,,
1562703_at,0.73261167,-0.02136739,,,,
1560161_at,0.73261806,-0.01770332,,,,
236165_at,0.73267973,0.04870772,,,,
208016_s_at,0.73271538,0.15789848,,,,
236319_at,0.73272441,-0.03072361,,,,
234465_at,0.73276381,0.02974289,,,,
204303_s_at,0.73277267,0.04506031,,,,
1555319_at,0.73279242,-0.02465419,,,,
1562659_at,0.73279412,0.01930501,,,,
209480_at,0.73282299,0.2491541,,,,
222157_s_at,0.73283255,-0.04657275,,,,
210259_s_at,0.73284672,-0.02063833,,,,
1562274_at,0.73285206,0.02238055,,,,
224761_at,0.73285249,0.04483232,,,,
221008_s_at,0.73286295,0.24692809,,,,
200690_at,0.7328903,0.05198098,,,,
1563577_at,0.73290351,-0.02469627,,,,
244620_at,0.7329309,-0.0195748,,,,
232445_at,0.73294052,-0.01978528,,,,
238826_x_at,0.7329548,0.02986237,,,,
228340_at,0.732977,0.05662212,,,,
218314_s_at,0.732983,0.04793745,,,,
223731_at,0.73298783,0.03116502,,,,
221934_s_at,0.73298892,0.05004378,,,,
204660_at,0.73299368,0.02480037,,,,
217985_s_at,0.73300574,0.04859747,,,,
238109_at,0.73301559,0.05278867,,,,
1560449_at,0.73303356,-0.01722278,,,,
203048_s_at,0.7330362,0.05000501,,,,
211256_x_at,0.73303817,-0.04035582,,,,
226326_at,0.73306528,0.07526772,,,,
207161_at,0.73307715,0.01435816,,,,
202489_s_at,0.73308431,-0.2733947,,,,
228187_at,0.73316894,0.02448548,,,,
227745_at,0.73318184,-0.04762183,,,,
239070_at,0.73319604,0.03938905,,,,
212831_at,0.73322968,0.05849261,,,,
200692_s_at,0.73324075,-0.05062316,,,,
1563601_at,0.73338211,-0.02251262,,,,
1557375_at,0.73339885,-0.03541819,,,,
202993_at,0.73344098,0.06606551,,,,
220664_at,0.73344617,-0.07361654,,,,
211385_x_at,0.73346472,-0.10014495,,,,
1566995_at,0.73347073,-0.01448916,,,,
205575_at,0.73347564,-0.0403998,,,,
205168_at,0.73353286,-0.12952884,,,,
206611_at,0.73366753,-0.02498967,,,,
225227_at,0.73368843,-0.0637849,,,,
225011_at,0.73370887,-0.03495322,,,,
1553740_a_at,0.73370899,0.03296294,,,,
216745_x_at,0.73371732,-0.03704432,,,,
204150_at,0.73371886,-0.08287649,,,,
243884_at,0.73378743,0.01800966,,,,
221288_at,0.73378971,0.01692366,,,,
1552843_at,0.7337917,-0.0207314,,,,
209831_x_at,0.73380647,0.04373845,,,,
220305_at,0.73381073,0.05011555,,,,
235612_at,0.73385849,0.07266076,,,,
207470_at,0.73387868,-0.01855518,,,,
216464_x_at,0.73388167,-0.02581017,,,,
1558532_at,0.73388342,-0.0223329,,,,
204936_at,0.73391853,0.05203297,,,,
AFFX-HUMISGF3A/M97935_MA_at,0.73394818,-0.09962346,,,,
235081_x_at,0.73397136,0.03111362,,,,
1563571_at,0.73404608,0.01856284,,,,
231055_at,0.73406695,-0.06103485,,,,
220945_x_at,0.7341035,0.11249773,,,,
226597_at,0.73411386,0.1791043,,,,
204266_s_at,0.73411928,0.06294463,,,,
223524_s_at,0.73412858,0.10799068,,,,
1558846_at,0.73416691,0.11691627,,,,
241838_at,0.73416971,0.07305459,,,,
1569854_at,0.73419787,-0.02581813,,,,
231949_at,0.73423672,0.02833056,,,,
225404_at,0.73425523,-0.04671439,,,,
217597_x_at,0.7342879,0.06083048,,,,
234387_at,0.73436355,0.02044172,,,,
211445_x_at,0.734412,0.01791908,,,,
203627_at,0.73443881,0.11154711,,,,
215131_at,0.73445881,-0.02456583,,,,
215002_at,0.73449262,0.02070697,,,,
207420_at,0.73454853,-0.08774221,,,,
223787_s_at,0.73457351,0.04069252,,,,
210132_at,0.73458305,-0.07469512,,,,
203915_at,0.73461421,-0.14758547,,,,
234398_at,0.73463173,-0.01624683,,,,
237070_at,0.73469641,0.13850998,,,,
200847_s_at,0.73473618,0.04825203,,,,
220448_at,0.73474387,0.03172785,,,,
221458_at,0.73477892,-0.02395459,,,,
AFFX-r2-Bs-lys-M_at,0.73478375,0.10043854,,,,
220658_s_at,0.73480336,-0.12514272,,,,
226426_at,0.73481531,0.05403252,,,,
218780_at,0.73482581,-0.08082141,,,,
217213_at,0.73486383,-0.01887662,,,,
225041_at,0.73489882,0.04703132,,,,
240302_at,0.73492385,0.02897891,,,,
235550_at,0.73492695,0.07447568,,,,
219763_at,0.734947,-0.10199883,,,,
213864_s_at,0.73496725,-0.04621773,,,,
1553420_at,0.7349939,-0.03506586,,,,
235417_at,0.73501654,-0.05230502,,,,
215496_at,0.73510691,-0.02980509,,,,
1557080_s_at,0.73512032,-0.14640884,,,,
203357_s_at,0.73514994,0.04896697,,,,
201557_at,0.73515826,-0.03211702,,,,
230322_at,0.73515875,-0.02040817,,,,
203623_at,0.73516764,-0.0536071,,,,
230934_at,0.73518759,-0.04517868,,,,
223333_s_at,0.73519437,0.11257541,,,,
220446_s_at,0.73521221,-0.11541406,,,,
244680_at,0.73524523,0.06418427,,,,
1567282_at,0.73526705,-0.02225917,,,,
229870_at,0.73527373,0.0786858,,,,
1568746_a_at,0.73529844,0.0169658,,,,
1558281_a_at,0.73529848,-0.07680597,,,,
225482_at,0.73536289,-0.05196625,,,,
1554699_at,0.73537989,0.04911995,,,,
235574_at,0.735392,-0.06808377,,,,
200946_x_at,0.73541013,0.07521296,,,,
224254_x_at,0.73542338,0.08117722,,,,
226357_at,0.73542762,-0.03180373,,,,
224600_at,0.73542943,0.04227219,,,,
241219_at,0.73545444,0.02710103,,,,
205878_at,0.7354566,0.04043427,,,,
238807_at,0.73546594,-0.07253366,,,,
242149_at,0.73547897,0.05690977,,,,
1560275_at,0.73555346,-0.02530876,,,,
202863_at,0.73555574,-0.05585459,,,,
228992_at,0.73557425,0.05262569,,,,
217907_at,0.73561042,0.04118787,,,,
243289_at,0.73562561,-0.01448301,,,,
231220_at,0.73564999,-0.03909724,,,,
212702_s_at,0.73566639,0.07895284,,,,
1558976_x_at,0.73567022,-0.01918493,,,,
243083_at,0.73569014,-0.02656782,,,,
243163_at,0.73569975,0.02585976,,,,
244074_at,0.73570238,-0.03581808,,,,
1564950_at,0.73571646,0.01402623,,,,
236492_at,0.73574928,0.06053153,,,,
1562488_at,0.73580249,0.03494193,,,,
1557767_at,0.73584465,-0.02030814,,,,
222282_at,0.73587072,0.06068818,,,,
228958_at,0.73587628,-0.02957938,,,,
226119_at,0.7359096,0.06564535,,,,
213058_at,0.73591004,0.09793947,,,,
241452_at,0.73591539,-0.01545134,,,,
201763_s_at,0.73591974,0.044053,,,,
203042_at,0.73592122,0.07805385,,,,
209038_s_at,0.73594765,-0.045784,,,,
241124_at,0.73597075,0.01766834,,,,
231236_at,0.73606451,0.03931403,,,,
201831_s_at,0.73607141,-0.06105611,,,,
1561708_at,0.73608421,-0.01816296,,,,
235966_at,0.73610435,0.02156623,,,,
244785_at,0.73611569,-0.01346251,,,,
227402_s_at,0.73612063,0.05409883,,,,
240326_at,0.73612943,0.0423436,,,,
215661_at,0.73614602,0.02638501,,,,
1553928_at,0.73616027,0.05437898,,,,
214869_x_at,0.73626685,0.04368062,,,,
231644_at,0.73631429,0.09643902,,,,
210807_s_at,0.73633792,0.06820065,,,,
216379_x_at,0.73634289,0.20776694,,,,
239251_at,0.73636553,0.05045901,,,,
231953_at,0.73640819,0.05716416,,,,
227034_at,0.73641375,0.06418583,,,,
1559390_a_at,0.73657991,-0.01787535,,,,
1554476_x_at,0.7365849,-0.03108833,,,,
201393_s_at,0.73658883,0.04714519,,,,
242456_at,0.73659368,0.03252413,,,,
200768_s_at,0.73664237,-0.04257995,,,,
209700_x_at,0.736653,-0.0988912,,,,
214594_x_at,0.73667399,-0.05043332,,,,
228225_at,0.73667627,0.05763862,,,,
1569624_at,0.73668191,-0.01978789,,,,
220371_s_at,0.7366837,-0.02810774,,,,
231143_at,0.73670771,0.0244038,,,,
227208_at,0.73672836,0.06458498,,,,
229111_at,0.73674547,-0.07285759,,,,
233064_at,0.73677272,-0.04957819,,,,
236300_at,0.73677918,0.09778744,,,,
1554675_a_at,0.73681129,0.03689844,,,,
239519_at,0.73681544,0.08054803,,,,
220078_at,0.73683352,0.03972569,,,,
239322_at,0.73683646,0.03034927,,,,
205330_at,0.73689247,-0.13961402,,,,
1563943_at,0.73694765,-0.02371522,,,,
208685_x_at,0.7369656,-0.03837189,,,,
220627_at,0.73697902,-0.02229816,,,,
230692_at,0.73698624,0.02624387,,,,
201459_at,0.73701843,-0.04623796,,,,
1558088_a_at,0.7370266,0.03025186,,,,
213920_at,0.7370541,0.152397,,,,
1568987_at,0.73707259,-0.04243245,,,,
219428_s_at,0.73708158,-0.06201416,,,,
243128_at,0.73708241,0.0143341,,,,
202968_s_at,0.73710532,-0.07581561,,,,
226178_at,0.73712175,0.04428107,,,,
206542_s_at,0.73715874,0.07488467,,,,
1570177_at,0.73716748,-0.01740525,,,,
238429_at,0.73717068,-0.11233113,,,,
232322_x_at,0.73722557,-0.13600361,,,,
1557410_at,0.73723261,0.02367978,,,,
205116_at,0.73723611,0.10495441,,,,
209152_s_at,0.73724369,0.05124632,,,,
242589_x_at,0.73727071,0.02754867,,,,
226568_at,0.73728127,-0.06877077,,,,
237158_s_at,0.73728448,-0.05655877,,,,
224385_s_at,0.73730703,-0.02268855,,,,
206857_s_at,0.73733262,-0.12848929,,,,
205554_s_at,0.73736097,0.19704838,,,,
1555978_s_at,0.73736239,-0.03317335,,,,
240370_at,0.73737981,0.02494917,,,,
1558154_at,0.73744523,0.06905993,,,,
240263_at,0.7374948,-0.05207917,,,,
243385_at,0.73749679,-0.02033446,,,,
1566433_at,0.73757559,0.02124093,,,,
206938_at,0.73757674,0.11671561,,,,
218311_at,0.73763331,-0.05027479,,,,
216627_s_at,0.73763745,-0.10513189,,,,
238799_at,0.73764118,0.03312057,,,,
232422_at,0.73764778,0.05355796,,,,
1561453_at,0.73764914,-0.02216336,,,,
1552904_at,0.73767528,0.01513651,,,,
225135_at,0.73770769,0.04500751,,,,
220453_at,0.73774664,0.02340636,,,,
1554762_a_at,0.73776957,0.05777627,,,,
225978_at,0.73778749,0.09753874,,,,
227666_at,0.73781789,-0.04591766,,,,
1555225_at,0.73785444,0.0955433,,,,
217783_s_at,0.73788756,0.04124656,,,,
1561614_at,0.73789037,0.01426626,,,,
1567256_at,0.73791102,0.0213363,,,,
237422_at,0.7379955,0.01395217,,,,
218946_at,0.73802181,0.03790663,,,,
214944_at,0.73802624,-0.02042868,,,,
1565939_at,0.73804494,-0.03390283,,,,
205334_at,0.73806518,0.10495301,,,,
239316_at,0.73806834,-0.03767864,,,,
217805_at,0.73815113,-0.05926859,,,,
216014_s_at,0.73816536,-0.02830113,,,,
225752_at,0.7382342,-0.07999707,,,,
233727_at,0.73824748,-0.02519791,,,,
207445_s_at,0.73829758,-0.03862091,,,,
226002_at,0.73830004,-0.06928082,,,,
212070_at,0.73830045,-0.11658873,,,,
241501_at,0.73830447,-0.02147019,,,,
1556000_s_at,0.73831725,-0.03730416,,,,
1559035_a_at,0.7383214,-0.02109869,,,,
237230_at,0.73834527,-0.01833365,,,,
216548_x_at,0.73840404,0.06766507,,,,
206861_s_at,0.73850677,-0.04191242,,,,
1560349_at,0.73852738,-0.01572321,,,,
244361_at,0.73854473,-0.02008235,,,,
241692_at,0.73858334,-0.03914426,,,,
205882_x_at,0.73859078,-0.09716253,,,,
202877_s_at,0.73864448,0.0611445,,,,
202608_s_at,0.73866452,-0.03531748,,,,
228154_at,0.73869782,-0.0340216,,,,
213735_s_at,0.73870294,0.04224771,,,,
1556404_a_at,0.73871359,0.02739121,,,,
239636_at,0.73873791,0.0505485,,,,
230430_at,0.73875621,0.09532982,,,,
203010_at,0.73880687,-0.04256872,,,,
1559042_at,0.73883724,0.03843943,,,,
213157_s_at,0.73885171,-0.03628719,,,,
206895_at,0.73886273,0.04934688,,,,
207442_at,0.73887262,-0.01911105,,,,
229817_at,0.73889083,-0.07876644,,,,
224993_at,0.73890828,-0.0324059,,,,
212780_at,0.7389258,-0.05962503,,,,
244484_at,0.73901844,0.03903852,,,,
238664_s_at,0.73902223,0.02367583,,,,
235301_at,0.7390307,-0.11425177,,,,
244852_at,0.73903487,-0.05436591,,,,
242122_at,0.73903794,0.04259028,,,,
1563277_at,0.73905036,0.01596704,,,,
205519_at,0.73905073,0.06621538,,,,
1564787_at,0.73908932,-0.02053298,,,,
219366_at,0.73909631,0.05136908,,,,
237072_at,0.73910399,0.01538632,,,,
239632_at,0.73910568,0.03989787,,,,
235374_at,0.73914166,0.06925741,,,,
202671_s_at,0.73917347,-0.07040672,,,,
220451_s_at,0.73921601,-0.07420778,,,,
217470_at,0.73922559,-0.01869866,,,,
1561542_at,0.73927374,-0.03084623,,,,
240367_at,0.73927467,-0.03492905,,,,
224186_s_at,0.73928275,-0.05103072,,,,
240786_at,0.73928481,-0.02234165,,,,
203851_at,0.73930178,0.16548222,,,,
231196_x_at,0.73931017,0.02351112,,,,
203418_at,0.73931385,-0.11822321,,,,
214293_at,0.73933022,-0.06180498,,,,
242126_at,0.73938114,0.03909104,,,,
229564_at,0.73938622,-0.04053997,,,,
239573_at,0.73939942,0.02046996,,,,
219306_at,0.73941563,-0.10211426,,,,
1563128_at,0.73941733,0.01510509,,,,
228887_x_at,0.73942163,0.02898363,,,,
201687_s_at,0.73942524,0.04066518,,,,
228878_s_at,0.73944241,0.02651732,,,,
222566_at,0.73948551,0.04631148,,,,
227264_at,0.7394992,-0.04722596,,,,
210975_x_at,0.73953077,-0.02950276,,,,
231844_at,0.73955397,0.04719781,,,,
238657_at,0.73955658,0.09693089,,,,
208851_s_at,0.73956573,0.10488063,,,,
207595_s_at,0.73958093,0.0522802,,,,
222735_at,0.73960228,0.08152156,,,,
221467_at,0.73961293,-0.020397,,,,
209998_at,0.739622,0.05243954,,,,
200064_at,0.73966644,0.05234398,,,,
227863_at,0.73967128,0.07272667,,,,
207228_at,0.7396717,-0.0180287,,,,
1553048_a_at,0.73969098,0.04892461,,,,
1553298_at,0.73970449,0.03131854,,,,
218033_s_at,0.73972785,-0.06990966,,,,
243894_at,0.73973858,0.09891381,,,,
212616_at,0.73974517,0.05928615,,,,
202212_at,0.73974963,-0.04967993,,,,
223150_s_at,0.73975896,0.02729739,,,,
200045_at,0.73977208,0.04105387,,,,
230844_at,0.73989059,-0.0332532,,,,
1555235_s_at,0.73989392,-0.01792057,,,,
201353_s_at,0.7398969,-0.04773111,,,,
1557719_at,0.73989876,-0.02898179,,,,
229332_at,0.73994614,-0.08926817,,,,
242409_at,0.73995183,0.01898971,,,,
226614_s_at,0.73995892,-0.05857304,,,,
1553341_at,0.73996792,0.0447299,,,,
215885_at,0.73998644,-0.02995082,,,,
1559977_a_at,0.73999301,0.03641985,,,,
1567912_s_at,0.74004062,0.21839583,,,,
218524_at,0.74010488,0.03074112,,,,
224519_at,0.74013537,-0.0393698,,,,
230270_at,0.74018562,0.08836013,,,,
244132_x_at,0.74026312,0.07515669,,,,
209758_s_at,0.74027523,0.2459611,,,,
220450_at,0.74029791,0.05768254,,,,
219846_at,0.74032101,-0.02357632,,,,
207117_at,0.7404208,0.04041679,,,,
1568683_at,0.74043051,-0.02010342,,,,
232296_s_at,0.74045731,-0.05774634,,,,
210995_s_at,0.74058962,-0.0531103,,,,
220607_x_at,0.74061021,-0.06330572,,,,
226684_at,0.74069376,0.04574231,,,,
231847_at,0.74070403,0.04711431,,,,
1556469_s_at,0.74070537,-0.0202521,,,,
227754_at,0.74074629,-0.06523428,,,,
221725_at,0.74079652,0.04544007,,,,
223497_at,0.74085567,-0.09804122,,,,
1565644_at,0.7408662,-0.02690451,,,,
211279_at,0.74086889,-0.03107164,,,,
231930_at,0.74087248,0.08646357,,,,
226697_at,0.74087882,0.07992758,,,,
213820_s_at,0.74087949,0.08321541,,,,
222040_at,0.74094643,-0.08256567,,,,
236561_at,0.74099642,0.07750801,,,,
209075_s_at,0.74102117,0.03214049,,,,
235027_at,0.74103362,0.09191475,,,,
222641_s_at,0.74107844,-0.04949102,,,,
236536_at,0.74107889,0.05749864,,,,
1559436_x_at,0.74112447,-0.05834936,,,,
214584_x_at,0.74118348,-0.05585139,,,,
220373_at,0.74127916,0.02203694,,,,
239803_at,0.74147825,-0.02284227,,,,
1561153_at,0.74152444,0.02282107,,,,
1560738_at,0.74156697,0.05563479,,,,
224879_at,0.7415838,-0.06548111,,,,
242997_at,0.74159746,-0.02513318,,,,
242826_at,0.74159919,-0.07185589,,,,
217346_at,0.74163633,0.02640612,,,,
215986_at,0.74164891,-0.01792427,,,,
241049_at,0.74165719,-0.03362272,,,,
1561099_at,0.7417309,-0.01830938,,,,
222831_at,0.74176468,-0.04394599,,,,
212049_at,0.74176558,0.03795749,,,,
220243_at,0.74177685,-0.04304822,,,,
235990_at,0.74178028,-0.06889399,,,,
1558324_a_at,0.74180671,-0.04928157,,,,
211562_s_at,0.74180935,0.0286253,,,,
1553847_a_at,0.74182087,0.04040708,,,,
204965_at,0.74182459,0.43254765,,,,
228819_at,0.7418434,0.06179603,,,,
211593_s_at,0.74186371,-0.03645494,,,,
231904_at,0.74189713,0.03817322,,,,
204483_at,0.74191585,0.14668509,,,,
204528_s_at,0.74193189,0.05164792,,,,
231579_s_at,0.74194866,0.10103621,,,,
233937_at,0.74195466,0.04028941,,,,
218107_at,0.74196676,0.0507065,,,,
1556643_at,0.7419732,-0.07860299,,,,
1552496_a_at,0.74200014,-0.10032127,,,,
201556_s_at,0.74203098,-0.03807742,,,,
232871_at,0.74206498,0.01876973,,,,
217200_x_at,0.74209382,0.03999425,,,,
201427_s_at,0.74209533,0.08982356,,,,
1556035_s_at,0.74211259,0.09892615,,,,
202941_at,0.74214602,0.04752651,,,,
1554374_at,0.74215534,-0.01821039,,,,
233306_at,0.74222063,-0.02368191,,,,
216153_x_at,0.74222402,-0.02449211,,,,
220132_s_at,0.74223183,-0.07262053,,,,
204331_s_at,0.74225293,0.05534269,,,,
216484_x_at,0.74228537,0.0460848,,,,
210596_at,0.74228562,-0.05658452,,,,
200834_s_at,0.74229225,0.03043109,,,,
234321_x_at,0.74229235,-0.05980069,,,,
238075_at,0.74230348,0.07543366,,,,
200980_s_at,0.7423294,-0.0570252,,,,
213152_s_at,0.74233219,-0.04875353,,,,
230685_at,0.74234042,-0.03940256,,,,
227462_at,0.74234436,-0.18202937,,,,
241921_x_at,0.74236491,-0.03082485,,,,
1556662_at,0.7424391,-0.01998734,,,,
59625_at,0.74245996,0.0788013,,,,
210323_at,0.74247955,-0.04661101,,,,
1554383_a_at,0.74248934,0.03780349,,,,
244307_s_at,0.74254191,-0.020163,,,,
204412_s_at,0.74256382,0.07600453,,,,
224291_at,0.74257068,-0.02232128,,,,
232725_s_at,0.74257244,0.02477545,,,,
1553157_at,0.74259762,0.02490999,,,,
200617_at,0.74260888,-0.07237512,,,,
37996_s_at,0.74263653,-0.04783122,,,,
237632_at,0.74265506,0.04277814,,,,
1563075_s_at,0.74267432,-0.05337785,,,,
1566080_at,0.74274809,-0.02106926,,,,
223260_s_at,0.74276255,0.04552379,,,,
210021_s_at,0.74276746,-0.07252638,,,,
223694_at,0.7428222,-0.11214119,,,,
1559494_at,0.7429096,0.02215844,,,,
1557551_at,0.7429097,0.01882508,,,,
214599_at,0.74290981,0.1439119,,,,
236664_at,0.74291621,-0.04259018,,,,
233815_at,0.74293032,0.0252129,,,,
218719_s_at,0.74295022,-0.0698811,,,,
218356_at,0.74296093,-0.03968503,,,,
227600_at,0.74300152,0.06688998,,,,
1562420_at,0.74302791,0.01399836,,,,
226752_at,0.74303113,0.05694089,,,,
226432_at,0.74308167,-0.07863419,,,,
203474_at,0.74309252,0.13791408,,,,
243837_x_at,0.74309272,0.07524213,,,,
241913_at,0.74313196,0.02321401,,,,
210718_s_at,0.74314835,-0.03680941,,,,
241076_at,0.74321472,-0.02329288,,,,
202086_at,0.74323174,0.1325701,,,,
229740_at,0.74328663,-0.05052294,,,,
220319_s_at,0.74329482,0.07795609,,,,
227252_at,0.74330201,-0.06942425,,,,
224301_x_at,0.74331062,0.07753945,,,,
1561017_at,0.74333206,0.03615594,,,,
202254_at,0.74334963,0.05758597,,,,
1553021_s_at,0.74335134,0.04925807,,,,
208169_s_at,0.74340609,0.02678729,,,,
1555317_at,0.74341933,0.01340819,,,,
204867_at,0.74342333,-0.09592437,,,,
234102_at,0.74343438,-0.02018939,,,,
230145_at,0.74345816,0.02271408,,,,
227566_at,0.7434721,-0.13543316,,,,
216587_s_at,0.74349266,0.04660871,,,,
1563179_at,0.74350131,0.01600989,,,,
219721_at,0.74350885,0.0232245,,,,
1563015_at,0.74353444,0.01833295,,,,
221247_s_at,0.74354977,0.04006276,,,,
208239_at,0.74355098,-0.02059717,,,,
236874_at,0.74355773,0.0238579,,,,
1560380_at,0.74356509,0.01414307,,,,
240158_at,0.74356535,0.01879997,,,,
234303_s_at,0.74358681,0.06901628,,,,
239733_at,0.74360799,-0.05673458,,,,
227999_at,0.74361617,-0.05947239,,,,
1559063_at,0.74364584,0.02731931,,,,
1562294_x_at,0.74367121,-0.0703399,,,,
1569368_at,0.74368262,-0.0177106,,,,
208773_s_at,0.74369654,0.03732379,,,,
234320_at,0.74372411,0.01633655,,,,
1559642_a_at,0.74377157,-0.02256476,,,,
224883_at,0.74381174,0.04794933,,,,
201108_s_at,0.74386878,0.09283014,,,,
1561305_at,0.74394946,0.01766591,,,,
238079_at,0.74397078,0.09360779,,,,
1557836_at,0.74397133,-0.02816451,,,,
211195_s_at,0.74401328,-0.06704848,,,,
202830_s_at,0.74403128,0.09494678,,,,
49485_at,0.74404394,0.03576369,,,,
1559140_at,0.74404712,0.03513157,,,,
1556829_at,0.74405839,0.01727334,,,,
212480_at,0.74406423,0.0454535,,,,
202964_s_at,0.7440658,0.05519172,,,,
240324_at,0.74407854,0.02911427,,,,
209341_s_at,0.74410764,-0.06568598,,,,
1553793_a_at,0.74411599,0.02765561,,,,
1559780_at,0.74413808,-0.02415769,,,,
225783_at,0.74414736,0.0414399,,,,
231058_at,0.7441666,-0.02813272,,,,
214209_s_at,0.74417706,0.06335883,,,,
1554452_a_at,0.74420177,0.10198722,,,,
1554602_at,0.74420947,-0.03167958,,,,
216071_x_at,0.74421359,0.03197741,,,,
239088_at,0.74423135,-0.0219412,,,,
224913_s_at,0.74426415,-0.0575938,,,,
236981_at,0.74430291,-0.04084419,,,,
244129_at,0.74435196,-0.02618178,,,,
215062_at,0.74438301,0.03133131,,,,
201027_s_at,0.74442514,-0.03755027,,,,
222098_s_at,0.74443397,0.0174016,,,,
214055_x_at,0.74443471,-0.05489418,,,,
219149_x_at,0.74446642,0.03846361,,,,
216422_at,0.74447737,-0.02964886,,,,
208043_at,0.74450772,-0.02461138,,,,
1560559_at,0.74462751,-0.02043804,,,,
243729_at,0.74462755,0.12806543,,,,
213998_s_at,0.74465018,-0.0882444,,,,
223518_at,0.74472292,-0.05039148,,,,
227036_at,0.74479115,-0.08337338,,,,
1558002_at,0.74479373,-0.05218637,,,,
234788_x_at,0.74482469,0.04533644,,,,
205522_at,0.74483824,0.07511358,,,,
223760_s_at,0.74490146,-0.0313314,,,,
243732_at,0.74491312,-0.02229915,,,,
223266_at,0.74492364,0.09059481,,,,
211670_x_at,0.74492365,0.03899797,,,,
225251_at,0.74493597,-0.0581173,,,,
220676_at,0.74496012,-0.02226978,,,,
242146_at,0.7449647,0.07765713,,,,
230973_at,0.74497354,0.04185333,,,,
223668_at,0.74497889,-0.02140858,,,,
208741_at,0.74499843,0.0523212,,,,
242824_at,0.74508186,0.06562729,,,,
204071_s_at,0.74514848,0.04091674,,,,
218849_s_at,0.74519499,0.0902018,,,,
234611_at,0.74521167,0.03474174,,,,
1569850_at,0.74527107,0.01534352,,,,
227177_at,0.74529314,-0.10580938,,,,
242979_at,0.74536329,-0.11321516,,,,
239039_at,0.7454116,-0.02807616,,,,
202483_s_at,0.7454236,-0.04514085,,,,
200017_at,0.74546018,0.0211778,,,,
239315_at,0.74549643,-0.02733014,,,,
205412_at,0.74552743,0.10736476,,,,
207265_s_at,0.74555036,0.07809889,,,,
1553327_a_at,0.74558102,0.02273081,,,,
200076_s_at,0.74561328,-0.02935918,,,,
215736_at,0.7456181,0.02209115,,,,
243813_at,0.74567102,0.08029443,,,,
222108_at,0.7456877,-0.13744572,,,,
208909_at,0.7457097,-0.03826623,,,,
225172_at,0.74571176,-0.04247699,,,,
225572_at,0.74576052,0.04569875,,,,
211320_s_at,0.74582822,-0.04766782,,,,
225402_at,0.74583708,0.06407666,,,,
1556166_x_at,0.74586009,0.02889015,,,,
240027_at,0.74587551,0.06093749,,,,
218448_at,0.74587929,-0.05824547,,,,
218344_s_at,0.74591996,0.04904142,,,,
1561927_at,0.74595857,-0.01424496,,,,
202905_x_at,0.74600616,0.06074283,,,,
1554378_a_at,0.74600871,0.0263051,,,,
215734_at,0.74605551,0.06045366,,,,
221403_s_at,0.74608089,-0.02550851,,,,
238552_at,0.74610483,-0.03779446,,,,
217046_s_at,0.74610725,0.06416038,,,,
222407_s_at,0.74612308,0.05463275,,,,
1553838_at,0.74615947,0.01673716,,,,
209981_at,0.74616675,-0.02977357,,,,
222848_at,0.74616717,-0.09678703,,,,
203860_at,0.74617332,-0.10632602,,,,
1553186_x_at,0.74617621,0.10292464,,,,
241466_at,0.74620403,-0.06272776,,,,
240868_at,0.74627457,0.04046073,,,,
1566673_at,0.74628486,0.0150744,,,,
1569779_at,0.74628701,-0.01432918,,,,
205288_at,0.74631976,-0.09329038,,,,
233274_at,0.74632166,-0.04731586,,,,
1556904_at,0.74633377,0.0192407,,,,
239445_at,0.74636571,0.02452858,,,,
1562583_s_at,0.74636723,-0.04432955,,,,
1553468_at,0.74638139,0.01772897,,,,
232526_at,0.74638239,-0.02130579,,,,
204359_at,0.74638727,0.15544265,,,,
242894_at,0.74639649,0.0465913,,,,
201752_s_at,0.74642002,-0.09195595,,,,
224069_x_at,0.74647358,-0.02537033,,,,
218837_s_at,0.74648566,0.04151207,,,,
201330_at,0.74649005,-0.0329957,,,,
224362_at,0.74649826,-0.0170837,,,,
212627_s_at,0.74653631,0.03501943,,,,
1558147_a_at,0.7465386,-0.03118277,,,,
219118_at,0.74657733,0.08467041,,,,
243019_at,0.74657795,-0.01850821,,,,
1559062_at,0.74658269,0.03703048,,,,
209771_x_at,0.74661952,0.19443829,,,,
237839_at,0.74662636,-0.07533234,,,,
239240_at,0.74668915,0.06050688,,,,
212344_at,0.7466912,0.1207388,,,,
229868_s_at,0.74669445,-0.04424854,,,,
212282_at,0.74671618,0.09854964,,,,
244070_at,0.74672714,-0.05700544,,,,
238123_at,0.74677847,0.054652,,,,
239413_at,0.74683232,0.07175361,,,,
207575_at,0.74686781,0.0236151,,,,
236803_at,0.74687242,-0.02105696,,,,
230048_at,0.74688333,0.07009985,,,,
220653_at,0.74689882,0.02623422,,,,
217155_at,0.74693908,0.01927809,,,,
240354_at,0.74694118,-0.0227707,,,,
205734_s_at,0.74694152,0.02939994,,,,
227102_at,0.74694213,0.0418575,,,,
211527_x_at,0.74694275,-0.11159104,,,,
221841_s_at,0.74694619,-0.1399678,,,,
238045_at,0.74694809,0.08240813,,,,
214000_s_at,0.746984,-0.07450302,,,,
202603_at,0.74699049,0.0476353,,,,
231587_at,0.74701127,0.14255477,,,,
211717_at,0.74701226,-0.02938928,,,,
215942_s_at,0.74701362,-0.07855478,,,,
218384_at,0.74706598,-0.0501767,,,,
240254_at,0.74710355,-0.02491133,,,,
204090_at,0.74721386,0.03479152,,,,
1566631_at,0.74722819,0.01743092,,,,
211019_s_at,0.74725285,-0.06682306,,,,
217645_at,0.74725417,-0.05883071,,,,
212504_at,0.74728218,0.0530228,,,,
234090_at,0.74729874,-0.02157108,,,,
228333_at,0.74731654,-0.11645192,,,,
218272_at,0.74731768,-0.09596199,,,,
218711_s_at,0.74735589,0.09433902,,,,
219826_at,0.7473808,0.05712964,,,,
229949_at,0.74746917,0.06102396,,,,
214285_at,0.74749692,0.12854076,,,,
241455_at,0.74750945,0.11364145,,,,
201953_at,0.74754411,-0.07469508,,,,
233183_at,0.74757982,-0.01868217,,,,
235199_at,0.74759028,0.10997037,,,,
1555896_a_at,0.7475921,-0.0362995,,,,
204079_at,0.74766618,-0.0693591,,,,
1554253_a_at,0.74766806,-0.05362477,,,,
237750_at,0.74773715,0.02526042,,,,
220794_at,0.74776026,0.12134049,,,,
208383_s_at,0.74776784,0.31653717,,,,
205563_at,0.74777273,0.0551407,,,,
244462_at,0.74780909,0.05267756,,,,
1563568_at,0.74781775,-0.01660994,,,,
228766_at,0.74790235,0.19100899,,,,
1560745_at,0.74793592,-0.01262127,,,,
57739_at,0.74795241,-0.05168099,,,,
208558_at,0.74795983,0.03240577,,,,
218089_at,0.74796595,0.03135395,,,,
213861_s_at,0.74799545,0.04071345,,,,
1554679_a_at,0.74804102,-0.12731954,,,,
201911_s_at,0.7480974,0.07810751,,,,
1560683_at,0.74810611,-0.04503733,,,,
1554847_at,0.74813035,0.02164029,,,,
237459_at,0.74813801,-0.0220479,,,,
237852_at,0.74816061,-0.01618567,,,,
226802_s_at,0.74817533,-0.05719041,,,,
233275_at,0.74818607,0.04706642,,,,
202312_s_at,0.74819883,-0.02694793,,,,
214492_at,0.74819945,0.07426529,,,,
213719_s_at,0.74822511,0.02855851,,,,
205208_at,0.7482329,0.14504108,,,,
1554565_x_at,0.74826251,0.02411985,,,,
207941_s_at,0.74831684,0.04880948,,,,
210602_s_at,0.74833802,-0.07868784,,,,
205468_s_at,0.74834966,-0.03516552,,,,
204339_s_at,0.74838667,-0.09250708,,,,
207819_s_at,0.74844127,0.2145654,,,,
236310_at,0.74844832,-0.03610414,,,,
1561037_a_at,0.74844872,0.03286878,,,,
225162_at,0.74849926,-0.086577,,,,
1563853_at,0.74851109,0.02682964,,,,
211940_x_at,0.74851692,0.03558024,,,,
203920_at,0.7485179,-0.07338774,,,,
1562957_at,0.74856609,0.02956547,,,,
235043_at,0.74856739,-0.03425657,,,,
200089_s_at,0.74857304,-0.02959222,,,,
218320_s_at,0.74858464,-0.03989093,,,,
232103_at,0.74860301,0.07604725,,,,
215530_at,0.74863898,-0.02943157,,,,
202559_x_at,0.74866602,-0.03753478,,,,
229226_at,0.74868268,-0.03908265,,,,
230976_at,0.74875777,-0.02509919,,,,
228023_x_at,0.74876851,0.05648439,,,,
227569_at,0.74878156,-0.06570227,,,,
208190_s_at,0.74878535,0.13018377,,,,
235325_at,0.74879,0.04056341,,,,
212584_at,0.74879957,-0.02823445,,,,
215993_at,0.74880175,-0.01536275,,,,
1557165_s_at,0.74884706,-0.05127172,,,,
203444_s_at,0.74884868,-0.04255552,,,,
1563489_at,0.74885446,-0.02109844,,,,
235530_at,0.74887408,-0.03984345,,,,
202033_s_at,0.74892795,0.04408264,,,,
219163_at,0.74893068,0.04079588,,,,
234770_at,0.74893707,-0.0241299,,,,
1553635_s_at,0.74894072,-0.06339719,,,,
241392_at,0.74899196,0.03389582,,,,
242047_at,0.74901842,-0.02224226,,,,
227200_at,0.74905787,0.05847621,,,,
201392_s_at,0.74908775,-0.05015543,,,,
214117_s_at,0.7491344,-0.07912663,,,,
208517_x_at,0.74914642,0.02833387,,,,
206210_s_at,0.74914692,0.13793774,,,,
228058_at,0.74920262,-0.19796011,,,,
1553690_at,0.74920347,-0.04985246,,,,
1558122_s_at,0.74921963,0.02696912,,,,
221284_s_at,0.74922228,0.03578308,,,,
215712_s_at,0.74927477,0.10536524,,,,
228993_s_at,0.74930712,0.07401623,,,,
206614_at,0.74933485,0.05249444,,,,
207562_at,0.74936167,-0.02202106,,,,
225866_at,0.74937004,0.05291744,,,,
223691_at,0.74940619,0.07122522,,,,
230208_at,0.74941536,-0.02461903,,,,
226018_at,0.74942719,-0.08972454,,,,
1569030_s_at,0.74945103,-0.06356586,,,,
226356_at,0.74946316,-0.03777885,,,,
242258_at,0.74946464,0.03257481,,,,
1563886_at,0.74950801,0.01358602,,,,
34858_at,0.74953681,0.03555076,,,,
1554683_a_at,0.7495397,-0.02379535,,,,
242526_at,0.74955386,0.02555915,,,,
209774_x_at,0.74960754,0.18069175,,,,
224773_at,0.74962289,-0.0722395,,,,
222567_s_at,0.74964828,-0.0644064,,,,
1559154_at,0.74966412,0.02904505,,,,
240272_at,0.74971236,-0.05501942,,,,
1557100_s_at,0.74971463,-0.06880892,,,,
209101_at,0.74975633,0.1048219,,,,
226709_at,0.74975822,-0.06162528,,,,
201840_at,0.74979087,0.03752146,,,,
240544_at,0.74981979,0.02032206,,,,
1555600_s_at,0.7498305,-0.08233385,,,,
219441_s_at,0.74984726,0.05330471,,,,
237999_at,0.74986542,0.03618008,,,,
225678_at,0.74986942,0.0271499,,,,
1554127_s_at,0.74993896,0.07976663,,,,
210106_at,0.74994323,0.07482471,,,,
225958_at,0.74995009,0.05103469,,,,
221196_x_at,0.74995692,-0.04891491,,,,
220535_at,0.74998616,0.02782319,,,,
213747_at,0.74998959,0.04045476,,,,
220994_s_at,0.75000034,-0.15305922,,,,
224834_at,0.75001869,-0.04509976,,,,
244476_at,0.75002382,-0.04060982,,,,
212490_at,0.75003577,0.03959259,,,,
214059_at,0.75004444,-0.10381722,,,,
230050_at,0.75006697,0.03778504,,,,
213447_at,0.75008522,0.11077483,,,,
224917_at,0.75010957,0.13363813,,,,
213993_at,0.75022851,0.20304815,,,,
228686_at,0.75029893,0.07221506,,,,
207661_s_at,0.75031411,-0.09397432,,,,
218492_s_at,0.75037252,-0.03280644,,,,
215604_x_at,0.7503956,0.03307585,,,,
229929_at,0.75040529,-0.02168253,,,,
219546_at,0.7504099,0.06788326,,,,
241456_at,0.7504527,0.05477137,,,,
237483_at,0.75047491,0.06114391,,,,
1555783_x_at,0.75047635,-0.03803674,,,,
236072_at,0.7504919,0.04742312,,,,
201776_s_at,0.7505124,0.03848805,,,,
1560156_at,0.7505245,0.06774515,,,,
219609_at,0.75056289,0.03682778,,,,
211837_s_at,0.75058414,0.04234754,,,,
207803_s_at,0.750642,0.04096577,,,,
1555547_at,0.75065587,-0.01542013,,,,
201342_at,0.75067508,0.04071686,,,,
237210_at,0.75069651,-0.02910205,,,,
1558508_a_at,0.7507186,0.09874678,,,,
229083_at,0.75077926,0.05015447,,,,
201727_s_at,0.7508434,-0.05594709,,,,
214906_x_at,0.7508779,-0.05959783,,,,
205406_s_at,0.750895,0.06987423,,,,
1560424_at,0.75091069,-0.0175958,,,,
209616_s_at,0.75094101,-0.23377282,,,,
243471_at,0.75094405,-0.01981059,,,,
218906_x_at,0.75097205,0.04223874,,,,
233401_at,0.75098547,-0.04925047,,,,
209744_x_at,0.75101338,0.04799846,,,,
1554319_at,0.75101649,-0.01252674,,,,
216471_x_at,0.75108962,0.07076436,,,,
237584_at,0.75112573,-0.01735547,,,,
231399_at,0.75112848,0.09943315,,,,
242203_at,0.75114211,0.04962222,,,,
201983_s_at,0.75115807,0.10597277,,,,
1558330_x_at,0.75117786,-0.04595518,,,,
1557117_at,0.75129608,0.02397976,,,,
1554220_a_at,0.75132016,-0.06862738,,,,
211622_s_at,0.7513231,-0.05182287,,,,
1557656_at,0.75136432,-0.0264006,,,,
204616_at,0.75140718,0.0684229,,,,
1552678_a_at,0.75141481,-0.05803992,,,,
216959_x_at,0.7514181,0.03679832,,,,
240843_at,0.7514443,0.04756973,,,,
228688_at,0.75148234,-0.04220626,,,,
203456_at,0.75149566,0.05269516,,,,
209912_s_at,0.75149997,0.03825587,,,,
223509_at,0.75150259,-0.1249952,,,,
226982_at,0.75150668,0.08602145,,,,
223905_at,0.75161708,-0.02864226,,,,
243152_at,0.75165,0.0179503,,,,
202417_at,0.75166803,-0.04213548,,,,
218124_at,0.75170307,-0.06872582,,,,
1557155_a_at,0.75170391,-0.08627892,,,,
236792_at,0.75173719,0.01591711,,,,
1553588_at,0.75174495,0.01451255,,,,
203720_s_at,0.75176494,-0.0399403,,,,
209394_at,0.75177037,0.05655092,,,,
239605_x_at,0.75193954,-0.02080676,,,,
210595_at,0.75195064,-0.02441728,,,,
202264_s_at,0.75197001,-0.04341552,,,,
235015_at,0.75198963,0.05361329,,,,
244372_at,0.75201847,-0.01296934,,,,
203243_s_at,0.7520358,-0.06009938,,,,
207319_s_at,0.7520476,-0.04292903,,,,
213764_s_at,0.75205549,0.26469562,,,,
229806_at,0.75206646,-0.02623864,,,,
226637_at,0.75208219,-0.07395751,,,,
233842_x_at,0.75210522,-0.04075396,,,,
205176_s_at,0.75210813,0.06619833,,,,
1554915_a_at,0.75211815,0.05076234,,,,
206117_at,0.75213116,0.11011527,,,,
1559470_at,0.7521374,0.01420531,,,,
207316_at,0.7521407,0.06502634,,,,
234837_at,0.75216225,-0.02293834,,,,
1557238_s_at,0.75217414,0.05580049,,,,
1554417_s_at,0.75225124,-0.06713824,,,,
209041_s_at,0.75225412,-0.05380882,,,,
202007_at,0.75226021,0.08820586,,,,
216109_at,0.75226273,-0.0384102,,,,
214639_s_at,0.75228421,-0.08804572,,,,
238942_at,0.75228836,0.07362882,,,,
221795_at,0.75228961,0.12614338,,,,
1553374_at,0.75229309,-0.01618599,,,,
1552733_at,0.75229524,0.0758161,,,,
214650_x_at,0.75234149,0.02518152,,,,
1558623_at,0.75235057,-0.01361031,,,,
238684_at,0.75236212,-0.05048337,,,,
210594_x_at,0.75240341,0.06351792,,,,
238358_x_at,0.75240375,-0.01568787,,,,
206868_at,0.75242411,0.03559932,,,,
230363_s_at,0.75242498,-0.0508002,,,,
232927_at,0.75243763,0.02591756,,,,
205592_at,0.75245556,-0.02870934,,,,
1552783_at,0.75246904,-0.01325933,,,,
205858_at,0.75247505,0.07229209,,,,
218234_at,0.75249155,-0.03129249,,,,
232182_at,0.75249692,0.05403235,,,,
208484_at,0.75249714,0.02135161,,,,
229781_at,0.75250851,-0.06821949,,,,
219093_at,0.75252546,0.14016386,,,,
241866_at,0.75258102,0.0736645,,,,
232537_x_at,0.75263796,-0.0186224,,,,
222722_at,0.75264696,0.22031734,,,,
202913_at,0.7527087,-0.0275395,,,,
1563168_at,0.75273514,-0.01582196,,,,
1555601_at,0.75275323,-0.01257777,,,,
207112_s_at,0.75276126,-0.04090135,,,,
231659_at,0.75281859,-0.01670248,,,,
228725_x_at,0.75282334,0.05853759,,,,
227977_at,0.75283477,0.04248467,,,,
1555261_at,0.75288205,0.01893278,,,,
223137_at,0.75288382,0.02325513,,,,
232306_at,0.75293846,-0.08592874,,,,
227095_at,0.75294238,-0.06361087,,,,
220040_x_at,0.75294276,0.05038593,,,,
214241_at,0.75298492,-0.05030502,,,,
244367_at,0.75298926,0.01351846,,,,
223300_s_at,0.75299632,0.05823721,,,,
223204_at,0.75301242,0.11952575,,,,
213513_x_at,0.75305817,0.03324554,,,,
231306_at,0.75307856,-0.02159908,,,,
237032_x_at,0.75309839,-0.03296154,,,,
216614_at,0.75314799,0.03479616,,,,
236615_at,0.75319655,0.04211385,,,,
207544_s_at,0.75322667,0.18489096,,,,
232197_x_at,0.75326731,-0.07364611,,,,
244135_at,0.75330633,-0.01899295,,,,
1565768_at,0.75333286,0.01831585,,,,
225220_at,0.75334691,-0.06551565,,,,
216640_s_at,0.75335138,-0.04792077,,,,
1569588_x_at,0.75335278,-0.01471517,,,,
233319_x_at,0.75343241,0.0355849,,,,
242907_at,0.75344457,0.10445663,,,,
223419_at,0.7534507,0.05034206,,,,
215709_at,0.75346396,0.02351364,,,,
214821_at,0.75347936,0.03204664,,,,
1554264_at,0.75352194,0.04097079,,,,
1557692_a_at,0.75357462,0.01688142,,,,
213610_s_at,0.75357467,0.11757259,,,,
228295_at,0.75357767,-0.02392546,,,,
231502_at,0.75359719,0.03049228,,,,
213587_s_at,0.75369505,0.11250323,,,,
227005_at,0.75370372,-0.03587338,,,,
218618_s_at,0.75371118,0.07063573,,,,
217949_s_at,0.75378902,-0.05172734,,,,
203469_s_at,0.75379055,-0.0384752,,,,
242459_at,0.75384587,-0.01927653,,,,
224038_at,0.75385438,-0.01545294,,,,
1557311_at,0.75385894,-0.02156192,,,,
236691_at,0.75387278,0.04290188,,,,
1552436_a_at,0.75389144,-0.02596348,,,,
209066_x_at,0.75389452,-0.0416994,,,,
1559382_at,0.75390322,-0.04248496,,,,
234915_s_at,0.75392804,0.06314521,,,,
215749_s_at,0.75394426,-0.03370479,,,,
237605_at,0.75411252,0.01492022,,,,
232876_at,0.7541194,-0.0382046,,,,
1556126_s_at,0.75413574,0.078017,,,,
201684_s_at,0.75414965,0.03704784,,,,
216339_s_at,0.75415775,0.05410598,,,,
219577_s_at,0.75417513,-0.06045112,,,,
232349_x_at,0.75418864,-0.04712115,,,,
220081_x_at,0.75420791,-0.04544549,,,,
241800_x_at,0.75420843,-0.0221225,,,,
214097_at,0.75424039,-0.07936431,,,,
236696_at,0.75427605,-0.05990961,,,,
1552789_at,0.75432509,0.04688978,,,,
238171_at,0.75434726,0.02375683,,,,
1569469_a_at,0.75438873,-0.0456148,,,,
1554165_at,0.75443634,0.01832622,,,,
237930_at,0.75448632,0.01814274,,,,
219417_s_at,0.75449031,0.02374568,,,,
238035_at,0.75452077,0.03821501,,,,
202655_at,0.7545219,-0.04525649,,,,
223651_x_at,0.75453005,0.07101481,,,,
227591_at,0.75460341,-0.05730873,,,,
202130_at,0.75464301,-0.04968051,,,,
213104_at,0.75466117,0.03816144,,,,
225304_s_at,0.75475433,0.04881085,,,,
243817_at,0.7547579,0.02551621,,,,
206651_s_at,0.75476179,0.34801857,,,,
1554743_x_at,0.75478724,0.02486065,,,,
233677_at,0.75481745,0.04864345,,,,
1566033_at,0.7548466,-0.01683889,,,,
209455_at,0.75484877,-0.03596143,,,,
1558719_s_at,0.75486223,0.03029785,,,,
225637_at,0.75490355,-0.0348675,,,,
218874_s_at,0.75496651,0.05160649,,,,
232889_at,0.75496723,0.08062717,,,,
205017_s_at,0.75499622,-0.05345114,,,,
229944_at,0.75504075,0.1227605,,,,
238322_s_at,0.75507199,0.03861256,,,,
1564821_at,0.75508426,-0.02321329,,,,
200011_s_at,0.7551024,-0.04702473,,,,
203564_at,0.75521402,-0.05391408,,,,
207174_at,0.75522319,-0.06894111,,,,
1561607_at,0.75524384,-0.01611221,,,,
218360_at,0.75527583,0.05384214,,,,
230225_x_at,0.75529184,0.01303927,,,,
219822_at,0.75531659,-0.05281016,,,,
239841_at,0.75532479,-0.05990554,,,,
238234_at,0.75532892,-0.03771533,,,,
210753_s_at,0.75532902,-0.0621983,,,,
207841_at,0.75535883,0.0200221,,,,
201545_s_at,0.75537355,-0.03135999,,,,
1557315_a_at,0.75537973,-0.04085968,,,,
1557431_at,0.75538404,-0.01953904,,,,
208145_at,0.75538454,0.01613823,,,,
226504_at,0.75539877,0.05284361,,,,
211399_at,0.75546223,0.02044843,,,,
216206_x_at,0.75546421,-0.03347212,,,,
214982_at,0.75548006,0.01824251,,,,
218237_s_at,0.75549525,0.12067879,,,,
241917_at,0.75557135,0.0258271,,,,
205158_at,0.75557361,-0.11674175,,,,
203384_s_at,0.7555776,0.03564225,,,,
204555_s_at,0.75560972,-0.05226706,,,,
1557821_at,0.75562187,-0.02011799,,,,
234540_at,0.75564694,0.01560597,,,,
200868_s_at,0.75568532,-0.06818457,,,,
232116_at,0.75569439,0.10211754,,,,
243777_at,0.75572436,-0.02656071,,,,
1559403_at,0.75577412,0.01870163,,,,
1556033_at,0.75581031,0.06922853,,,,
227357_at,0.75583444,0.05980803,,,,
232082_x_at,0.75583704,0.15036511,,,,
222969_at,0.75587537,0.02081388,,,,
240583_at,0.75587982,-0.01697461,,,,
201940_at,0.75592786,0.0668208,,,,
1569642_at,0.75593056,-0.02448307,,,,
225793_at,0.75594968,-0.07662802,,,,
202740_at,0.75597598,0.10504377,,,,
220401_at,0.75601297,-0.01460671,,,,
226469_s_at,0.75602104,-0.04804059,,,,
235541_at,0.75606087,-0.02345864,,,,
1553215_s_at,0.75607759,-0.0245974,,,,
244085_at,0.75608028,-0.02280084,,,,
222386_s_at,0.75608474,-0.05172315,,,,
214482_at,0.75611441,0.03703231,,,,
226984_at,0.75612986,-0.04939906,,,,
234685_x_at,0.75617058,-0.01976799,,,,
1552997_a_at,0.75617366,0.02333651,,,,
213742_at,0.75619073,-0.09674372,,,,
239548_at,0.75620424,0.03123564,,,,
216620_s_at,0.75621502,-0.07204044,,,,
1558342_x_at,0.75622229,0.02587849,,,,
235427_at,0.75623264,-0.06227163,,,,
1565755_at,0.75627834,0.01046146,,,,
243992_at,0.7562964,0.04818401,,,,
208689_s_at,0.75629993,-0.04692019,,,,
217317_s_at,0.75630896,-0.08277104,,,,
223716_s_at,0.7563301,0.04818334,,,,
1558075_at,0.75635093,-0.01944521,,,,
209735_at,0.75635121,0.11538858,,,,
223144_s_at,0.75640022,0.04040368,,,,
243483_at,0.75641839,-0.19212093,,,,
1566951_at,0.75643371,0.02510134,,,,
230055_at,0.75644907,0.04895058,,,,
1556676_a_at,0.75651644,0.0343125,,,,
241418_at,0.75653895,-0.07388152,,,,
233705_at,0.75663473,0.02041293,,,,
238756_at,0.75666625,-0.08352335,,,,
217890_s_at,0.75669191,-0.05540303,,,,
221014_s_at,0.7567142,-0.04768003,,,,
217153_at,0.75672863,0.02250749,,,,
215322_at,0.75673373,0.05023622,,,,
231861_at,0.75673956,0.06899579,,,,
201006_at,0.75679652,0.03386779,,,,
237402_at,0.75682795,0.01853693,,,,
208082_x_at,0.75683442,0.03131557,,,,
220836_at,0.75684423,-0.01596481,,,,
222003_s_at,0.75684452,-0.04788076,,,,
1555926_a_at,0.75684942,-0.02462101,,,,
234310_s_at,0.75689123,-0.04859615,,,,
211934_x_at,0.75693838,0.04661726,,,,
235535_x_at,0.75694256,0.08987108,,,,
226692_at,0.75697283,-0.04404774,,,,
214169_at,0.75703383,0.06973917,,,,
213552_at,0.75706531,0.0754642,,,,
238467_at,0.75711154,-0.05959809,,,,
226329_s_at,0.75717369,-0.05371736,,,,
209372_x_at,0.75723432,-0.06930645,,,,
226969_at,0.75724304,0.06226376,,,,
201096_s_at,0.75726016,0.04183816,,,,
228627_at,0.75726535,-0.03923394,,,,
211834_s_at,0.75736777,0.03821871,,,,
204402_at,0.75738469,0.0445538,,,,
1564003_at,0.75747115,-0.015786,,,,
1562528_at,0.75750486,0.02759285,,,,
201377_at,0.75755187,0.05228423,,,,
235281_x_at,0.75759931,0.09366061,,,,
206498_at,0.75760908,0.09468658,,,,
236911_at,0.75764331,-0.02183885,,,,
209330_s_at,0.75765252,0.04437336,,,,
236419_at,0.75769223,0.01579019,,,,
1553486_a_at,0.75771193,0.06330259,,,,
236781_at,0.75775669,-0.03196367,,,,
217780_at,0.75780333,0.03850022,,,,
235431_s_at,0.75782062,0.04923491,,,,
229479_at,0.75783409,0.14163935,,,,
216427_at,0.75784798,-0.02047727,,,,
1562581_at,0.75788908,-0.02417234,,,,
1554930_a_at,0.75789058,-0.07898658,,,,
1559685_at,0.75790299,-0.01410355,,,,
217770_at,0.75790585,0.05288139,,,,
232511_at,0.75792362,0.05469479,,,,
225126_at,0.75792398,-0.04887107,,,,
213267_at,0.75795225,0.04582072,,,,
222000_at,0.75801275,0.04156578,,,,
241277_x_at,0.75807619,-0.02443463,,,,
232859_s_at,0.7580929,0.04843022,,,,
203070_at,0.75809744,-0.02175547,,,,
243256_at,0.75818601,0.06588513,,,,
204221_x_at,0.75820688,0.06521962,,,,
201670_s_at,0.75821786,-0.07182155,,,,
214661_s_at,0.75823055,0.03453029,,,,
1561593_at,0.75824569,-0.01402815,,,,
208646_at,0.75825735,-0.03040993,,,,
238180_at,0.75826807,-0.05846843,,,,
209448_at,0.75827304,-0.07350065,,,,
236162_at,0.75830697,0.01790627,,,,
235004_at,0.75833158,0.12856913,,,,
218099_at,0.75833389,0.05468673,,,,
236060_at,0.75837418,-0.01684812,,,,
1564838_a_at,0.75840216,-0.03582098,,,,
212281_s_at,0.75842705,0.09341127,,,,
208655_at,0.7584677,-0.03775462,,,,
243814_at,0.75847086,-0.02445721,,,,
1563586_at,0.75849886,0.01595615,,,,
205016_at,0.7585143,-0.14889347,,,,
202046_s_at,0.75851702,0.05566823,,,,
230625_s_at,0.75857349,-0.07886846,,,,
1554010_at,0.75858173,0.04945103,,,,
208067_x_at,0.75861147,0.07004235,,,,
213903_s_at,0.75861909,-0.03577967,,,,
227410_at,0.758643,0.09567602,,,,
203159_at,0.75865111,-0.07677671,,,,
225931_s_at,0.75865113,-0.06469285,,,,
215013_s_at,0.75871091,0.03142078,,,,
212310_at,0.75871247,0.06291355,,,,
208823_s_at,0.75871596,0.03854739,,,,
229546_at,0.75872536,-0.15396161,,,,
228382_at,0.75875074,0.04871808,,,,
235448_at,0.75876065,-0.02153865,,,,
216197_at,0.7587632,-0.02662954,,,,
1566695_at,0.75878318,-0.01366913,,,,
227779_at,0.75881618,0.08128342,,,,
211124_s_at,0.75894569,0.0387903,,,,
218844_at,0.75895784,-0.0610726,,,,
242786_at,0.75900936,0.0618036,,,,
210563_x_at,0.75901918,-0.05505545,,,,
235268_at,0.75903291,0.03151586,,,,
217531_at,0.75905152,-0.01328081,,,,
222358_x_at,0.75906627,-0.04334108,,,,
209868_s_at,0.75907165,0.0746587,,,,
205260_s_at,0.75911067,-0.0741926,,,,
1555610_at,0.75913066,0.01579881,,,,
1561544_at,0.75913623,0.01989523,,,,
243547_at,0.7591377,-0.02552872,,,,
225144_at,0.75914055,0.04123466,,,,
244412_at,0.75919019,-0.01245876,,,,
46256_at,0.75919132,-0.0269585,,,,
204519_s_at,0.75922718,-0.09674922,,,,
202157_s_at,0.75927539,-0.11323564,,,,
213111_at,0.75927552,0.03555715,,,,
215743_at,0.75928746,0.05056667,,,,
65086_at,0.75931661,-0.03115122,,,,
235536_at,0.75934,0.04511893,,,,
1553907_a_at,0.75943382,-0.01264143,,,,
227722_at,0.75946937,-0.06675086,,,,
217837_s_at,0.75948729,0.04838547,,,,
205828_at,0.75950997,0.15580014,,,,
239687_at,0.75952982,0.02027146,,,,
236898_at,0.7595413,0.05060797,,,,
231779_at,0.75955795,-0.0968801,,,,
1567287_at,0.75956352,-0.01034143,,,,
208006_at,0.75961239,0.04403086,,,,
204348_s_at,0.7596166,-0.09595168,,,,
204421_s_at,0.75967111,0.07582718,,,,
211680_at,0.75967163,-0.0137869,,,,
1563649_at,0.75967335,0.04174458,,,,
237649_at,0.75972505,-0.01043379,,,,
230147_at,0.75972697,-0.13337015,,,,
233442_at,0.75973453,0.04702786,,,,
207058_s_at,0.7597405,0.02657909,,,,
216800_at,0.75974763,-0.02183052,,,,
237366_at,0.75976937,0.01816199,,,,
241025_at,0.7598091,-0.01381507,,,,
202279_at,0.75980945,0.05582031,,,,
223520_s_at,0.75983796,-0.04325806,,,,
235886_at,0.75983807,-0.03407219,,,,
1568722_at,0.75984872,0.01741861,,,,
219155_at,0.75987558,0.07239623,,,,
240033_at,0.7598833,-0.04901648,,,,
219529_at,0.75988346,-0.15851367,,,,
208027_s_at,0.75988512,-0.01655323,,,,
222674_at,0.75988745,-0.03142131,,,,
202961_s_at,0.75990441,-0.03987766,,,,
232266_x_at,0.75991815,0.05136518,,,,
218193_s_at,0.75995093,0.04634489,,,,
241799_x_at,0.75995193,-0.02947078,,,,
203867_s_at,0.7599588,0.04887338,,,,
229418_at,0.75998471,-0.04773123,,,,
1565587_at,0.76000705,-0.02551745,,,,
242929_at,0.7600239,-0.01578822,,,,
236507_at,0.76002473,-0.02817412,,,,
205210_at,0.76003525,0.03403978,,,,
200756_x_at,0.76006004,-0.05952503,,,,
206302_s_at,0.76006676,0.08231583,,,,
237650_at,0.76010085,-0.01869468,,,,
222629_at,0.76011372,-0.06151594,,,,
203468_at,0.7601697,0.04870757,,,,
240635_at,0.76017669,-0.01715035,,,,
202697_at,0.76018849,-0.04985816,,,,
205446_s_at,0.76021081,-0.04746397,,,,
1552937_s_at,0.7602984,0.036867,,,,
205746_s_at,0.76030103,-0.06796669,,,,
205898_at,0.76033642,-0.11669365,,,,
206439_at,0.76034016,-0.16884878,,,,
205590_at,0.76043996,-0.13045219,,,,
209195_s_at,0.76045281,-0.04786182,,,,
214943_s_at,0.7604691,0.04248027,,,,
215299_x_at,0.76048818,-0.09489958,,,,
223875_s_at,0.76052808,0.03559206,,,,
221366_at,0.76052928,0.02160889,,,,
222860_s_at,0.76053536,0.08628432,,,,
217103_at,0.76053739,-0.01759871,,,,
218231_at,0.76054108,-0.05304372,,,,
230635_at,0.76054418,-0.03395596,,,,
235345_at,0.76055619,0.0443021,,,,
224215_s_at,0.760563,-0.09165938,,,,
AFFX-DapX-M_at,0.76060352,0.0874785,,,,
209563_x_at,0.76062032,-0.03677005,,,,
209035_at,0.76063174,0.10416347,,,,
213541_s_at,0.76066722,-0.07965566,,,,
1557522_x_at,0.76068392,-0.06164511,,,,
45526_g_at,0.76074217,-0.0306816,,,,
1560148_at,0.76074964,-0.01903698,,,,
218885_s_at,0.76075002,-0.16786549,,,,
232772_at,0.76082846,0.05538892,,,,
224013_s_at,0.76083234,0.09588659,,,,
1556954_at,0.76090174,-0.01576378,,,,
233777_at,0.76090601,-0.02056003,,,,
201838_s_at,0.7610283,0.03335999,,,,
224701_at,0.76102896,-0.07253418,,,,
239215_at,0.76104497,0.02668299,,,,
1553963_at,0.7610458,0.01399311,,,,
238589_s_at,0.76115556,0.04734134,,,,
202327_s_at,0.76115952,-0.02415579,,,,
242010_at,0.76116711,-0.02026723,,,,
212505_s_at,0.76116921,0.0304083,,,,
204782_at,0.76122866,-0.09384844,,,,
1561526_at,0.7612896,0.01834112,,,,
226573_at,0.761318,-0.05062718,,,,
222423_at,0.76139878,-0.04574064,,,,
222992_s_at,0.76141609,-0.05112571,,,,
201495_x_at,0.76141887,-0.04827127,,,,
1563840_at,0.76142428,0.01287276,,,,
231322_at,0.76146346,-0.0198248,,,,
236003_x_at,0.76147883,-0.03185724,,,,
239486_at,0.76151604,0.05695613,,,,
1563109_at,0.76152066,0.01924831,,,,
203126_at,0.76152701,-0.08690887,,,,
218299_at,0.76154902,0.029141,,,,
1562497_at,0.76159996,0.0393196,,,,
215367_at,0.76162277,0.01980782,,,,
1557523_at,0.76163806,0.0216424,,,,
210194_at,0.76167111,0.02639908,,,,
242690_at,0.76169826,0.03127626,,,,
1568287_at,0.76173695,-0.01161883,,,,
213845_at,0.76174526,-0.08419608,,,,
203441_s_at,0.7617622,0.08986859,,,,
201613_s_at,0.76179542,-0.05631483,,,,
239129_at,0.76185727,-0.0265744,,,,
218014_at,0.76187534,0.04231758,,,,
211809_x_at,0.76190123,-0.02890694,,,,
1561861_a_at,0.76190129,-0.01866198,,,,
201346_at,0.7619158,0.05872207,,,,
226156_at,0.76192293,0.04891993,,,,
222961_at,0.76195697,-0.01754025,,,,
219065_s_at,0.76197062,0.04019091,,,,
1570414_x_at,0.76198253,-0.01933339,,,,
237984_x_at,0.76198451,-0.01284004,,,,
244400_at,0.76199598,0.02835774,,,,
209997_x_at,0.76203655,-0.04810458,,,,
232492_at,0.76205371,-0.03161891,,,,
230361_at,0.76211642,-0.07410336,,,,
205649_s_at,0.76213054,0.37300131,,,,
203812_at,0.76214573,0.08538613,,,,
223717_s_at,0.76215459,-0.0393349,,,,
223700_at,0.76218629,-0.10194106,,,,
1555833_a_at,0.76220288,0.03209824,,,,
213054_at,0.76220722,-0.05531817,,,,
208126_s_at,0.76222994,-0.18774569,,,,
1558830_at,0.76224325,-0.02001833,,,,
224067_at,0.76224691,-0.01423615,,,,
233925_at,0.76225556,-0.01817945,,,,
221444_at,0.76226549,-0.01692312,,,,
202727_s_at,0.76227389,0.03802913,,,,
214001_x_at,0.76227398,-0.06461619,,,,
209265_s_at,0.76230488,0.03635552,,,,
220076_at,0.76232063,0.09036114,,,,
227075_at,0.76235047,0.04896725,,,,
207899_at,0.76235237,0.02706465,,,,
222610_s_at,0.76238139,0.04528092,,,,
218050_at,0.76244286,-0.04198871,,,,
212661_x_at,0.76244887,0.02081432,,,,
1569436_at,0.76245209,0.03844453,,,,
225071_at,0.76246521,-0.04065968,,,,
219858_s_at,0.76246682,-0.09666023,,,,
222694_at,0.7624807,0.0230739,,,,
1560784_x_at,0.76249115,-0.0220544,,,,
216705_s_at,0.76251054,0.07691054,,,,
1570625_at,0.76253472,-0.02205975,,,,
209163_at,0.7625509,0.07472084,,,,
229942_at,0.76256708,-0.11770593,,,,
225458_at,0.76258267,-0.09047391,,,,
236867_at,0.76259172,-0.02145384,,,,
227148_at,0.76263672,0.11172729,,,,
222376_at,0.76264259,0.0604952,,,,
210555_s_at,0.76267731,0.05044003,,,,
213127_s_at,0.76268301,0.03286483,,,,
244133_at,0.76269716,-0.04705021,,,,
204427_s_at,0.76273905,0.05183271,,,,
205867_at,0.76274693,-0.03098941,,,,
1569974_x_at,0.76275532,0.04096097,,,,
212967_x_at,0.76280252,-0.04042765,,,,
242945_at,0.76281429,0.0869126,,,,
230464_at,0.76284053,0.07494353,,,,
1560264_at,0.76285356,-0.02267293,,,,
1560094_at,0.76285432,0.01520901,,,,
233099_at,0.76286834,0.01848001,,,,
228525_at,0.76287796,0.04494718,,,,
239974_at,0.76288212,-0.02324555,,,,
202177_at,0.7629203,-0.07474217,,,,
225423_x_at,0.76297588,-0.05519698,,,,
233581_at,0.76298104,0.01283921,,,,
203216_s_at,0.76299911,0.08754159,,,,
215732_s_at,0.76300297,0.05076466,,,,
209660_at,0.76303257,0.27614434,,,,
231684_at,0.76303839,0.15796775,,,,
1555677_s_at,0.76306684,0.03883631,,,,
238349_at,0.76307093,-0.02351607,,,,
211639_x_at,0.76308872,-0.12944122,,,,
242422_at,0.76309732,-0.04822078,,,,
236064_at,0.76310674,0.02507316,,,,
1559532_at,0.76314717,0.04018961,,,,
244537_at,0.76315693,0.02067345,,,,
204747_at,0.76319428,-0.08227502,,,,
231214_at,0.76321602,0.02329993,,,,
205466_s_at,0.76322457,0.10780866,,,,
210946_at,0.76322919,0.0709608,,,,
243832_at,0.76323845,0.01595613,,,,
242620_at,0.76327017,-0.02878796,,,,
240699_at,0.76329702,0.02966381,,,,
1557477_at,0.76338186,-0.02505846,,,,
203482_at,0.76339405,0.04954721,,,,
1559520_at,0.7633993,-0.01461421,,,,
244010_at,0.7634261,0.03847188,,,,
218527_at,0.76344988,-0.04713273,,,,
240231_at,0.76345143,-0.05608147,,,,
243985_at,0.7634672,0.0331566,,,,
1561364_at,0.7634725,-0.01476697,,,,
207683_at,0.76348588,-0.02813091,,,,
1559681_a_at,0.76350806,-0.0424867,,,,
239627_at,0.76354133,0.02284817,,,,
242676_at,0.76354846,0.02656355,,,,
1568925_at,0.76355325,0.01121831,,,,
216763_at,0.76356006,0.01582371,,,,
221290_s_at,0.76356498,-0.04250701,,,,
202929_s_at,0.7635679,0.09265843,,,,
216055_at,0.76356937,0.03051289,,,,
226829_at,0.7635951,-0.09296682,,,,
1566475_at,0.76360492,-0.01758008,,,,
230409_at,0.76362168,-0.02794568,,,,
200608_s_at,0.76363865,-0.03632712,,,,
223308_s_at,0.76363933,-0.05812273,,,,
236721_at,0.76365702,0.03451026,,,,
234927_s_at,0.76366188,-0.0389674,,,,
244779_at,0.76371543,-0.09233311,,,,
225780_at,0.76373976,-0.04435873,,,,
226221_at,0.76376181,-0.03632169,,,,
243247_at,0.76376307,-0.01244364,,,,
212723_at,0.76381509,0.04297983,,,,
1552787_at,0.76382025,0.03521003,,,,
44696_at,0.76382389,0.02784789,,,,
233942_at,0.76383494,-0.01621328,,,,
1569585_at,0.76384122,-0.01838932,,,,
235336_at,0.7638781,0.01832718,,,,
215599_at,0.76388251,0.06199837,,,,
219371_s_at,0.76388315,0.08161429,,,,
227032_at,0.7639396,0.06829164,,,,
227635_at,0.76397152,-0.02293696,,,,
1553710_at,0.76398728,0.02933516,,,,
217400_at,0.76405426,0.01588713,,,,
236943_at,0.76408493,-0.01526508,,,,
222490_at,0.76408634,-0.05170097,,,,
204031_s_at,0.76409398,-0.02547403,,,,
222109_at,0.76411115,-0.03024668,,,,
233877_at,0.7641163,0.02581115,,,,
230025_at,0.76413482,0.0374592,,,,
222328_x_at,0.76414734,0.01701121,,,,
210395_x_at,0.7641663,0.03342368,,,,
206028_s_at,0.76418617,-0.07361291,,,,
216711_s_at,0.76418704,-0.03543092,,,,
225638_at,0.76420352,-0.04664926,,,,
1561673_at,0.76423961,-0.01714234,,,,
239922_at,0.76425895,0.03828947,,,,
226176_s_at,0.76426424,0.05272654,,,,
227604_at,0.76427364,0.03969993,,,,
1555342_a_at,0.76430645,-0.02331107,,,,
221579_s_at,0.7643459,0.03703501,,,,
234968_at,0.76434698,-0.05213743,,,,
208142_at,0.76435338,-0.01476893,,,,
232792_at,0.76443129,-0.02930687,,,,
1566544_at,0.76446565,0.01502152,,,,
231613_at,0.76449252,-0.02365421,,,,
1554119_at,0.76449563,-0.01937942,,,,
223779_at,0.76451617,-0.1156824,,,,
209794_at,0.76451789,-0.04569893,,,,
207408_at,0.76453655,-0.02377489,,,,
1558515_at,0.76455564,-0.04828516,,,,
237610_at,0.7645647,0.02113679,,,,
212390_at,0.76464128,0.09267743,,,,
239732_x_at,0.7646487,-0.01722628,,,,
1552879_a_at,0.76469073,0.02971604,,,,
1558489_at,0.76472993,-0.01318843,,,,
229066_at,0.76473808,0.04758556,,,,
217938_s_at,0.76476085,-0.03833096,,,,
244499_at,0.76479536,-0.01976054,,,,
227235_at,0.76479713,0.09322764,,,,
212001_at,0.76481833,0.04192071,,,,
241731_x_at,0.76485852,-0.05734039,,,,
207875_at,0.76486924,-0.01255208,,,,
1554036_at,0.76488034,-0.06073554,,,,
233164_x_at,0.76488423,0.0232182,,,,
1320_at,0.76492042,-0.02517611,,,,
242942_at,0.76494078,-0.03111266,,,,
231651_at,0.76497293,-0.02531801,,,,
207126_x_at,0.76500246,-0.20365334,,,,
218905_at,0.76500977,-0.05383212,,,,
237732_at,0.76502435,0.07189728,,,,
201015_s_at,0.76503294,0.09438871,,,,
1557427_at,0.7650497,0.01471903,,,,
210831_s_at,0.76506979,-0.06249413,,,,
203602_s_at,0.76507515,0.02935408,,,,
244287_at,0.76510169,-0.03706375,,,,
204366_s_at,0.76510355,0.0363898,,,,
211795_s_at,0.76510881,-0.08591109,,,,
227657_at,0.76511479,0.10652977,,,,
211793_s_at,0.76512067,-0.04204614,,,,
202319_at,0.76513381,0.05558278,,,,
1553202_at,0.76513809,0.06625648,,,,
224774_s_at,0.76514578,-0.08754335,,,,
206434_at,0.76520542,-0.02765378,,,,
242355_at,0.76521942,0.01336226,,,,
1563367_at,0.76526749,-0.06720267,,,,
223274_at,0.76527814,-0.07574668,,,,
240031_at,0.76527838,-0.01561071,,,,
208290_s_at,0.76531465,0.04973,,,,
221950_at,0.76537173,0.163855,,,,
204321_at,0.7653877,0.06604859,,,,
202345_s_at,0.76539206,-0.11076205,,,,
202171_at,0.7653997,0.04328284,,,,
232066_x_at,0.76541015,-0.02448085,,,,
201117_s_at,0.76541643,0.13998252,,,,
1555758_a_at,0.76543711,0.09818226,,,,
214108_at,0.76544282,-0.03911765,,,,
1553801_a_at,0.76546709,0.04754049,,,,
207332_s_at,0.76550057,-0.08956512,,,,
202465_at,0.76552511,0.10302633,,,,
218997_at,0.76554744,-0.044129,,,,
232431_at,0.76556326,0.1024284,,,,
244316_at,0.7655707,0.01298049,,,,
232401_at,0.7655842,0.03678122,,,,
244115_at,0.76562855,-0.04819561,,,,
227409_at,0.76567427,0.04414769,,,,
215104_at,0.7656967,0.03061617,,,,
236616_at,0.76574817,0.08252935,,,,
208512_s_at,0.76577838,0.02595539,,,,
1562406_at,0.7658022,-0.01761527,,,,
220718_at,0.7658141,-0.01596981,,,,
220543_at,0.76586908,0.02668929,,,,
240384_at,0.76594941,-0.02084813,,,,
1565228_s_at,0.76598548,0.4009036,,,,
212906_at,0.76600603,-0.04611747,,,,
244438_at,0.76604263,-0.01893697,,,,
225290_at,0.76605576,0.07491429,,,,
241081_at,0.76605651,-0.01827584,,,,
210689_at,0.76608489,0.06747679,,,,
1562364_at,0.76608803,0.01466853,,,,
229771_at,0.76611029,-0.05283641,,,,
1558608_a_at,0.7661157,0.01601144,,,,
227125_at,0.76614365,-0.05414009,,,,
1553037_a_at,0.76617105,-0.0186233,,,,
232799_at,0.76619371,0.02903892,,,,
241751_at,0.76620278,0.05396821,,,,
219777_at,0.76621856,0.08567513,,,,
228990_at,0.76622813,-0.07359717,,,,
207283_at,0.76622853,0.03841057,,,,
204659_s_at,0.76624596,-0.0440638,,,,
1555627_s_at,0.76627084,-0.02336202,,,,
1570409_x_at,0.76627173,0.02381649,,,,
207398_at,0.76627284,-0.04558263,,,,
1568949_at,0.76627348,-0.03593427,,,,
235242_at,0.76636741,-0.05275042,,,,
200749_at,0.76637285,-0.0458694,,,,
244311_at,0.76638275,-0.02014102,,,,
224876_at,0.76640656,-0.0347574,,,,
205292_s_at,0.76646442,0.02685187,,,,
237938_at,0.76649723,-0.01165126,,,,
207284_s_at,0.7665037,0.03671214,,,,
214295_at,0.76653292,0.08126826,,,,
200698_at,0.76653508,0.03719448,,,,
215103_at,0.76653598,-0.19052846,,,,
205633_s_at,0.7665785,-0.05714095,,,,
227169_at,0.76660392,0.05821167,,,,
229743_at,0.76662541,0.03303474,,,,
235793_at,0.76664633,0.04104408,,,,
1555605_x_at,0.76666687,-0.01399013,,,,
209474_s_at,0.76669513,-0.06861365,,,,
214708_at,0.76670538,0.08405736,,,,
216033_s_at,0.7667068,-0.0904061,,,,
201278_at,0.76671038,-0.10118477,,,,
240122_at,0.76671751,-0.05482722,,,,
220912_at,0.76672505,-0.01704688,,,,
227385_at,0.76673204,0.06029573,,,,
236082_at,0.76674654,-0.03066101,,,,
215690_x_at,0.76677923,-0.05533502,,,,
1567247_at,0.76678345,-0.01279971,,,,
214308_s_at,0.76681664,0.17818448,,,,
236051_at,0.76685691,0.04305635,,,,
209494_s_at,0.76685756,0.06123439,,,,
213148_at,0.76687062,0.07627756,,,,
212279_at,0.76689257,0.08884371,,,,
1554972_at,0.7669003,-0.0223014,,,,
212268_at,0.76694154,0.10126774,,,,
225203_at,0.76694656,-0.08801506,,,,
1562864_at,0.76702791,0.01385048,,,,
217349_s_at,0.76708253,-0.02766591,,,,
1556423_at,0.76709767,0.03702063,,,,
243349_at,0.76712713,0.09962138,,,,
220993_s_at,0.76713203,-0.03893043,,,,
219388_at,0.7671522,0.1541558,,,,
228090_at,0.7672069,0.06334796,,,,
221898_at,0.76720849,0.11890986,,,,
1557055_s_at,0.76723946,-0.05647582,,,,
240321_at,0.76725003,-0.01764401,,,,
1565734_at,0.76728209,0.01873045,,,,
218517_at,0.76729252,-0.04988785,,,,
211057_at,0.76729818,0.06337398,,,,
229662_at,0.76734225,-0.01586515,,,,
1553910_at,0.76734422,-0.0502711,,,,
213948_x_at,0.76734513,0.10568259,,,,
238383_at,0.76734748,-0.01551655,,,,
213599_at,0.76737496,0.07462284,,,,
201128_s_at,0.76738163,0.04544938,,,,
1570131_at,0.7673824,-0.01376803,,,,
230027_s_at,0.76739128,0.04897536,,,,
214111_at,0.76745463,-0.03260934,,,,
223124_s_at,0.76748499,-0.04669302,,,,
219105_x_at,0.76749027,0.06514774,,,,
240102_at,0.76752904,-0.02879754,,,,
229311_at,0.7675432,-0.05572192,,,,
212257_s_at,0.76758017,-0.0722046,,,,
203376_at,0.76759263,0.03685745,,,,
201832_s_at,0.76759484,0.03175145,,,,
220200_s_at,0.76762245,0.06245179,,,,
216787_at,0.76765711,-0.0196398,,,,
216910_at,0.76769014,-0.08042091,,,,
242889_x_at,0.76771151,-0.02486498,,,,
243879_at,0.76771798,-0.0341106,,,,
227582_at,0.76773519,0.07258112,,,,
207866_at,0.76773723,-0.01658759,,,,
202510_s_at,0.76774969,-0.09849516,,,,
1560958_s_at,0.76777725,0.02564859,,,,
241270_at,0.76779565,0.02662727,,,,
218705_s_at,0.76782332,0.06681279,,,,
1557697_at,0.76782511,0.0187252,,,,
213071_at,0.76784536,-0.14740316,,,,
219803_at,0.76786746,0.27316018,,,,
1569422_at,0.76788385,-0.01845687,,,,
242829_x_at,0.7679076,0.05616732,,,,
202122_s_at,0.76791664,-0.05277939,,,,
1559159_at,0.76796934,-0.02009647,,,,
1559078_at,0.76799415,0.08006325,,,,
212155_at,0.7680611,0.05159054,,,,
220534_at,0.76806205,-0.01954492,,,,
229835_s_at,0.76808568,-0.05873327,,,,
227491_at,0.76809855,-0.08168627,,,,
205441_at,0.76810857,-0.04750829,,,,
1552957_at,0.76812595,0.02295972,,,,
239599_at,0.76816399,-0.02286323,,,,
218230_at,0.76818983,-0.04340472,,,,
219769_at,0.76820899,-0.03664013,,,,
238631_at,0.7682122,-0.06516168,,,,
215959_at,0.76822051,-0.02830231,,,,
217977_at,0.76827007,-0.06315851,,,,
216930_at,0.76831551,-0.02042931,,,,
224278_at,0.76831656,0.0207645,,,,
1564231_at,0.76832554,-0.02230759,,,,
212252_at,0.76837706,-0.04715566,,,,
224479_s_at,0.76838126,0.03240344,,,,
217673_x_at,0.76839787,0.03957488,,,,
1552665_at,0.76841837,-0.03665924,,,,
1555874_x_at,0.7684338,-0.0539032,,,,
1556823_s_at,0.76843714,-0.02380408,,,,
1553472_at,0.76851752,0.0127132,,,,
234483_at,0.76859443,0.01665211,,,,
209368_at,0.7685969,0.14022681,,,,
1556434_at,0.76863116,-0.0255907,,,,
1569218_at,0.76865028,-0.01103207,,,,
209985_s_at,0.7686903,-0.02751992,,,,
215581_s_at,0.76869273,-0.02987498,,,,
235743_at,0.76875767,0.04621955,,,,
231226_at,0.76877194,0.02238785,,,,
215208_x_at,0.76877796,0.02753555,,,,
222022_at,0.76878202,-0.02330492,,,,
221585_at,0.76878313,-0.03059899,,,,
219534_x_at,0.76878661,0.08339967,,,,
225871_at,0.76881261,0.123118,,,,
234505_at,0.76882961,0.02552307,,,,
230753_at,0.76884057,0.02409089,,,,
233851_s_at,0.76884484,-0.04131905,,,,
1562121_at,0.76885977,0.01465784,,,,
231963_at,0.76886714,0.0808018,,,,
242282_at,0.76887058,-0.03431658,,,,
206962_x_at,0.76887114,0.01494075,,,,
218588_s_at,0.76888738,0.0384693,,,,
206561_s_at,0.76892605,0.23159395,,,,
241243_at,0.76895098,-0.02035099,,,,
238348_x_at,0.76899766,0.00972621,,,,
241499_at,0.76902279,0.02851418,,,,
241951_at,0.76908606,0.02744867,,,,
223802_s_at,0.76908796,-0.0417227,,,,
241303_x_at,0.76909979,0.03434085,,,,
208836_at,0.76910916,-0.06668114,,,,
235324_at,0.7691109,0.04939191,,,,
1561009_at,0.76913299,0.01278695,,,,
204470_at,0.76914265,0.1502337,,,,
243839_s_at,0.76914638,-0.01630311,,,,
220201_at,0.76915337,0.04630122,,,,
203943_at,0.7692074,-0.03422381,,,,
243061_at,0.76922777,-0.05336091,,,,
206469_x_at,0.76924506,0.09772392,,,,
221566_s_at,0.76930602,0.07222358,,,,
237428_at,0.7693449,-0.01760048,,,,
206869_at,0.76936577,-0.06322257,,,,
1553364_at,0.769402,-0.0324608,,,,
1569973_at,0.76942107,0.04136356,,,,
222979_s_at,0.7694573,-0.05267869,,,,
1556448_a_at,0.76948058,0.01551875,,,,
205666_at,0.76952814,0.13764483,,,,
231764_at,0.76960538,-0.04706419,,,,
233074_at,0.76961086,0.01861433,,,,
238681_at,0.76964958,0.08471657,,,,
210117_at,0.76968582,-0.10343749,,,,
201516_at,0.76969638,-0.05744754,,,,
222086_s_at,0.76970336,-0.01691253,,,,
217205_at,0.76971255,-0.02501206,,,,
206036_s_at,0.76971274,-0.06219611,,,,
209347_s_at,0.76971284,-0.08999804,,,,
239040_at,0.76972402,0.02775982,,,,
228456_s_at,0.76973261,-0.04804722,,,,
239200_at,0.76976964,0.01420623,,,,
1556683_x_at,0.76977113,0.016879,,,,
209612_s_at,0.76978552,0.2579195,,,,
242545_at,0.76980719,0.04000938,,,,
207359_at,0.7698303,-0.02243343,,,,
228893_at,0.76986997,0.02038268,,,,
242367_at,0.76988577,-0.01968126,,,,
213266_at,0.7699352,0.04213583,,,,
213714_at,0.76994718,0.06074526,,,,
232877_at,0.76997427,-0.01352084,,,,
214608_s_at,0.76997901,0.11889325,,,,
243569_at,0.76998036,-0.01953912,,,,
219732_at,0.76998878,0.1142484,,,,
204252_at,0.76999884,0.05770886,,,,
36129_at,0.7700042,-0.04827949,,,,
213126_at,0.77001559,-0.03868678,,,,
35160_at,0.77002072,0.04183388,,,,
211802_x_at,0.77002246,-0.02069556,,,,
239053_at,0.77004064,0.02380186,,,,
1555906_s_at,0.77004676,-0.05198949,,,,
218438_s_at,0.77005528,-0.03788147,,,,
207946_at,0.77005915,-0.01871256,,,,
224977_at,0.77006187,0.04298758,,,,
230028_at,0.77006916,-0.05506502,,,,
233314_at,0.77007816,-0.02671262,,,,
204133_at,0.77009763,-0.04182985,,,,
224325_at,0.770145,0.088514,,,,
221354_s_at,0.7701482,-0.02591607,,,,
212870_at,0.77015764,0.04102751,,,,
202439_s_at,0.77023075,0.04978721,,,,
227217_at,0.77023841,-0.05279052,,,,
212596_s_at,0.77024465,-0.04327807,,,,
234207_at,0.77024921,0.02289571,,,,
221397_at,0.77031393,0.01536459,,,,
204940_at,0.77031454,-0.12902868,,,,
235360_at,0.77032533,0.04272204,,,,
214206_at,0.77035871,0.01913396,,,,
237163_x_at,0.77035921,-0.01777796,,,,
242084_at,0.77038484,-0.01655213,,,,
1565599_at,0.77041058,-0.01385801,,,,
224922_at,0.77041736,-0.04001173,,,,
216067_at,0.77044205,-0.01685487,,,,
1558426_x_at,0.77047788,0.04852277,,,,
229337_at,0.77051817,0.04363819,,,,
215344_at,0.77052462,-0.02574234,,,,
1553695_a_at,0.77054584,-0.03675082,,,,
232251_at,0.77054663,-0.0823138,,,,
204239_s_at,0.77055364,-0.02942618,,,,
228120_at,0.7705793,0.05982252,,,,
242117_at,0.77059845,-0.0136632,,,,
1560739_a_at,0.77062749,0.06668419,,,,
202263_at,0.77063755,-0.06762134,,,,
202780_at,0.77065569,-0.09275319,,,,
231826_at,0.77065753,-0.03754828,,,,
244786_at,0.77065905,0.07500139,,,,
240499_at,0.77067029,0.06290884,,,,
1562048_at,0.77067601,0.03114076,,,,
243324_x_at,0.77068644,-0.02412907,,,,
217884_at,0.77075386,0.04848421,,,,
219196_at,0.77075814,0.08882703,,,,
201470_at,0.77079675,0.04811392,,,,
228157_at,0.77082726,0.10429023,,,,
216008_s_at,0.77084985,0.02808003,,,,
226267_at,0.77087928,0.0555879,,,,
212317_at,0.77088808,-0.03286306,,,,
211985_s_at,0.77091715,0.04303688,,,,
235149_at,0.77093167,-0.04429673,,,,
235623_at,0.77094501,-0.02573246,,,,
206908_s_at,0.77100495,-0.03488587,,,,
231885_at,0.77100676,0.01845515,,,,
240613_at,0.77101129,-0.01505477,,,,
237370_at,0.77103654,-0.02258579,,,,
1563903_x_at,0.7710432,-0.02287119,,,,
1570505_at,0.77109878,0.05450614,,,,
1557446_x_at,0.77111292,0.01503815,,,,
222127_s_at,0.77113461,-0.04246509,,,,
241024_at,0.7711381,0.03147131,,,,
242326_at,0.7711635,-0.05624442,,,,
218804_at,0.77116529,-0.11114597,,,,
45653_at,0.77116612,-0.04617874,,,,
215180_at,0.77118399,0.02331818,,,,
221012_s_at,0.77123684,0.05365956,,,,
233391_at,0.7712452,-0.02330135,,,,
208834_x_at,0.77126895,-0.01294563,,,,
228860_at,0.77127729,-0.01924975,,,,
217518_at,0.77129267,0.05310748,,,,
221122_at,0.77130715,0.08082147,,,,
230408_at,0.77131404,-0.04083333,,,,
227833_s_at,0.77132904,-0.03809718,,,,
240629_at,0.77133512,-0.03093536,,,,
1562110_at,0.77133673,-0.02935027,,,,
208479_at,0.77134386,0.02490036,,,,
1564371_a_at,0.77135051,0.03884379,,,,
221974_at,0.77135944,0.12629529,,,,
207425_s_at,0.77136758,0.04253767,,,,
214331_at,0.7714016,0.05347933,,,,
200959_at,0.77140632,-0.04507652,,,,
233879_at,0.77141818,-0.0206012,,,,
224817_at,0.77142097,-0.07252588,,,,
219078_at,0.771457,0.06138225,,,,
1563483_at,0.77151775,0.04888684,,,,
227061_at,0.77152181,0.16407825,,,,
228757_at,0.77156563,-0.02534314,,,,
215340_at,0.77158721,-0.02450461,,,,
1561491_at,0.77159359,-0.01185437,,,,
242671_at,0.7715973,0.0685138,,,,
210090_at,0.77163976,-0.03351327,,,,
1569023_a_at,0.77169404,0.01399736,,,,
1559827_at,0.77169847,0.11355074,,,,
216402_at,0.77172762,0.0416982,,,,
222368_at,0.77176201,-0.04039941,,,,
222688_at,0.77176856,0.06324622,,,,
240910_at,0.77184533,0.03755846,,,,
230364_at,0.77185201,0.09005869,,,,
239776_at,0.77190186,-0.05315869,,,,
237073_at,0.77197347,0.021526,,,,
206841_at,0.77197686,-0.01480104,,,,
1556493_a_at,0.77198831,0.02732397,,,,
230944_at,0.7720267,-0.06721998,,,,
239560_at,0.77202994,-0.01639188,,,,
244546_at,0.77203185,-0.07241437,,,,
1554029_a_at,0.77203302,0.06330408,,,,
239639_at,0.7720628,0.04680113,,,,
208137_x_at,0.77211541,-0.03720236,,,,
237299_at,0.77212322,0.04586325,,,,
232918_at,0.77212705,0.02832246,,,,
234039_at,0.77215744,-0.02628158,,,,
1559221_at,0.77215979,0.01769032,,,,
235970_at,0.77217277,-0.0554684,,,,
229789_at,0.77217515,0.03815924,,,,
212403_at,0.77218217,-0.02894342,,,,
201737_s_at,0.77218916,0.04810344,,,,
212368_at,0.77222036,0.06400318,,,,
211164_at,0.77222653,-0.01004901,,,,
212446_s_at,0.77224507,-0.07128853,,,,
1554301_at,0.77225478,-0.05309662,,,,
239104_at,0.77226154,-0.01963366,,,,
1563420_at,0.77226294,-0.01749567,,,,
214893_x_at,0.77229976,-0.02197303,,,,
212896_at,0.77234582,0.03574894,,,,
216723_at,0.77235165,0.01534306,,,,
208694_at,0.77238155,0.05919577,,,,
1563329_s_at,0.77238375,-0.0156844,,,,
242221_at,0.77239825,0.01517085,,,,
212479_s_at,0.77241164,0.04796991,,,,
220348_at,0.77246483,-0.02478295,,,,
231198_at,0.77249566,-0.03131735,,,,
210520_at,0.7725475,0.03145333,,,,
1561121_at,0.77256003,-0.01298864,,,,
239580_at,0.77258452,-0.08875411,,,,
225028_at,0.77259183,-0.07353837,,,,
202347_s_at,0.77261617,0.03607373,,,,
204712_at,0.77262285,-0.16214809,,,,
226358_at,0.77269605,-0.05375158,,,,
336_at,0.77273983,-0.06233883,,,,
214368_at,0.77274185,-0.02418181,,,,
1561149_at,0.77281221,-0.01911365,,,,
217415_at,0.77284054,0.01564022,,,,
210036_s_at,0.77284675,-0.0808314,,,,
221545_x_at,0.77286177,0.03320731,,,,
235870_at,0.7728825,-0.02963533,,,,
1565846_at,0.77292224,0.01205496,,,,
243037_at,0.77292313,-0.03866637,,,,
206294_at,0.77293291,0.06155248,,,,
243360_at,0.77295556,-0.019241,,,,
218072_at,0.77296653,0.03888623,,,,
235994_s_at,0.772974,-0.02138166,,,,
213564_x_at,0.77297619,0.08987886,,,,
220669_at,0.77298628,-0.04017427,,,,
209154_at,0.7730503,0.04249713,,,,
225865_x_at,0.77309139,-0.05059941,,,,
230688_at,0.77315506,0.03629905,,,,
205722_s_at,0.77319667,-0.04506289,,,,
210627_s_at,0.77327331,0.03924172,,,,
224666_at,0.77332415,-0.03854092,,,,
242192_at,0.77332846,0.01818578,,,,
203113_s_at,0.77333478,-0.03874331,,,,
217698_at,0.77335035,-0.01021524,,,,
243961_at,0.77336909,-0.01524751,,,,
222808_at,0.77341759,-0.04380697,,,,
232288_at,0.77350208,-0.02793271,,,,
225375_at,0.77352691,-0.04524877,,,,
238785_at,0.77354466,0.05420315,,,,
221988_at,0.77357639,0.0464755,,,,
227611_at,0.77359698,0.06575998,,,,
236229_at,0.77363208,-0.07506128,,,,
216668_at,0.7736363,-0.02600439,,,,
221519_at,0.77364726,0.03607834,,,,
210868_s_at,0.77369459,0.09436822,,,,
205008_s_at,0.77373908,-0.06048657,,,,
235409_at,0.77374576,-0.05479167,,,,
225012_at,0.77374636,-0.0492474,,,,
228870_at,0.77377935,-0.0498871,,,,
229426_at,0.77378279,-0.03846144,,,,
203776_at,0.77378653,-0.0339895,,,,
236230_at,0.77385727,0.01451015,,,,
233979_s_at,0.77387484,-0.06716861,,,,
1556393_at,0.77388164,-0.0285052,,,,
222967_at,0.77389886,-0.01592458,,,,
221447_s_at,0.7739085,0.10266686,,,,
237175_at,0.77391388,-0.02219297,,,,
201046_s_at,0.77392738,-0.04473958,,,,
212286_at,0.77400009,0.04702534,,,,
234389_x_at,0.77404433,-0.01501877,,,,
244515_at,0.77405278,-0.02080956,,,,
221153_s_at,0.77407222,0.01628503,,,,
224076_s_at,0.77410714,0.05164378,,,,
209320_at,0.77411249,0.04178428,,,,
1554967_at,0.77417877,0.0172084,,,,
235335_at,0.77417889,0.03382211,,,,
243464_at,0.77419267,-0.01760274,,,,
230822_at,0.77424217,0.08533272,,,,
220146_at,0.77424266,-0.08598609,,,,
206382_s_at,0.77430402,0.08246859,,,,
241715_x_at,0.77431772,0.03456967,,,,
237310_at,0.77432384,0.06541381,,,,
218613_at,0.7743271,-0.08723563,,,,
222519_s_at,0.77438377,-0.0661043,,,,
1552852_a_at,0.77438711,-0.01695787,,,,
1553898_a_at,0.77439143,-0.01400003,,,,
211463_at,0.77448441,0.01271914,,,,
202384_s_at,0.77452661,-0.04553289,,,,
227717_at,0.77455631,0.09923467,,,,
211110_s_at,0.77456415,-0.10893701,,,,
226316_at,0.77456793,0.07475918,,,,
1561328_at,0.77457559,-0.01442781,,,,
226360_at,0.77460556,-0.07420482,,,,
237963_x_at,0.77462124,0.01658393,,,,
1554094_at,0.77462547,-0.05585191,,,,
1560499_at,0.77464973,0.01908895,,,,
230268_at,0.77465124,-0.02977343,,,,
213573_at,0.77467991,0.04590006,,,,
223610_at,0.77468498,0.03076513,,,,
200984_s_at,0.77468896,0.05782771,,,,
242432_at,0.77475945,0.01984871,,,,
1570136_at,0.77480141,0.01610087,,,,
222451_s_at,0.77487902,-0.06088363,,,,
216450_x_at,0.77489828,-0.08035888,,,,
202754_at,0.77495082,-0.03574119,,,,
228765_at,0.7750229,0.05450267,,,,
216731_s_at,0.77503545,-0.02551785,,,,
236583_at,0.77505085,0.05298811,,,,
210476_s_at,0.77505295,0.05215943,,,,
242746_at,0.77507269,0.02331794,,,,
239364_at,0.77510319,0.02668219,,,,
1566094_at,0.77510538,-0.012757,,,,
1556618_at,0.77511465,0.0227798,,,,
1556457_s_at,0.77512285,-0.01341775,,,,
238054_at,0.77515699,-0.03768735,,,,
204426_at,0.77516108,-0.0587567,,,,
236543_at,0.77516543,-0.09145942,,,,
220224_at,0.77516566,0.25066847,,,,
240766_at,0.77516741,-0.01587832,,,,
234755_x_at,0.77521616,-0.01110981,,,,
207474_at,0.77521865,0.01743107,,,,
240498_at,0.77522267,-0.02253721,,,,
203200_s_at,0.77522865,-0.04727885,,,,
239694_at,0.77523299,-0.06938204,,,,
223298_s_at,0.77528318,-0.05630665,,,,
216395_at,0.77530701,0.02313608,,,,
220605_s_at,0.77530874,-0.0212722,,,,
1553929_at,0.77531245,0.03909043,,,,
202436_s_at,0.77532496,0.12335131,,,,
234038_at,0.77532614,-0.01193851,,,,
222865_x_at,0.7753502,-0.03047515,,,,
218191_s_at,0.77537465,-0.04463065,,,,
221919_at,0.77538207,-0.06288599,,,,
231211_s_at,0.77540559,-0.05108163,,,,
232403_at,0.77541121,-0.02719678,,,,
210833_at,0.77541348,0.04440796,,,,
219488_at,0.77543971,0.0322213,,,,
233676_at,0.77545469,0.01714985,,,,
244771_at,0.77550119,-0.05784255,,,,
243561_at,0.77550721,0.06327338,,,,
212334_at,0.77550785,-0.04222435,,,,
238877_at,0.77551526,0.11255964,,,,
242697_at,0.7755314,-0.02299588,,,,
209464_at,0.77555003,0.09071061,,,,
223417_at,0.77558277,0.04669069,,,,
1552575_a_at,0.77560877,0.07883078,,,,
225929_s_at,0.7756563,-0.05892816,,,,
201019_s_at,0.77573068,0.03610451,,,,
235361_at,0.77575354,-0.04740467,,,,
203964_at,0.77575356,0.06415351,,,,
202391_at,0.77577638,0.09854781,,,,
200710_at,0.77578241,0.05630135,,,,
209037_s_at,0.77578373,0.06706181,,,,
206981_at,0.77584224,0.02398545,,,,
205533_s_at,0.77585492,0.05904023,,,,
243369_at,0.77587734,-0.05577071,,,,
226204_at,0.77590511,-0.03560947,,,,
242879_x_at,0.77590893,0.03762425,,,,
230271_at,0.7759294,-0.0975298,,,,
202947_s_at,0.77593252,0.08222108,,,,
213545_x_at,0.7759457,0.03228612,,,,
240206_at,0.77597631,0.02859268,,,,
214076_at,0.7759867,-0.02937398,,,,
230508_at,0.7759886,0.07385302,,,,
1567107_s_at,0.77603509,-0.07538177,,,,
213982_s_at,0.77604781,-0.06624108,,,,
224478_s_at,0.77605737,-0.03379127,,,,
205520_at,0.77607383,-0.03587557,,,,
206190_at,0.7760795,0.02837373,,,,
242430_at,0.77608192,-0.02235552,,,,
232405_at,0.7761009,0.03026761,,,,
224816_at,0.77612646,0.02268071,,,,
222073_at,0.77615989,-0.0958983,,,,
212865_s_at,0.77616749,-0.1409293,,,,
231012_at,0.7761793,-0.02510477,,,,
225621_at,0.77620802,0.03450437,,,,
208746_x_at,0.77622325,0.02908726,,,,
1565554_at,0.77623219,-0.01857036,,,,
1569871_at,0.77623385,-0.03525982,,,,
216505_x_at,0.77623567,0.02973901,,,,
231678_s_at,0.77624375,0.31422254,,,,
1566276_at,0.7762689,0.01592784,,,,
225670_at,0.77627624,-0.0511603,,,,
205040_at,0.77629957,0.34504702,,,,
1566171_at,0.77631655,0.0211939,,,,
221002_s_at,0.77634871,0.04244877,,,,
227073_at,0.77635662,-0.03915345,,,,
216533_at,0.77641382,-0.0131882,,,,
242272_at,0.77642218,0.04011199,,,,
235339_at,0.77642429,-0.05030845,,,,
1561523_at,0.77643289,0.01367042,,,,
229405_at,0.77646334,0.0335999,,,,
1565951_s_at,0.77652785,0.08004042,,,,
212522_at,0.77654269,-0.05519442,,,,
1557098_s_at,0.77655739,-0.05124721,,,,
215463_at,0.77658349,0.01551568,,,,
242174_at,0.77663361,-0.02008934,,,,
206494_s_at,0.7766394,-0.02147015,,,,
202935_s_at,0.77664593,0.15049575,,,,
221928_at,0.776654,0.08053605,,,,
243666_at,0.77668789,-0.04414604,,,,
1552999_a_at,0.77668792,-0.02768662,,,,
238963_at,0.77669203,0.05217367,,,,
237737_at,0.77675488,0.13433861,,,,
226010_at,0.77679641,-0.0374795,,,,
240662_at,0.77680436,-0.01338343,,,,
209334_s_at,0.77680714,-0.03900275,,,,
1559537_at,0.77689983,-0.01784375,,,,
215475_at,0.77690028,-0.01141858,,,,
229261_at,0.7769097,0.03307782,,,,
212973_at,0.77693429,-0.05128841,,,,
1555270_a_at,0.77694131,0.04687737,,,,
241661_at,0.77697765,-0.05751943,,,,
1567527_at,0.77698167,0.02345512,,,,
213553_x_at,0.77698176,-0.11730566,,,,
220509_at,0.77698507,-0.01478739,,,,
239886_at,0.77698938,-0.03884327,,,,
1565566_a_at,0.7769928,-0.02547103,,,,
241890_at,0.77699959,0.02554984,,,,
214007_s_at,0.7770046,-0.07812364,,,,
200753_x_at,0.77700767,-0.03303045,,,,
211679_x_at,0.77701597,0.05592192,,,,
206292_s_at,0.7770255,0.23501274,,,,
1556199_a_at,0.77702898,-0.02365859,,,,
232468_at,0.77705049,-0.01195062,,,,
242477_at,0.7770572,-0.05695943,,,,
205895_s_at,0.77706899,-0.050668,,,,
208401_s_at,0.77709952,0.02167981,,,,
1553915_at,0.77711506,0.01059174,,,,
214896_at,0.77711843,-0.03725531,,,,
243158_at,0.77713683,0.02664417,,,,
202744_at,0.77716662,0.05479425,,,,
224508_at,0.77716962,-0.03692095,,,,
212320_at,0.77717155,0.03996241,,,,
208708_x_at,0.77717521,0.04298685,,,,
217516_x_at,0.77719707,-0.02388998,,,,
1565737_at,0.7772152,-0.0176322,,,,
237831_x_at,0.77722798,-0.01097744,,,,
243759_at,0.77722957,-0.03592106,,,,
1566768_at,0.77724436,-0.01371935,,,,
41469_at,0.77724604,-0.14052712,,,,
234107_s_at,0.77725577,0.04804372,,,,
224608_s_at,0.77726289,0.03003679,,,,
212309_at,0.77726731,-0.03571499,,,,
234579_at,0.77726878,0.0123177,,,,
218565_at,0.77729546,0.03616802,,,,
205499_at,0.77730432,0.08049087,,,,
1566194_at,0.7773227,-0.0148392,,,,
1555042_at,0.77732496,0.01345145,,,,
224459_at,0.77735266,-0.01547948,,,,
202956_at,0.77739792,0.04212946,,,,
224862_at,0.77746944,-0.04476975,,,,
206487_at,0.77747839,-0.06912744,,,,
1555553_a_at,0.77749252,0.11724564,,,,
238930_at,0.77751194,-0.01567504,,,,
242802_x_at,0.77754291,-0.01215305,,,,
210269_s_at,0.77755115,-0.04222641,,,,
223919_at,0.77756615,-0.04261007,,,,
205538_at,0.77758752,-0.07327223,,,,
233086_at,0.7776525,-0.01415116,,,,
233110_s_at,0.77765275,0.04165417,,,,
1569523_a_at,0.77766569,0.01609702,,,,
202644_s_at,0.7777428,-0.0638107,,,,
1557624_at,0.77775618,-0.05351479,,,,
230943_at,0.77776864,-0.11598402,,,,
232929_at,0.77780559,-0.0235181,,,,
201150_s_at,0.7778175,0.09644507,,,,
239308_at,0.77792928,0.01960087,,,,
227961_at,0.7779582,-0.0741214,,,,
220900_at,0.77797265,-0.013786,,,,
218043_s_at,0.77802452,0.04427223,,,,
225908_at,0.77804423,0.03673665,,,,
1555646_at,0.77807373,0.01406345,,,,
233514_x_at,0.77810068,-0.0547925,,,,
207245_at,0.77812025,0.17650355,,,,
206896_s_at,0.77813495,-0.06295278,,,,
217513_at,0.77814374,-0.05661232,,,,
202714_s_at,0.7781566,-0.0232174,,,,
230209_at,0.77816289,0.02896437,,,,
221205_at,0.77816884,-0.01541434,,,,
212965_at,0.77818881,-0.023319,,,,
217626_at,0.77820464,-0.05462844,,,,
235928_at,0.77821021,-0.02513866,,,,
200902_at,0.77822971,-0.03372829,,,,
206622_at,0.77823782,-0.05821796,,,,
244131_at,0.7782498,-0.02884558,,,,
239619_at,0.77825367,0.04449111,,,,
203811_s_at,0.77825608,-0.05819179,,,,
238947_at,0.77826297,-0.02311632,,,,
212300_at,0.77827005,0.03827113,,,,
1556768_at,0.77831138,-0.02303441,,,,
201527_at,0.77836574,-0.03464927,,,,
233249_at,0.77837761,-0.02405017,,,,
204658_at,0.77838062,-0.03098136,,,,
1557793_at,0.7783849,0.01416104,,,,
230160_x_at,0.7783894,-0.02084418,,,,
232712_at,0.77839435,-0.07641567,,,,
219509_at,0.77841659,0.09726043,,,,
220491_at,0.77841757,0.23391223,,,,
223471_at,0.77845378,0.10894452,,,,
203336_s_at,0.77848929,-0.05373414,,,,
1566342_at,0.77851676,-0.0656021,,,,
235303_at,0.77854658,0.03027857,,,,
222439_s_at,0.77856151,0.04285676,,,,
208454_s_at,0.77856584,0.06552799,,,,
203791_at,0.77859754,-0.05009485,,,,
227643_at,0.77859816,0.0172474,,,,
225241_at,0.77861332,0.1185013,,,,
1558844_at,0.77862443,0.0178703,,,,
231281_at,0.77862608,-0.04035046,,,,
211921_x_at,0.77862624,-0.04113478,,,,
209473_at,0.7786284,0.05886085,,,,
234944_s_at,0.77863415,-0.05427402,,,,
1559258_a_at,0.77866649,0.10306477,,,,
239784_at,0.77868793,0.08810744,,,,
223584_s_at,0.77869547,0.0461944,,,,
1555027_at,0.7787382,-0.01922902,,,,
218645_at,0.77873854,-0.04390371,,,,
1552478_a_at,0.77879017,-0.11033027,,,,
1561015_at,0.77880798,-0.01514024,,,,
231694_at,0.77884025,0.07786875,,,,
1555433_at,0.77885283,-0.01618834,,,,
1557550_at,0.77885316,-0.01174457,,,,
204771_s_at,0.77891043,0.04421394,,,,
241559_at,0.77896903,0.01753271,,,,
232382_s_at,0.77897869,-0.06349794,,,,
1555343_at,0.77900235,0.02097424,,,,
235393_at,0.77901522,-0.03190087,,,,
218539_at,0.77902452,-0.04228362,,,,
226704_at,0.77903795,0.03810997,,,,
235175_at,0.77905131,-0.05962839,,,,
214624_at,0.77908167,0.0583131,,,,
232993_at,0.779084,0.01194832,,,,
217039_x_at,0.77909872,0.02485929,,,,
243831_at,0.77910372,0.01656949,,,,
216279_at,0.77911441,0.04234429,,,,
1564257_at,0.77912605,-0.02883997,,,,
235592_at,0.77914733,-0.04732508,,,,
216656_at,0.77915632,0.02102379,,,,
225729_at,0.77918198,0.03683045,,,,
227276_at,0.77922294,0.09231273,,,,
210417_s_at,0.77924388,0.06325845,,,,
212065_s_at,0.77926326,0.0464737,,,,
233688_at,0.77926628,0.01739656,,,,
209843_s_at,0.77926947,-0.03848686,,,,
233250_x_at,0.77928073,-0.03142725,,,,
217445_s_at,0.77932999,0.06409608,,,,
230991_at,0.77933993,0.06108196,,,,
223542_at,0.77934253,0.052214,,,,
203800_s_at,0.7794295,0.03801181,,,,
74694_s_at,0.77943453,0.04784759,,,,
218941_at,0.77947836,0.04023508,,,,
217330_at,0.77950677,-0.02062534,,,,
1564215_at,0.77950747,-0.01791121,,,,
223044_at,0.77951687,-0.09111234,,,,
231693_at,0.77951858,-0.18961464,,,,
212412_at,0.77952358,0.04799968,,,,
1555158_at,0.77953809,-0.01938763,,,,
242611_at,0.77957781,0.0476053,,,,
1556006_s_at,0.77959118,-0.0655098,,,,
223682_s_at,0.77961492,0.04166308,,,,
239906_at,0.77962804,0.05679823,,,,
1555055_at,0.77963413,-0.01228158,,,,
202538_s_at,0.77965827,-0.04687642,,,,
228716_at,0.77966774,0.09633663,,,,
1566957_at,0.77967431,-0.02068617,,,,
234202_at,0.77968781,0.01308233,,,,
1568620_at,0.77972118,-0.04631019,,,,
207676_at,0.7797292,-0.04695197,,,,
1554411_at,0.77975221,0.06400605,,,,
243150_at,0.7798216,0.0397681,,,,
222996_s_at,0.77984335,0.08839115,,,,
227598_at,0.77984902,0.06382291,,,,
227791_at,0.77986744,-0.05839815,,,,
219863_at,0.77987118,0.0969929,,,,
228827_at,0.77989582,-0.11602829,,,,
213414_s_at,0.77991375,0.02224565,,,,
240971_x_at,0.77991682,0.06392032,,,,
220134_x_at,0.77993882,0.06616032,,,,
227194_at,0.77994932,0.19319989,,,,
244491_at,0.77997034,0.02195384,,,,
232674_at,0.78003123,-0.02833849,,,,
225742_at,0.78003521,-0.05695623,,,,
203756_at,0.78007899,-0.02962294,,,,
217961_at,0.78008072,-0.0394264,,,,
AFFX-DapX-3_at,0.78009973,0.07174992,,,,
227723_at,0.78016351,-0.03465072,,,,
229957_at,0.78016365,0.04173021,,,,
209567_at,0.78017428,0.04760123,,,,
1554187_at,0.78017472,0.01471635,,,,
227209_at,0.78017683,0.14505755,,,,
222281_s_at,0.78019051,-0.12209602,,,,
AFFX-TrpnX-M_at,0.78026402,-0.01200915,,,,
1558723_at,0.78026824,0.02393381,,,,
240371_at,0.78035845,-0.02140551,,,,
219895_at,0.78038311,-0.12404384,,,,
232316_at,0.78044739,-0.02272944,,,,
208349_at,0.78045086,0.01458868,,,,
243458_at,0.78047387,-0.01987517,,,,
219210_s_at,0.78049866,0.04381384,,,,
239775_at,0.7805042,0.05693747,,,,
213630_at,0.78052766,0.04383986,,,,
202138_x_at,0.780538,0.03347848,,,,
218978_s_at,0.78054188,-0.04125355,,,,
201161_s_at,0.78054496,-0.07044116,,,,
212664_at,0.78055734,-0.04130556,,,,
218361_at,0.78056521,0.05492049,,,,
209089_at,0.78057313,0.02600749,,,,
232874_at,0.78061316,-0.0457635,,,,
216021_s_at,0.78064573,-0.01177438,,,,
213524_s_at,0.78067007,0.09296049,,,,
1553843_at,0.78068548,-0.01741224,,,,
1558930_at,0.78074576,-0.08649865,,,,
230899_at,0.78081717,-0.02760446,,,,
1563101_at,0.78082365,0.0147015,,,,
203355_s_at,0.78084291,-0.08244136,,,,
238897_at,0.78084336,-0.02439002,,,,
228825_at,0.78084393,0.09795546,,,,
1559891_at,0.78085,-0.02373836,,,,
235832_at,0.78087998,-0.01820981,,,,
238226_at,0.78103317,0.03131941,,,,
242433_at,0.78103526,-0.02402756,,,,
216270_at,0.78106352,0.01810436,,,,
205276_s_at,0.7811142,-0.02014571,,,,
205280_at,0.78113565,0.10117176,,,,
227494_at,0.78121748,-0.01988741,,,,
209348_s_at,0.78122001,0.09138552,,,,
234382_x_at,0.78124076,0.02177464,,,,
221616_s_at,0.78127214,0.03425638,,,,
1569843_at,0.78129428,-0.0177103,,,,
243391_x_at,0.78133615,-0.02093072,,,,
1554530_at,0.78133921,0.0576272,,,,
223050_s_at,0.78140177,0.03970198,,,,
215670_s_at,0.78140528,-0.02517709,,,,
1555724_s_at,0.78142238,-0.0918332,,,,
226849_at,0.78142771,0.03770335,,,,
207336_at,0.7814281,-0.05672965,,,,
244411_at,0.78144194,-0.0384207,,,,
221042_s_at,0.78147912,0.08200921,,,,
206162_x_at,0.78148094,-0.02348337,,,,
216132_at,0.78148329,-0.01787992,,,,
227311_at,0.78151953,-0.02034057,,,,
1561226_at,0.78154434,-0.03864984,,,,
219990_at,0.78156899,-0.0785324,,,,
237003_at,0.78166997,0.0362018,,,,
210666_at,0.78173007,0.02526653,,,,
222189_at,0.7817463,0.02181112,,,,
231181_at,0.78177139,-0.07949819,,,,
220025_at,0.78177423,-0.02433301,,,,
232566_at,0.78178635,-0.01952561,,,,
236432_at,0.78180901,0.01645527,,,,
240082_s_at,0.78182907,0.0138658,,,,
1556813_at,0.78184341,-0.01379959,,,,
228603_at,0.78186034,0.06835851,,,,
206662_at,0.78187057,0.06007071,,,,
223695_s_at,0.78193278,-0.07791738,,,,
211781_x_at,0.78193408,-0.03896226,,,,
227152_at,0.78193486,0.07363099,,,,
219885_at,0.78193526,0.08280045,,,,
201025_at,0.78194993,0.02910909,,,,
238218_at,0.78196929,0.03109397,,,,
230067_at,0.78198734,0.05587942,,,,
204491_at,0.78199237,-0.08044595,,,,
205870_at,0.78199281,0.078399,,,,
1569761_x_at,0.78202916,-0.01552594,,,,
204860_s_at,0.78204761,-0.08357213,,,,
207296_at,0.78208279,0.02232359,,,,
236034_at,0.78208989,0.07238467,,,,
225671_at,0.78216928,-0.05333186,,,,
233296_x_at,0.78217277,0.03719916,,,,
211219_s_at,0.7822221,0.04517663,,,,
1565454_at,0.78222676,-0.02309948,,,,
230257_s_at,0.7822381,0.04000156,,,,
239420_at,0.78225557,-0.01584464,,,,
221774_x_at,0.78226931,-0.04198226,,,,
219870_at,0.78228692,0.04034528,,,,
221808_at,0.78230876,0.04025097,,,,
1554154_at,0.78231256,0.03284262,,,,
214433_s_at,0.78233243,0.14056331,,,,
1554145_a_at,0.78234433,-0.05131751,,,,
237415_at,0.78238176,-0.03262001,,,,
209218_at,0.7823832,-0.08897479,,,,
53968_at,0.78239255,0.02828957,,,,
232092_at,0.78239952,-0.0336318,,,,
231337_at,0.7824065,0.09583304,,,,
218002_s_at,0.78242665,-0.20217182,,,,
205891_at,0.78244344,0.12819349,,,,
227579_at,0.78254432,0.05073149,,,,
202005_at,0.78257792,-0.09974802,,,,
235946_at,0.78260948,0.03823184,,,,
244560_at,0.78262333,-0.01289355,,,,
213080_x_at,0.78265174,0.02133662,,,,
1565627_a_at,0.78269709,0.01685796,,,,
220332_at,0.78273631,-0.05792866,,,,
1562821_a_at,0.782759,0.0904537,,,,
233011_at,0.78277734,-0.08707881,,,,
1553962_s_at,0.78282829,0.06557854,,,,
208472_at,0.78288838,-0.01942624,,,,
231212_x_at,0.78291217,0.02761902,,,,
230907_at,0.78294344,-0.04391236,,,,
230757_at,0.78294415,-0.05394355,,,,
223648_s_at,0.78294604,0.03569029,,,,
214844_s_at,0.78295241,0.11090182,,,,
215439_x_at,0.78297844,0.03007674,,,,
210305_at,0.78297991,0.09414996,,,,
1563958_at,0.78301232,0.01263345,,,,
223277_at,0.78307931,0.02633723,,,,
229951_x_at,0.78312192,-0.07406425,,,,
225374_at,0.78312829,-0.03179353,,,,
206672_at,0.78313525,-0.02109279,,,,
224860_at,0.78314853,0.0702163,,,,
207122_x_at,0.78317536,-0.07713506,,,,
238148_s_at,0.7831798,-0.06447018,,,,
207111_at,0.78326953,-0.04611613,,,,
1564933_at,0.78327449,-0.02867879,,,,
233541_at,0.78329272,-0.01600496,,,,
232805_at,0.78332206,-0.04782473,,,,
241189_at,0.78332792,-0.01858574,,,,
203106_s_at,0.78333284,0.04852233,,,,
204182_s_at,0.78334042,0.04587663,,,,
1555176_at,0.78335194,-0.01657033,,,,
237496_at,0.78338145,-0.02323739,,,,
232347_x_at,0.78340691,-0.06347948,,,,
243115_at,0.78341181,-0.0772808,,,,
235070_at,0.78344731,-0.03188347,,,,
211208_s_at,0.78347298,0.06419512,,,,
217915_s_at,0.78350521,0.03846697,,,,
229310_at,0.78354255,0.09305038,,,,
244308_at,0.78354682,0.02183693,,,,
1556578_a_at,0.78356775,0.02013273,,,,
224109_at,0.78357154,0.01182562,,,,
215772_x_at,0.78357845,-0.0573687,,,,
236806_at,0.78358245,-0.01780227,,,,
203659_s_at,0.78358932,0.04385481,,,,
203997_at,0.78361677,-0.08233488,,,,
242492_at,0.78363459,0.04233338,,,,
209481_at,0.7836415,-0.03597729,,,,
234162_at,0.78364296,-0.02320092,,,,
217083_at,0.78366645,-0.01479897,,,,
1558123_at,0.78366866,0.03804648,,,,
228868_x_at,0.78368971,-0.07524192,,,,
214812_s_at,0.78377173,-0.0336374,,,,
206870_at,0.78378884,-0.04587665,,,,
221584_s_at,0.78380927,-0.10626951,,,,
40255_at,0.78383769,-0.02758807,,,,
238881_at,0.78386159,0.05716057,,,,
240928_at,0.78391181,-0.03291146,,,,
236010_at,0.7839371,-0.03466292,,,,
1570533_at,0.78397049,-0.01694746,,,,
208969_at,0.78397468,-0.04369976,,,,
228524_at,0.78406833,-0.04394389,,,,
205156_s_at,0.78407227,0.03400985,,,,
214292_at,0.78407384,0.01816992,,,,
224592_x_at,0.78408016,0.03253041,,,,
1555623_at,0.78409707,0.01304515,,,,
228088_at,0.78411966,0.07364505,,,,
229404_at,0.78412585,0.12627769,,,,
231061_at,0.78412918,-0.05090349,,,,
204042_at,0.78413022,0.09343936,,,,
238530_at,0.78415237,-0.06200327,,,,
236527_at,0.78418153,-0.04548366,,,,
214468_at,0.78420418,-0.0301374,,,,
223186_at,0.78420839,-0.04719699,,,,
209679_s_at,0.78421325,-0.10221246,,,,
235278_at,0.7842184,0.12886671,,,,
1564403_at,0.78422614,0.0211878,,,,
243616_at,0.78422624,-0.01609786,,,,
237475_x_at,0.78423575,0.04234423,,,,
206762_at,0.78424637,0.03611083,,,,
1562623_at,0.7842821,-0.01553501,,,,
217491_x_at,0.78429016,0.03131262,,,,
201431_s_at,0.78430136,0.11246978,,,,
222030_at,0.78431238,-0.02707531,,,,
222102_at,0.78435556,0.09600301,,,,
1554156_a_at,0.78440145,0.01731427,,,,
206844_at,0.78440674,0.03185604,,,,
224700_at,0.78441989,-0.03850931,,,,
240853_at,0.78447973,0.02462885,,,,
1564000_at,0.78448185,-0.01524327,,,,
222029_x_at,0.78448754,0.03292791,,,,
201936_s_at,0.78455218,-0.0474701,,,,
1569527_at,0.78456094,-0.0227404,,,,
214955_at,0.78457236,0.05764977,,,,
201844_s_at,0.78459242,-0.04573085,,,,
230828_at,0.7846079,-0.02479671,,,,
233313_at,0.78461255,0.03828588,,,,
237813_at,0.78461992,-0.03535556,,,,
225686_at,0.78466803,0.04883822,,,,
241281_at,0.78468803,-0.01692265,,,,
231395_at,0.78469329,-0.03701489,,,,
223789_s_at,0.78479316,-0.03521375,,,,
236314_at,0.78479957,0.07112506,,,,
1561229_at,0.78480999,0.01532689,,,,
209370_s_at,0.7848414,-0.02817758,,,,
235062_at,0.7848595,0.03426905,,,,
215053_at,0.78492751,-0.02090289,,,,
212196_at,0.78493177,-0.07110513,,,,
236207_at,0.78493435,-0.08115214,,,,
239118_at,0.78494459,0.01806562,,,,
203280_at,0.7849636,-0.02774097,,,,
204257_at,0.78499056,0.04962019,,,,
1560172_at,0.78503174,-0.02132778,,,,
1561669_at,0.7852171,0.01315003,,,,
205473_at,0.78522151,0.03793316,,,,
208835_s_at,0.7852283,0.04812494,,,,
205717_x_at,0.785265,-0.04890388,,,,
212074_at,0.78528112,-0.0519652,,,,
215307_at,0.78534321,0.08272686,,,,
1557226_a_at,0.78536759,-0.04054624,,,,
235961_at,0.78537491,0.06638694,,,,
229703_at,0.78539471,-0.02567236,,,,
222673_x_at,0.78542665,-0.06244087,,,,
204464_s_at,0.78543674,-0.10818094,,,,
233668_at,0.78545008,-0.01613404,,,,
228963_at,0.78545014,0.04444416,,,,
240745_at,0.78545362,-0.01790472,,,,
207146_at,0.78547566,0.01731627,,,,
1560618_at,0.7854884,0.01978168,,,,
1556826_s_at,0.78550271,-0.0240812,,,,
201280_s_at,0.78550657,-0.094243,,,,
240614_at,0.78552587,0.01829593,,,,
206419_at,0.78554953,-0.04155462,,,,
232899_at,0.7855668,0.05431017,,,,
238085_at,0.78558202,-0.01370419,,,,
219557_s_at,0.78558438,0.07566403,,,,
232665_x_at,0.78561058,-0.02775977,,,,
230481_at,0.78562465,0.09081934,,,,
221605_s_at,0.78565142,0.19274999,,,,
1570271_at,0.78565669,0.01592525,,,,
235556_at,0.78570577,-0.0570459,,,,
234263_at,0.78576021,-0.02047034,,,,
207685_at,0.78577141,0.02086336,,,,
231414_at,0.78582137,-0.021283,,,,
224375_at,0.78582633,-0.0487603,,,,
204039_at,0.78586226,-0.09750283,,,,
214934_at,0.78586348,0.04574167,,,,
211884_s_at,0.78587232,0.01751023,,,,
1569668_at,0.78589059,-0.01189711,,,,
202346_at,0.78591187,0.03604087,,,,
219632_s_at,0.78591614,0.04356109,,,,
218861_at,0.78592355,0.02720407,,,,
231110_at,0.78593714,0.03033025,,,,
217098_s_at,0.785938,-0.01476755,,,,
204534_at,0.78595015,0.24194678,,,,
203022_at,0.78597666,-0.07373731,,,,
212919_at,0.78597791,0.04373436,,,,
205680_at,0.78600604,-0.16587664,,,,
208821_at,0.78600892,-0.05059025,,,,
243517_at,0.78603101,0.01768563,,,,
216583_x_at,0.78607628,-0.03289215,,,,
230297_x_at,0.78611329,0.02338552,,,,
228706_s_at,0.78612042,-0.08626315,,,,
211760_s_at,0.78612211,-0.05418417,,,,
232318_s_at,0.78615433,0.01867371,,,,
212388_at,0.78615743,0.03316134,,,,
216170_at,0.78618041,-0.02650058,,,,
1554449_at,0.78625347,-0.03800559,,,,
210855_at,0.78628159,0.01508899,,,,
229576_s_at,0.78630225,0.08684765,,,,
227944_at,0.78635727,-0.06680625,,,,
1562310_at,0.78636398,-0.0122327,,,,
210146_x_at,0.78639089,-0.08819411,,,,
1553931_at,0.78639287,-0.01496182,,,,
219605_at,0.78640256,-0.01581012,,,,
218382_s_at,0.78645446,-0.03837107,,,,
214825_at,0.78650221,0.09535543,,,,
209295_at,0.78651007,0.0644119,,,,
217372_at,0.78652007,0.01565608,,,,
211624_s_at,0.78652128,-0.02322268,,,,
236919_at,0.78652664,-0.01867745,,,,
242767_at,0.78652908,0.03707572,,,,
235701_at,0.78653267,0.04917004,,,,
230814_at,0.78654068,-0.02167215,,,,
207133_x_at,0.7865409,0.02132532,,,,
227254_at,0.78654288,0.03121744,,,,
205185_at,0.78654969,-0.11450648,,,,
229196_at,0.78656484,0.01740322,,,,
231706_s_at,0.7865686,0.02256539,,,,
223128_at,0.78658516,0.04564721,,,,
204143_s_at,0.78659144,-0.06077206,,,,
239218_at,0.78666013,0.07016359,,,,
218203_at,0.78679034,0.04523689,,,,
1553167_a_at,0.78679305,0.05661739,,,,
234584_s_at,0.78680445,-0.0222064,,,,
212735_at,0.78681461,0.03579391,,,,
234645_at,0.78683654,0.02739382,,,,
236359_at,0.7868413,-0.09055857,,,,
240452_at,0.78686671,0.06118023,,,,
209865_at,0.78687161,0.07625152,,,,
231170_at,0.78689608,-0.03942355,,,,
225694_at,0.78694925,0.03327735,,,,
200754_x_at,0.78696722,0.0273549,,,,
237465_at,0.78697115,0.07493485,,,,
204468_s_at,0.78700946,0.07205963,,,,
240943_at,0.78702019,-0.02138258,,,,
227825_at,0.78704027,0.02695961,,,,
1559467_at,0.78704327,0.03482277,,,,
218398_at,0.78704888,0.049616,,,,
231563_at,0.7871013,0.01170287,,,,
233803_s_at,0.78710882,0.03658773,,,,
229014_at,0.78710916,0.05763071,,,,
212100_s_at,0.7871208,-0.02838735,,,,
231474_at,0.78713429,-0.01828479,,,,
235694_at,0.78713949,-0.05809634,,,,
218541_s_at,0.78714236,0.07902238,,,,
242109_at,0.78717164,0.02225637,,,,
205141_at,0.78717531,-0.15033842,,,,
241877_at,0.78719201,-0.02919589,,,,
211953_s_at,0.78719253,0.04768581,,,,
215577_at,0.78721518,0.02603985,,,,
242173_at,0.78722114,-0.01541658,,,,
202447_at,0.78722256,0.05805283,,,,
231280_at,0.78730133,0.03046173,,,,
239443_at,0.78733131,-0.09168069,,,,
214383_x_at,0.78734815,0.04336844,,,,
206242_at,0.7873608,0.15805334,,,,
244269_at,0.78736429,-0.01968454,,,,
1552552_s_at,0.78736827,0.02513086,,,,
221406_s_at,0.78738088,0.02131118,,,,
204092_s_at,0.78740316,-0.07682749,,,,
227179_at,0.78741824,-0.04456963,,,,
208841_s_at,0.78742909,-0.02964666,,,,
206020_at,0.78745238,0.06957767,,,,
240332_at,0.78747222,0.0303483,,,,
235131_at,0.78748242,-0.04032403,,,,
226099_at,0.78758193,-0.07649857,,,,
1554163_at,0.78759408,0.02783981,,,,
204416_x_at,0.7875952,-0.14051174,,,,
225152_at,0.78760041,0.03429211,,,,
1568658_at,0.78761707,0.07401261,,,,
208194_s_at,0.787621,0.03239387,,,,
238612_at,0.78762159,-0.04147451,,,,
214764_at,0.78763056,0.05741366,,,,
217062_at,0.78765727,-0.01976389,,,,
215628_x_at,0.78766451,-0.03510317,,,,
222400_s_at,0.78772048,-0.06005637,,,,
222882_s_at,0.7877828,-0.02423001,,,,
44111_at,0.78780951,-0.02959348,,,,
209965_s_at,0.78784172,0.02941492,,,,
232412_at,0.78786336,-0.04969927,,,,
1568742_at,0.78786482,0.03902226,,,,
243315_at,0.78787355,-0.02432577,,,,
1554748_at,0.78798013,-0.02869389,,,,
238432_at,0.78798494,0.04111127,,,,
213766_x_at,0.78800511,-0.03606367,,,,
221935_s_at,0.78801938,0.06884934,,,,
224597_at,0.7880214,-0.02167946,,,,
220849_at,0.78804336,0.01712,,,,
225118_at,0.78813138,0.03021094,,,,
231686_at,0.78814347,0.11382959,,,,
223545_at,0.78818666,0.03867756,,,,
222035_s_at,0.78819729,0.04232044,,,,
228022_at,0.78821357,0.02688682,,,,
215446_s_at,0.78822971,0.13633582,,,,
226120_at,0.78823701,-0.05016297,,,,
240058_at,0.78828685,0.03887986,,,,
238200_at,0.78828955,0.01311175,,,,
201402_at,0.7883028,0.01834342,,,,
1560540_x_at,0.78835006,0.0101599,,,,
208100_x_at,0.78837447,-0.01851456,,,,
227801_at,0.78842465,0.09407786,,,,
227147_s_at,0.78844836,0.01937543,,,,
216244_at,0.78846806,0.04082743,,,,
233684_at,0.7885008,-0.01322474,,,,
1569274_at,0.78850375,-0.02597884,,,,
226136_at,0.78850448,0.07746855,,,,
215858_at,0.78854484,-0.01596351,,,,
243277_x_at,0.78855248,-0.01470212,,,,
218976_at,0.78857252,-0.14586222,,,,
241958_at,0.78857627,-0.01876455,,,,
231008_at,0.78857721,-0.11923413,,,,
207114_at,0.78858333,-0.03878571,,,,
1552712_a_at,0.78859396,-0.06256647,,,,
233669_s_at,0.78862563,-0.03773082,,,,
238417_at,0.78864301,-0.04938503,,,,
1566848_x_at,0.78869986,-0.02842702,,,,
224826_at,0.78871057,-0.07827714,,,,
216238_s_at,0.7887247,0.318998,,,,
214030_at,0.7887345,-0.05450352,,,,
1560940_at,0.78878266,-0.01311101,,,,
233638_s_at,0.78881068,-0.05316226,,,,
1556322_a_at,0.78881889,-0.03145417,,,,
1554294_s_at,0.78882239,0.01556534,,,,
235014_at,0.78882408,0.06428882,,,,
225815_at,0.78886549,-0.03130324,,,,
217374_x_at,0.78888211,-0.01672531,,,,
208999_at,0.78889869,-0.04118346,,,,
215166_at,0.78892533,0.01681952,,,,
229484_at,0.78893963,0.03704272,,,,
225610_at,0.78895182,-0.04338082,,,,
1558237_x_at,0.78898499,0.03186563,,,,
1570099_at,0.78899338,0.01574185,,,,
206764_x_at,0.7890431,0.02887005,,,,
207888_at,0.78908419,0.01246391,,,,
238205_at,0.7891004,-0.06416273,,,,
215050_x_at,0.78914041,-0.03297505,,,,
217311_at,0.78914488,-0.01637593,,,,
234260_at,0.78914581,-0.01936022,,,,
233034_at,0.78915106,0.01027582,,,,
236105_at,0.78916741,-0.07641409,,,,
1560528_at,0.78916823,-0.01107192,,,,
216891_at,0.78916881,0.01360407,,,,
229085_at,0.78920072,0.03200063,,,,
1554737_at,0.78922749,-0.01434418,,,,
1555895_at,0.78924486,0.03499742,,,,
235255_at,0.7892489,0.03848442,,,,
233418_at,0.78928175,-0.01730513,,,,
201870_at,0.78934201,-0.04355364,,,,
222772_at,0.78934817,0.09488035,,,,
232466_at,0.78937124,-0.03944364,,,,
220913_at,0.78942507,0.02031928,,,,
223565_at,0.78942779,-0.10528452,,,,
224712_x_at,0.78944379,-0.02933333,,,,
231948_s_at,0.78946646,0.03758011,,,,
236757_at,0.78950364,-0.01749649,,,,
213511_s_at,0.78956582,0.03536545,,,,
206976_s_at,0.78957564,0.05942025,,,,
217075_x_at,0.78958344,-0.01387424,,,,
209461_x_at,0.78962852,0.03729097,,,,
201252_at,0.78968922,0.03998297,,,,
213238_at,0.78972849,0.0809729,,,,
202377_at,0.78972993,0.03243452,,,,
243636_s_at,0.78973914,0.03180585,,,,
237869_at,0.78979488,0.01481743,,,,
210256_s_at,0.78980851,0.05139815,,,,
220253_s_at,0.78982788,-0.10139365,,,,
243605_at,0.78984041,0.01994312,,,,
230244_at,0.7898462,0.12369854,,,,
1557339_at,0.7898662,0.0143357,,,,
211981_at,0.78987138,-0.05097155,,,,
226612_at,0.78988035,0.11762473,,,,
212280_x_at,0.78992117,-0.03602822,,,,
214814_at,0.78993253,0.03900913,,,,
241541_at,0.78996653,-0.03045323,,,,
205042_at,0.78999737,-0.08698689,,,,
232220_at,0.79004082,0.02312137,,,,
234119_at,0.79006411,0.01301704,,,,
235369_at,0.79010229,0.04576725,,,,
231469_at,0.79010713,0.01952102,,,,
1553704_x_at,0.79014948,0.04022972,,,,
226922_at,0.79017809,-0.04514919,,,,
243930_x_at,0.7902434,0.01331777,,,,
231311_at,0.79025272,0.09468426,,,,
219872_at,0.79027389,-0.09707015,,,,
214235_at,0.79028014,0.17186098,,,,
237246_at,0.79031185,0.026851,,,,
1568596_a_at,0.79031534,0.05457672,,,,
1569147_at,0.79036867,-0.02527528,,,,
218225_at,0.79037482,-0.04398167,,,,
213898_at,0.7903766,-0.02342588,,,,
236765_at,0.79043583,-0.0127552,,,,
1560536_at,0.79043903,0.02047528,,,,
200935_at,0.7905918,0.06138454,,,,
242956_at,0.79063583,0.02566192,,,,
225726_s_at,0.79063674,-0.08078989,,,,
1559030_a_at,0.79067612,-0.01436204,,,,
226169_at,0.79068787,-0.03598289,,,,
1552592_at,0.79072247,0.014208,,,,
223812_at,0.79072432,-0.02273907,,,,
1554262_s_at,0.79075518,-0.02038533,,,,
242509_at,0.79076258,-0.03062935,,,,
1560337_at,0.79076922,-0.01521543,,,,
1556528_at,0.79086826,-0.01115521,,,,
223599_at,0.79094034,0.08136993,,,,
209994_s_at,0.79098572,0.16304995,,,,
203985_at,0.79098706,-0.02854874,,,,
210592_s_at,0.7909878,-0.03960525,,,,
213500_at,0.79099487,0.04750233,,,,
1556685_at,0.7910042,0.02002399,,,,
218523_at,0.79100941,-0.03881199,,,,
228445_at,0.79106352,-0.03340232,,,,
219377_at,0.7910885,-0.06453833,,,,
216540_at,0.79112751,0.01528075,,,,
236643_s_at,0.79115019,0.02145629,,,,
232642_at,0.79115086,-0.02257995,,,,
210588_x_at,0.79119632,-0.03787594,,,,
237633_at,0.79121142,-0.01614349,,,,
224214_at,0.79126582,0.01412212,,,,
219857_at,0.79126648,0.09483066,,,,
238387_s_at,0.79130699,0.01346245,,,,
221096_s_at,0.79133289,0.040471,,,,
215615_x_at,0.79142638,-0.01577513,,,,
226166_x_at,0.79144124,-0.04743437,,,,
223597_at,0.791471,-0.15793069,,,,
244188_at,0.79151558,0.01679869,,,,
232176_at,0.79153997,-0.1394884,,,,
210813_s_at,0.79155001,-0.06897789,,,,
210075_at,0.79157118,-0.03807125,,,,
1558942_at,0.79161682,0.03521694,,,,
227165_at,0.79163462,0.04764346,,,,
233231_at,0.79163467,0.02644984,,,,
215839_at,0.79167983,0.02161712,,,,
1559507_at,0.79168838,-0.02012582,,,,
221870_at,0.79170033,-0.06860318,,,,
236767_at,0.79170157,-0.01659022,,,,
202569_s_at,0.79171056,0.04531668,,,,
201339_s_at,0.79172367,0.04756012,,,,
233472_at,0.79173712,-0.02619886,,,,
1570273_at,0.79175997,-0.01576032,,,,
214341_at,0.79177262,0.01779125,,,,
207346_at,0.79181165,0.02924928,,,,
240806_at,0.79181663,-0.04132479,,,,
1566762_at,0.79181991,-0.01154276,,,,
221902_at,0.79182034,0.04862473,,,,
218985_at,0.79182056,0.03936785,,,,
222479_s_at,0.79182246,0.02941725,,,,
213995_at,0.7918338,0.04634984,,,,
203215_s_at,0.79183865,0.07290542,,,,
225310_at,0.79189449,-0.0608393,,,,
1565999_at,0.79194268,-0.01820019,,,,
226491_x_at,0.79195304,-0.02129369,,,,
224800_at,0.79199497,-0.04641531,,,,
240098_at,0.79200708,0.0257545,,,,
1562516_at,0.79200942,0.02659422,,,,
203845_at,0.79201538,0.06035276,,,,
208529_at,0.79207161,-0.01139322,,,,
233933_s_at,0.79210924,-0.03223793,,,,
210893_at,0.79211948,-0.01310061,,,,
222889_at,0.79211966,0.04885482,,,,
239830_at,0.79212235,0.02608545,,,,
222084_s_at,0.7921439,0.01747978,,,,
217069_at,0.79215049,0.02046876,,,,
218040_at,0.79216856,0.0315948,,,,
235169_at,0.79219223,-0.01988595,,,,
1557783_at,0.79226597,0.02114841,,,,
208079_s_at,0.79232722,-0.07833534,,,,
1555504_at,0.79233747,0.0106025,,,,
224881_at,0.79235413,-0.03464891,,,,
228216_at,0.79236313,0.04721219,,,,
212087_s_at,0.79236466,-0.0433895,,,,
213621_s_at,0.79237912,-0.04086579,,,,
215170_s_at,0.79238436,0.03124265,,,,
213590_at,0.79238761,0.06699936,,,,
214136_at,0.79240091,0.06204875,,,,
235642_at,0.79241803,0.11938829,,,,
1567374_at,0.792419,0.01446609,,,,
231432_at,0.79242649,0.01080932,,,,
234823_at,0.79245938,-0.01303767,,,,
222601_at,0.79249523,0.03869336,,,,
225703_at,0.79251371,0.04802016,,,,
230818_at,0.79253249,0.02515723,,,,
238779_at,0.79253401,-0.02932911,,,,
223057_s_at,0.79253605,0.04661477,,,,
226738_at,0.79254291,0.02458394,,,,
226496_at,0.79254808,0.04215607,,,,
218066_at,0.79254821,-0.04922654,,,,
241865_at,0.79255495,-0.03670917,,,,
1554468_s_at,0.79259491,-0.02563517,,,,
232299_at,0.79259641,0.03374242,,,,
1561273_at,0.79259645,0.01929018,,,,
225592_at,0.79269982,0.04498528,,,,
236455_at,0.79271873,-0.02212884,,,,
214794_at,0.79275668,-0.03275766,,,,
219448_at,0.79275713,0.03673729,,,,
218903_s_at,0.79278959,-0.04109856,,,,
244543_s_at,0.79279751,0.01955467,,,,
242313_at,0.79283917,-0.05139988,,,,
1558914_at,0.79286353,-0.01956294,,,,
213334_x_at,0.7928873,0.04087225,,,,
207282_s_at,0.79291541,-0.02946175,,,,
219973_at,0.7929285,0.08821507,,,,
1555457_at,0.79293711,-0.01486881,,,,
211138_s_at,0.79297159,0.13379112,,,,
226208_at,0.79298315,0.03775586,,,,
236252_at,0.79298467,0.01608351,,,,
238610_s_at,0.79300075,-0.02006793,,,,
203245_s_at,0.79306753,0.05440037,,,,
226557_at,0.79307559,-0.03481493,,,,
1556769_a_at,0.79312347,0.02464393,,,,
208094_s_at,0.79313274,0.02892848,,,,
1564060_at,0.79317361,-0.01648758,,,,
235624_at,0.79317619,0.01651558,,,,
1559760_at,0.79321365,0.01866299,,,,
218352_at,0.79324351,-0.03942843,,,,
201016_at,0.79325199,0.04719366,,,,
244300_at,0.79325519,-0.0153229,,,,
243101_x_at,0.79328725,0.02609723,,,,
233452_at,0.7932903,0.02678299,,,,
239465_at,0.79331382,0.02714952,,,,
211015_s_at,0.7933309,0.04459456,,,,
244845_at,0.79334135,0.05060359,,,,
229061_s_at,0.79338329,0.05941441,,,,
222917_s_at,0.79338362,0.02609805,,,,
229755_x_at,0.79340854,-0.01509693,,,,
1563658_a_at,0.79343754,-0.0426739,,,,
218252_at,0.79345277,-0.06871867,,,,
1565741_at,0.79346307,0.01437354,,,,
219875_s_at,0.79346368,-0.04701028,,,,
1559287_at,0.79348586,0.02949225,,,,
219711_at,0.79350149,-0.04576252,,,,
1557050_at,0.79352126,-0.02493488,,,,
237330_at,0.7935275,0.04373738,,,,
212088_at,0.79353853,-0.03846497,,,,
213096_at,0.7935534,0.04674367,,,,
1554895_a_at,0.79356927,-0.04497361,,,,
238341_at,0.7935801,0.04590946,,,,
242112_at,0.79360032,0.03431718,,,,
235901_at,0.79360142,-0.02684844,,,,
240160_x_at,0.7936345,-0.00939543,,,,
231645_s_at,0.79366041,0.01455199,,,,
239050_s_at,0.79366946,0.05356854,,,,
226304_at,0.79367591,-0.05282579,,,,
215819_s_at,0.79370907,-0.03539253,,,,
213085_s_at,0.79373209,0.07743871,,,,
1559543_at,0.79373389,-0.01330791,,,,
204651_at,0.79377857,0.02651033,,,,
220133_at,0.79379019,0.105056,,,,
221275_s_at,0.79382968,-0.02965985,,,,
231754_at,0.79385316,-0.01596671,,,,
213154_s_at,0.79387543,0.06329522,,,,
219854_at,0.79389203,0.05377375,,,,
236136_at,0.7938933,-0.01733155,,,,
202141_s_at,0.79390606,0.03539948,,,,
1553462_at,0.79396027,-0.01305592,,,,
1563298_at,0.79396348,0.09479884,,,,
239326_at,0.79397943,0.02371818,,,,
221105_at,0.79400314,-0.02228983,,,,
230808_at,0.79408452,-0.02283311,,,,
213053_at,0.79409604,0.03686712,,,,
203409_at,0.79410517,0.06020702,,,,
1563659_at,0.79412806,0.01298649,,,,
237149_at,0.79414551,-0.01107521,,,,
1569614_s_at,0.79415658,-0.01918205,,,,
211999_at,0.79425682,0.03498299,,,,
236321_at,0.79426029,0.06773829,,,,
213101_s_at,0.79426193,-0.03086827,,,,
225872_at,0.7942724,-0.04227384,,,,
214203_s_at,0.7942742,-0.05962533,,,,
227047_x_at,0.7943,0.03136587,,,,
236496_at,0.79430258,-0.10824261,,,,
215779_s_at,0.79431295,-0.08711893,,,,
236729_at,0.79431778,-0.01558225,,,,
224833_at,0.79436097,-0.05123773,,,,
212250_at,0.79437378,0.03388205,,,,
202285_s_at,0.794393,-0.01492825,,,,
216931_at,0.79441166,-0.01760747,,,,
213316_at,0.79441208,-0.09639439,,,,
206243_at,0.79451007,0.08916372,,,,
238519_at,0.79452159,0.04557333,,,,
200903_s_at,0.7945311,-0.04686349,,,,
242787_at,0.79455194,0.06215174,,,,
243898_at,0.79455996,-0.01314223,,,,
1552316_a_at,0.79456294,-0.07835123,,,,
1565614_at,0.79457337,0.04245168,,,,
1556178_x_at,0.79459382,-0.04059482,,,,
213772_s_at,0.7945956,-0.03116847,,,,
211421_s_at,0.79459609,0.10989586,,,,
243693_at,0.79459671,-0.01742373,,,,
220335_x_at,0.79460118,0.06252063,,,,
228618_at,0.79460333,0.07129825,,,,
243735_at,0.79461057,0.05378231,,,,
212263_at,0.79461999,-0.06274601,,,,
229327_s_at,0.79465923,0.11061139,,,,
231846_at,0.7946817,0.05714417,,,,
237040_at,0.79468993,0.0448783,,,,
1555006_at,0.79471978,-0.02502412,,,,
225033_at,0.79472456,-0.08844654,,,,
230921_s_at,0.79474135,0.03417654,,,,
241810_at,0.79474802,-0.01512711,,,,
1555091_at,0.79483652,-0.01638083,,,,
228584_at,0.7948546,-0.05580677,,,,
1558995_at,0.79485499,-0.017191,,,,
216677_at,0.7949146,-0.01530662,,,,
222462_s_at,0.79492752,0.04546527,,,,
222494_at,0.79495038,0.04489162,,,,
222665_at,0.79497038,0.03596274,,,,
228748_at,0.79497661,0.07869853,,,,
1557493_x_at,0.79501084,0.01257415,,,,
220801_s_at,0.79502833,0.13382533,,,,
213460_x_at,0.79506773,0.04572536,,,,
222981_s_at,0.79506934,0.03808602,,,,
221877_at,0.79508008,0.02446831,,,,
214623_at,0.79508057,-0.02532347,,,,
203340_s_at,0.79508632,0.05055684,,,,
240626_at,0.79509611,0.01922792,,,,
216086_at,0.79510892,0.05583477,,,,
211899_s_at,0.79513706,-0.06403031,,,,
1564002_a_at,0.79514222,-0.05350632,,,,
226791_at,0.79514264,-0.07128834,,,,
211671_s_at,0.79514656,-0.06670926,,,,
205205_at,0.79516219,-0.04359823,,,,
205959_at,0.79518315,-0.12095924,,,,
228097_at,0.79519436,-0.04983161,,,,
209483_s_at,0.79521148,-0.03842259,,,,
44617_at,0.79523395,0.02790879,,,,
202997_s_at,0.79523641,-0.0298672,,,,
227836_at,0.79526862,-0.0449058,,,,
202987_at,0.79526879,0.025021,,,,
1554680_s_at,0.79532518,-0.01820817,,,,
202269_x_at,0.79540982,0.06872593,,,,
1565748_at,0.79541523,-0.02134477,,,,
218436_at,0.79547416,-0.04495198,,,,
215290_at,0.79547482,0.01466459,,,,
212978_at,0.79553111,0.05925964,,,,
242052_at,0.79553849,-0.09943809,,,,
233915_at,0.79555724,-0.01171437,,,,
1729_at,0.79557844,-0.0336293,,,,
1570222_at,0.79558199,-0.01131415,,,,
202632_at,0.795592,-0.03252762,,,,
230158_at,0.79572071,0.0645075,,,,
206893_at,0.79573591,0.13350099,,,,
1555392_at,0.79578031,-0.03768643,,,,
1553165_at,0.79579204,0.01919607,,,,
236953_s_at,0.7957929,0.04179852,,,,
1562480_at,0.7958127,0.00827911,,,,
225803_at,0.79582055,-0.08454941,,,,
1559997_x_at,0.79583747,-0.01736685,,,,
209486_at,0.79586893,0.02520413,,,,
223079_s_at,0.79587233,-0.08350396,,,,
230577_at,0.79593185,0.18802766,,,,
211432_s_at,0.79593903,0.0574238,,,,
229279_at,0.7959442,0.02176995,,,,
200900_s_at,0.79596681,0.03961487,,,,
1558856_at,0.79597322,-0.03149153,,,,
1564067_x_at,0.7960102,0.02800209,,,,
236405_at,0.79605155,-0.01949784,,,,
204859_s_at,0.7960548,-0.04570833,,,,
204722_at,0.79605864,0.05803184,,,,
236581_at,0.79610492,-0.02614403,,,,
236171_at,0.79612059,-0.01693363,,,,
202117_at,0.79616391,-0.03503983,,,,
203410_at,0.79620985,0.04267795,,,,
239696_at,0.79623417,0.02466886,,,,
211576_s_at,0.79625152,-0.04278865,,,,
240560_at,0.79627442,-0.01519065,,,,
210224_at,0.79628046,-0.05948184,,,,
223233_s_at,0.79628258,-0.08992905,,,,
1561911_at,0.79628288,-0.01129388,,,,
230418_s_at,0.79637169,0.09892141,,,,
236395_at,0.79640758,0.04109768,,,,
212570_at,0.79641678,0.06472247,,,,
215224_at,0.79642572,-0.0343913,,,,
204026_s_at,0.79646718,0.06955133,,,,
205844_at,0.79653092,-0.19520803,,,,
207560_at,0.79657531,0.04969017,,,,
211187_at,0.79658421,-0.01083846,,,,
229256_at,0.79660158,-0.06964149,,,,
238451_at,0.79661364,-0.08736351,,,,
1555631_at,0.79663952,-0.01810283,,,,
210695_s_at,0.79664385,-0.02916056,,,,
217268_at,0.79668125,-0.00867248,,,,
218429_s_at,0.79668527,-0.04793398,,,,
231486_x_at,0.79669748,0.0205284,,,,
234962_at,0.79669999,-0.01591349,,,,
1558573_at,0.79670869,-0.01748232,,,,
1568964_x_at,0.79671576,0.04959672,,,,
202399_s_at,0.79672735,0.03310517,,,,
219652_s_at,0.79673675,0.02227296,,,,
206635_at,0.79677299,0.02308639,,,,
203023_at,0.79678662,-0.04233418,,,,
229197_at,0.79679594,-0.03675442,,,,
236652_at,0.79680943,0.12115694,,,,
229579_s_at,0.7968203,-0.06039312,,,,
240809_at,0.79683877,0.02468706,,,,
209683_at,0.79686574,-0.08017062,,,,
1562924_at,0.79686764,-0.02249287,,,,
235761_at,0.79691384,-0.05427729,,,,
213144_at,0.79698058,0.02968922,,,,
231218_at,0.79701463,-0.02875305,,,,
1554337_at,0.79704026,-0.01358585,,,,
205378_s_at,0.79705039,-0.02881779,,,,
1556625_a_at,0.79706277,0.01417371,,,,
238290_at,0.79707491,0.01829138,,,,
212887_at,0.7970872,0.04154855,,,,
1557037_a_at,0.79710141,0.02361713,,,,
203476_at,0.79715486,0.09265333,,,,
36030_at,0.79717092,-0.05822534,,,,
1561574_at,0.79718157,0.01727337,,,,
215481_s_at,0.79719292,-0.03749784,,,,
1554846_at,0.797251,0.01478849,,,,
207725_at,0.79725412,-0.01435365,,,,
228973_at,0.79726824,0.03835788,,,,
209271_at,0.79728132,0.02821155,,,,
1558848_at,0.79728643,-0.01788571,,,,
241098_at,0.79731401,-0.01223825,,,,
221660_at,0.7973618,-0.02072424,,,,
225065_x_at,0.79738638,-0.04494549,,,,
203606_at,0.79739133,-0.04799887,,,,
220026_at,0.7973965,0.13532123,,,,
244821_at,0.79740138,0.01130324,,,,
227957_at,0.79740522,-0.02819128,,,,
204142_at,0.79742585,-0.05064608,,,,
1563793_at,0.79744302,0.01620365,,,,
1558544_at,0.79744526,-0.01175865,,,,
204337_at,0.79746373,0.10450301,,,,
225160_x_at,0.79746749,0.06459481,,,,
225645_at,0.79747345,0.19953873,,,,
1569885_at,0.79748971,-0.01460395,,,,
232364_at,0.797491,-0.02458232,,,,
205695_at,0.79750517,0.11205407,,,,
211386_at,0.79752647,-0.04272312,,,,
205849_s_at,0.79753017,-0.03269549,,,,
244344_at,0.79753164,-0.0468671,,,,
1552684_a_at,0.79760115,0.02467569,,,,
213099_at,0.79760751,-0.03122249,,,,
235570_at,0.79761896,0.09543631,,,,
241028_at,0.79762005,-0.01458733,,,,
209837_at,0.7976302,0.03639711,,,,
1555071_at,0.79763988,0.01498387,,,,
1562973_at,0.79768268,-0.00939228,,,,
232762_at,0.79770102,-0.02792437,,,,
238888_at,0.79773717,-0.03140661,,,,
233359_at,0.79773831,-0.02027255,,,,
214651_s_at,0.79778428,-0.18940585,,,,
1559161_at,0.79779754,0.03551881,,,,
1556314_a_at,0.79779791,0.06662549,,,,
228294_s_at,0.7978036,-0.01703135,,,,
55662_at,0.79783645,-0.02974806,,,,
206801_at,0.79787102,0.01867094,,,,
1554198_at,0.79787863,0.0182471,,,,
229075_at,0.79791538,0.05018035,,,,
240884_at,0.79794317,0.013473,,,,
234460_at,0.79803213,-0.01794033,,,,
1569873_at,0.79803902,0.01043077,,,,
225025_at,0.79804348,0.0488703,,,,
217913_at,0.79807803,-0.03056322,,,,
1570205_at,0.79808055,-0.01023184,,,,
203363_s_at,0.79810021,-0.0343623,,,,
31835_at,0.79817987,0.2166636,,,,
244483_at,0.79818603,-0.01024337,,,,
1559665_at,0.79820537,-0.01061229,,,,
1564282_a_at,0.79830653,-0.04030357,,,,
243288_at,0.79831846,0.01730954,,,,
213769_at,0.79832771,0.01405267,,,,
200083_at,0.79834097,0.03410376,,,,
233605_x_at,0.79839037,-0.0173358,,,,
237284_at,0.79841997,0.01428786,,,,
219659_at,0.79842212,-0.06827339,,,,
231009_at,0.79842366,0.15505771,,,,
244671_at,0.79843617,0.0175196,,,,
232483_at,0.79845,0.0252921,,,,
233681_at,0.79846709,-0.01350413,,,,
228804_at,0.79848891,0.02844493,,,,
224080_at,0.79856124,0.01044085,,,,
38487_at,0.79860239,-0.05811801,,,,
1562990_at,0.79862973,0.01067717,,,,
223790_at,0.79863351,-0.04695059,,,,
236750_at,0.79864474,-0.02067133,,,,
209927_s_at,0.79864662,0.04184314,,,,
211027_s_at,0.79867472,-0.04780372,,,,
241696_at,0.79867622,0.04169619,,,,
201285_at,0.79867626,-0.03193239,,,,
220581_at,0.7986918,-0.07838424,,,,
202890_at,0.79876461,0.10795058,,,,
226618_at,0.79876975,-0.05580469,,,,
238874_at,0.79877693,-0.0129558,,,,
231350_at,0.79885131,-0.01275553,,,,
1556624_at,0.79886818,-0.01590257,,,,
240244_at,0.79886966,0.0129356,,,,
230813_at,0.79887297,0.02661955,,,,
230202_at,0.79889782,-0.02012929,,,,
219278_at,0.79892366,0.06084663,,,,
211632_at,0.7989413,0.02147245,,,,
220548_at,0.79902049,-0.01892168,,,,
244382_at,0.79902728,-0.02016726,,,,
213057_at,0.79904241,-0.0358065,,,,
241727_x_at,0.79907034,0.02811338,,,,
205953_at,0.79907212,-0.0299135,,,,
204016_at,0.7990861,-0.02439318,,,,
220957_at,0.79910727,-0.01358635,,,,
1569502_s_at,0.79913769,-0.02687922,,,,
1553391_at,0.79915434,-0.01276487,,,,
241127_at,0.79915869,0.01238758,,,,
205389_s_at,0.79926904,0.04950958,,,,
201298_s_at,0.79927496,0.03816925,,,,
238275_at,0.79929863,-0.01670008,,,,
215979_s_at,0.79929927,0.02157375,,,,
201573_s_at,0.79930609,-0.03249242,,,,
1562468_at,0.79932857,0.01883911,,,,
215641_at,0.79934393,0.03170809,,,,
1563303_at,0.79938941,-0.01279435,,,,
205945_at,0.7994023,-0.09717587,,,,
215635_at,0.7994103,0.04794442,,,,
212057_at,0.79944828,-0.05166743,,,,
228668_x_at,0.79945006,-0.01851257,,,,
230599_at,0.79945965,0.05876672,,,,
241386_at,0.79946247,-0.05116296,,,,
230777_s_at,0.79946676,0.04340913,,,,
1561445_at,0.79955742,0.01176209,,,,
229923_at,0.79956078,0.0349859,,,,
234354_x_at,0.79959608,-0.02763335,,,,
61732_r_at,0.79963704,-0.04806875,,,,
220475_at,0.79969995,0.05120633,,,,
211479_s_at,0.79973064,0.02100363,,,,
226773_at,0.7997365,-0.0678744,,,,
215077_at,0.79973661,-0.02191054,,,,
219277_s_at,0.79976509,0.12709903,,,,
227832_at,0.79979655,-0.02486757,,,,
201617_x_at,0.79980997,0.05776126,,,,
208482_at,0.79982457,0.0231428,,,,
1555480_a_at,0.79985653,-0.04143034,,,,
214643_x_at,0.79987214,-0.03556733,,,,
238990_x_at,0.79987259,0.05933177,,,,
241983_at,0.79987492,-0.0152445,,,,
221477_s_at,0.79987555,-0.06119794,,,,
210250_x_at,0.79987969,-0.03350773,,,,
217589_at,0.79989884,-0.01476778,,,,
235776_x_at,0.79991473,0.02316021,,,,
219199_at,0.79991877,0.03877201,,,,
220569_at,0.79997415,-0.01903774,,,,
241180_at,0.8000048,0.01900055,,,,
228435_at,0.80000524,0.03164395,,,,
204294_at,0.8000316,-0.07682287,,,,
244611_at,0.8000534,-0.01389166,,,,
233005_at,0.80008217,-0.02943397,,,,
239397_at,0.80010095,-0.01705497,,,,
1559614_at,0.80010563,0.01527355,,,,
1565483_at,0.80010572,-0.0383922,,,,
234824_at,0.80012867,-0.01323223,,,,
1567704_at,0.80013281,-0.01416692,,,,
240975_x_at,0.8001539,0.02159902,,,,
237678_at,0.80017296,-0.01836746,,,,
232858_at,0.80021984,0.01390211,,,,
1567378_x_at,0.80025302,0.01140762,,,,
234998_at,0.80025341,0.04860566,,,,
202758_s_at,0.8002874,0.04362431,,,,
227796_at,0.80028871,-0.04400089,,,,
1558247_s_at,0.80029497,-0.01817699,,,,
241620_at,0.80033043,0.0271141,,,,
1554999_at,0.80034252,-0.01785823,,,,
1561396_at,0.80034282,0.03549819,,,,
227372_s_at,0.80036808,0.09525085,,,,
206600_s_at,0.80037408,-0.08684111,,,,
225774_at,0.80039686,0.03555386,,,,
1562226_at,0.80039879,-0.02603582,,,,
223239_at,0.8004027,-0.05000479,,,,
238941_at,0.80041119,0.01640621,,,,
226714_at,0.80042213,0.02409199,,,,
216865_at,0.80046133,-0.0437254,,,,
1555024_at,0.80048265,-0.00995153,,,,
233776_at,0.8005063,-0.02187996,,,,
211235_s_at,0.8005217,0.04561822,,,,
224481_s_at,0.80055404,0.02951441,,,,
212445_s_at,0.80055751,-0.0597199,,,,
209723_at,0.80056186,0.07210437,,,,
212224_at,0.80057735,-0.14272283,,,,
223465_at,0.80061757,0.04478884,,,,
226056_at,0.80062636,0.04936237,,,,
34764_at,0.80067943,0.03828485,,,,
235829_at,0.80073295,0.01819906,,,,
204572_s_at,0.80076157,0.03794383,,,,
243245_at,0.80080876,-0.01595812,,,,
240942_at,0.80081136,0.0147671,,,,
1555647_a_at,0.80081414,0.01389492,,,,
201289_at,0.80083911,-0.06198487,,,,
214094_at,0.80085436,-0.0298485,,,,
216520_s_at,0.80087098,-0.01395773,,,,
224454_at,0.80091084,0.04592636,,,,
233037_at,0.80092174,0.04568489,,,,
240255_at,0.80092811,0.02315409,,,,
206603_at,0.80096009,-0.01905483,,,,
239824_s_at,0.80103816,-0.04676164,,,,
225870_s_at,0.80108625,-0.02919699,,,,
1555489_at,0.80109676,-0.0135106,,,,
233634_at,0.80110188,0.05231065,,,,
239470_at,0.80114004,-0.0246133,,,,
214830_at,0.8011528,-0.06783725,,,,
222514_at,0.80118714,0.03959198,,,,
216452_at,0.80119714,0.02508839,,,,
214315_x_at,0.80121046,0.04375718,,,,
1561484_at,0.8012278,-0.01555727,,,,
203478_at,0.80122799,0.02862451,,,,
218626_at,0.80124333,0.03773189,,,,
232467_at,0.80124791,-0.02694424,,,,
1563595_at,0.80128039,-0.01503071,,,,
208348_s_at,0.80130833,-0.0125168,,,,
218249_at,0.80131887,-0.03342495,,,,
234139_s_at,0.80134381,0.03819502,,,,
206613_s_at,0.80135953,0.05731988,,,,
228676_at,0.80141981,-0.03326206,,,,
206195_x_at,0.80143333,0.01754137,,,,
217702_at,0.80145309,-0.01837416,,,,
1556176_at,0.80147394,-0.03773642,,,,
206842_at,0.80148434,-0.01837414,,,,
243_g_at,0.80151312,-0.03557419,,,,
229374_at,0.80153055,0.05744781,,,,
240124_at,0.80155208,0.0229983,,,,
201865_x_at,0.80155578,-0.06205109,,,,
1553077_at,0.80156914,0.05753339,,,,
222473_s_at,0.80157177,-0.04832658,,,,
1565917_at,0.80158585,-0.01177356,,,,
202648_at,0.80158701,-0.04898583,,,,
204368_at,0.80160514,0.07827136,,,,
1557196_a_at,0.80164003,-0.02715947,,,,
212886_at,0.8016747,0.07567488,,,,
207784_at,0.80167924,-0.02210556,,,,
221641_s_at,0.80170152,-0.0353596,,,,
206289_at,0.80174081,0.04064422,,,,
235299_at,0.80177218,-0.08937411,,,,
209420_s_at,0.80187219,0.04750442,,,,
224065_at,0.80200062,-0.02576551,,,,
207881_at,0.80200636,0.01220407,,,,
209478_at,0.80200953,-0.04573785,,,,
207704_s_at,0.80201998,0.06461305,,,,
231266_at,0.80206098,-0.01383929,,,,
218942_at,0.80207118,-0.04005994,,,,
206273_at,0.80207442,-0.03876761,,,,
231028_at,0.8020873,-0.02356118,,,,
215008_at,0.80210315,0.02632657,,,,
217657_at,0.80210827,-0.02701264,,,,
235060_at,0.80212872,-0.06042447,,,,
214801_at,0.80213852,0.03296734,,,,
1554541_a_at,0.80214461,0.04705313,,,,
235150_at,0.80215269,0.05770751,,,,
202247_s_at,0.80217121,0.03690139,,,,
219693_at,0.80223711,-0.05282393,,,,
240408_at,0.80229237,-0.01252868,,,,
215021_s_at,0.80229808,-0.03253207,,,,
242882_at,0.80231518,0.01954747,,,,
234554_at,0.80232949,-0.02043911,,,,
220838_at,0.8023543,0.03102146,,,,
244580_at,0.80235551,-0.01833654,,,,
215181_at,0.80235811,-0.02581431,,,,
237371_at,0.80238738,-0.0169596,,,,
217523_at,0.80240119,0.09529131,,,,
222116_s_at,0.80241433,0.05705036,,,,
202730_s_at,0.80244164,-0.06802522,,,,
209717_at,0.80244182,-0.04061849,,,,
229593_at,0.80244524,-0.03001528,,,,
1556300_s_at,0.80244809,-0.06971422,,,,
1562738_a_at,0.80248507,-0.04275584,,,,
203663_s_at,0.80248739,-0.02746464,,,,
226675_s_at,0.80252312,-0.06064536,,,,
227450_at,0.80252777,-0.12120578,,,,
1561527_at,0.80254531,0.01230439,,,,
238055_at,0.80255927,0.04155565,,,,
218168_s_at,0.80257346,-0.04741513,,,,
217081_at,0.80262475,-0.0206474,,,,
238526_at,0.80262763,0.07413351,,,,
1558511_s_at,0.80264006,-0.05175577,,,,
202906_s_at,0.8026425,-0.04916901,,,,
229663_at,0.80266565,-0.04098046,,,,
1562290_at,0.80268505,0.01891257,,,,
239260_at,0.8026951,-0.06268093,,,,
204242_s_at,0.80270405,0.0413022,,,,
209168_at,0.80272527,-0.13425932,,,,
227150_at,0.80273362,-0.03231407,,,,
239618_at,0.80274598,-0.01174323,,,,
208193_at,0.80274931,-0.01185179,,,,
208544_at,0.8027506,0.01895879,,,,
1558027_s_at,0.80278641,0.05692074,,,,
226551_at,0.80278846,0.02984502,,,,
212999_x_at,0.80281782,-0.10806731,,,,
209695_at,0.80282636,0.06508785,,,,
212469_at,0.80282681,0.03937211,,,,
202289_s_at,0.8028371,-0.05378372,,,,
36566_at,0.80283714,0.03876658,,,,
226974_at,0.80285254,-0.07975121,,,,
235478_at,0.8028717,-0.03723805,,,,
223148_at,0.8028832,-0.03212471,,,,
212349_at,0.80290792,0.0366869,,,,
225000_at,0.80292669,0.02641524,,,,
229729_at,0.8029288,0.03003182,,,,
1564601_at,0.80293324,0.0135568,,,,
221071_at,0.80294586,-0.03414286,,,,
233789_at,0.80296472,0.00937712,,,,
221155_x_at,0.80301954,-0.0234252,,,,
206894_at,0.80304717,-0.06110248,,,,
233162_at,0.80307879,-0.01602562,,,,
211095_at,0.80320123,-0.01094135,,,,
221608_at,0.80324612,0.01847119,,,,
227849_at,0.80325244,0.0411517,,,,
204477_at,0.80331277,-0.03804291,,,,
206691_s_at,0.80332963,0.06318428,,,,
227271_at,0.80335713,0.06332989,,,,
220711_at,0.8033634,-0.03021446,,,,
228776_at,0.80336964,0.10752051,,,,
211383_s_at,0.80342112,0.02832727,,,,
202300_at,0.80350466,0.02562858,,,,
1559723_s_at,0.80351379,-0.02642763,,,,
218532_s_at,0.80352902,0.12952093,,,,
209232_s_at,0.80359743,-0.02695952,,,,
214369_s_at,0.80362893,-0.04366323,,,,
209642_at,0.80368402,-0.07870464,,,,
1557810_at,0.80372449,0.0317754,,,,
203779_s_at,0.80372836,-0.09120102,,,,
215096_s_at,0.80378854,0.03307159,,,,
210500_at,0.80383262,0.01476803,,,,
202074_s_at,0.8038358,-0.04470267,,,,
234161_at,0.80385134,0.01828453,,,,
1553863_at,0.80386126,-0.01157269,,,,
1560842_a_at,0.80387835,-0.01177888,,,,
218658_s_at,0.80389374,0.03396177,,,,
1555356_a_at,0.80390233,0.01345679,,,,
38290_at,0.80393594,-0.04801898,,,,
219690_at,0.8039424,-0.0582117,,,,
244429_at,0.80395971,-0.02781715,,,,
209479_at,0.80397586,-0.03663341,,,,
203739_at,0.80399463,0.04447576,,,,
223302_s_at,0.80401294,0.05792688,,,,
227420_at,0.80405534,0.04992352,,,,
209839_at,0.80407663,-0.06427952,,,,
231314_at,0.80411539,-0.01696108,,,,
230647_at,0.80416513,-0.03173531,,,,
220158_at,0.80420479,0.03032477,,,,
203859_s_at,0.80420649,0.04861059,,,,
238129_s_at,0.80422922,-0.03557762,,,,
206591_at,0.80423844,-0.0467676,,,,
1553605_a_at,0.80425063,-0.09026265,,,,
219197_s_at,0.80425284,-0.14424214,,,,
236930_at,0.80425292,-0.02696955,,,,
201132_at,0.80430606,-0.0288703,,,,
244065_at,0.80431148,0.06624465,,,,
217495_x_at,0.80432676,0.02478137,,,,
202252_at,0.8043318,0.03485786,,,,
202379_s_at,0.80437321,-0.03940238,,,,
202844_s_at,0.80437814,0.04617565,,,,
1561765_at,0.80438538,-0.00833423,,,,
237598_at,0.80440991,-0.01596005,,,,
212585_at,0.80441213,0.0428852,,,,
227734_s_at,0.80443315,-0.01681454,,,,
1556151_at,0.80448265,0.02570869,,,,
225361_x_at,0.80450765,-0.05692467,,,,
207983_s_at,0.80456031,0.0583108,,,,
1553765_a_at,0.80456475,0.02488754,,,,
228948_at,0.80457106,0.09520969,,,,
227539_at,0.80459038,0.04158452,,,,
1557437_a_at,0.80461243,-0.02002833,,,,
1560791_at,0.80466086,0.01028664,,,,
207842_s_at,0.80468639,-0.03118214,,,,
239869_at,0.80476059,-0.02161031,,,,
212110_at,0.80477903,0.08706545,,,,
233858_at,0.80480136,0.00969052,,,,
240411_at,0.80480875,0.03901856,,,,
223318_s_at,0.80480886,0.04168685,,,,
238047_at,0.80483766,-0.03890913,,,,
234205_at,0.80486032,0.01248362,,,,
1564789_at,0.80486589,0.01549019,,,,
236715_x_at,0.80490176,-0.03904402,,,,
1556186_s_at,0.80493444,0.02940543,,,,
202200_s_at,0.80494815,-0.04849769,,,,
226124_at,0.80494903,0.0372856,,,,
220153_at,0.80494998,0.03586207,,,,
214296_x_at,0.80495227,0.02076937,,,,
1560720_at,0.804963,-0.01508099,,,,
242400_at,0.80496329,-0.0215998,,,,
216719_s_at,0.80496449,-0.01020733,,,,
221649_s_at,0.80496456,-0.03027833,,,,
238196_at,0.80497477,0.01914931,,,,
213911_s_at,0.80498061,0.03058158,,,,
210881_s_at,0.80502668,0.10380173,,,,
221374_at,0.80503167,-0.02711777,,,,
223998_at,0.80504738,0.01588009,,,,
32099_at,0.8050501,-0.02658898,,,,
212145_at,0.80505753,-0.02534216,,,,
219229_at,0.80513919,0.06715714,,,,
205047_s_at,0.80515247,0.08738334,,,,
242582_at,0.80521521,-0.02019217,,,,
1554245_x_at,0.80521847,-0.0329228,,,,
1555870_at,0.80524294,-0.0465169,,,,
239785_at,0.80524313,-0.0275982,,,,
204906_at,0.80530426,0.04032615,,,,
203858_s_at,0.80532196,-0.02326697,,,,
215654_at,0.80533124,0.01595413,,,,
214540_at,0.8053481,-0.01871233,,,,
1553995_a_at,0.80534983,0.09929134,,,,
219477_s_at,0.8053512,-0.04575521,,,,
229573_at,0.80535461,-0.04655667,,,,
1563135_at,0.80541033,0.00932511,,,,
228504_at,0.80541605,-0.13379661,,,,
236431_at,0.80542115,0.04156202,,,,
226792_s_at,0.80542776,0.04182284,,,,
1554001_at,0.80544929,-0.05252906,,,,
233834_at,0.8054714,-0.02010585,,,,
1554774_at,0.80549991,-0.03902517,,,,
212582_at,0.8055066,0.043371,,,,
1561134_at,0.80551282,0.01396249,,,,
210719_s_at,0.80551877,-0.04588244,,,,
219782_s_at,0.80552237,0.01699631,,,,
229106_at,0.8055264,0.03759414,,,,
219427_at,0.80554506,0.08123093,,,,
242406_at,0.80555881,-0.08882626,,,,
235976_at,0.80556711,-0.13272396,,,,
240939_x_at,0.80557689,-0.03952297,,,,
206075_s_at,0.805586,0.04720062,,,,
225483_at,0.80559134,0.02780692,,,,
206500_s_at,0.80559787,0.05672726,,,,
226975_at,0.80560217,-0.03878013,,,,
234510_at,0.80563554,-0.01125718,,,,
1561474_at,0.80564388,-0.01420276,,,,
203929_s_at,0.80568033,0.09000262,,,,
232823_at,0.80571935,-0.01985355,,,,
1558533_at,0.8057869,0.02328212,,,,
217652_at,0.80579733,-0.0131353,,,,
239103_at,0.80580958,0.01391939,,,,
241084_x_at,0.80587981,-0.01824084,,,,
1570561_at,0.80589166,-0.01028573,,,,
204327_s_at,0.80591222,0.04000331,,,,
232639_at,0.80595435,0.0223715,,,,
207291_at,0.80595745,0.07272847,,,,
233488_at,0.80596768,-0.08646597,,,,
229841_at,0.80598308,-0.05493686,,,,
239115_at,0.80604894,-0.01720266,,,,
238896_at,0.80607406,-0.03032474,,,,
229792_at,0.80607572,-0.0362452,,,,
237882_at,0.80608977,-0.01904858,,,,
240497_at,0.80612714,0.01663806,,,,
237118_at,0.80616509,0.03437444,,,,
1569962_at,0.80617186,-0.01192966,,,,
1565860_at,0.80620778,0.00993737,,,,
1564232_at,0.80620893,0.03949998,,,,
200042_at,0.80621532,0.0277994,,,,
232813_s_at,0.80623928,-0.0146625,,,,
204594_s_at,0.80624257,-0.0267891,,,,
209408_at,0.80626436,-0.06424447,,,,
213471_at,0.80627775,0.03457941,,,,
219660_s_at,0.80628648,0.0757621,,,,
230311_s_at,0.80630068,-0.05475062,,,,
1561605_at,0.8063064,-0.01489087,,,,
208062_s_at,0.80633687,-0.02827442,,,,
240133_x_at,0.80635203,-0.01135783,,,,
225075_at,0.80635486,-0.04238745,,,,
235233_s_at,0.80636578,0.02599496,,,,
217254_s_at,0.80637385,-0.03324513,,,,
233300_at,0.80637585,0.0568515,,,,
226542_at,0.80638546,0.0608672,,,,
209587_at,0.80640508,0.07052389,,,,
233294_at,0.8064272,-0.03638397,,,,
231602_at,0.8064322,-0.01654319,,,,
211458_s_at,0.80649895,0.05884916,,,,
234243_at,0.8065239,-0.01888304,,,,
235474_at,0.80653368,0.03566571,,,,
228875_at,0.80654098,0.08037875,,,,
220529_at,0.80657,0.01791221,,,,
204821_at,0.80657271,-0.06612749,,,,
225784_s_at,0.80660449,0.05097196,,,,
1553320_s_at,0.80661004,-0.01063469,,,,
1555234_a_at,0.8066436,-0.03090614,,,,
236515_at,0.8066444,0.03318115,,,,
203795_s_at,0.80665769,0.05357426,,,,
223862_at,0.80666094,0.02452398,,,,
206918_s_at,0.80667558,0.05853579,,,,
202591_s_at,0.80672387,0.02908494,,,,
214033_at,0.80673021,-0.11934906,,,,
230325_at,0.80675242,-0.01985707,,,,
203733_at,0.8067636,0.03606324,,,,
227664_at,0.80684745,0.02764991,,,,
219747_at,0.80686733,-0.10036456,,,,
213364_s_at,0.8069425,-0.04967444,,,,
219592_at,0.80700354,-0.02781187,,,,
1566161_at,0.80700486,0.01613953,,,,
1554020_at,0.80703812,-0.08053294,,,,
238053_at,0.80708442,0.04199261,,,,
213832_at,0.80711834,0.10008881,,,,
205832_at,0.80715666,0.05495525,,,,
221201_s_at,0.80716139,-0.03199558,,,,
219230_at,0.80717721,0.13381906,,,,
221832_s_at,0.80718192,0.03796602,,,,
209405_s_at,0.80718693,-0.03080197,,,,
226095_s_at,0.80721042,-0.0227408,,,,
226731_at,0.80722222,0.06028812,,,,
221276_s_at,0.80724309,0.10361917,,,,
218120_s_at,0.80726972,-0.03241856,,,,
208975_s_at,0.80730671,0.03314039,,,,
1563032_at,0.80731494,0.01146798,,,,
241035_s_at,0.8073156,-0.01618787,,,,
1562236_at,0.80732911,0.01126666,,,,
243906_at,0.80733905,0.01873997,,,,
1569183_a_at,0.80734934,0.04792222,,,,
202478_at,0.80739581,0.06635684,,,,
230518_at,0.80739994,-0.07714658,,,,
203844_at,0.80740638,0.01168481,,,,
241220_at,0.80743825,0.01031664,,,,
217253_at,0.80746821,0.03051315,,,,
1561239_at,0.80747265,0.01146816,,,,
208340_at,0.80751165,-0.0128718,,,,
214425_at,0.80751574,0.09614297,,,,
217540_at,0.80751893,0.06355783,,,,
202017_at,0.80753147,-0.10280997,,,,
220743_at,0.80753172,-0.02042958,,,,
234266_at,0.80754833,0.01241016,,,,
222201_s_at,0.80755506,0.03783333,,,,
209742_s_at,0.8075568,0.17283062,,,,
1558666_at,0.80756908,-0.01744686,,,,
232481_s_at,0.80758529,-0.12742676,,,,
232791_at,0.80761789,-0.01550739,,,,
237326_at,0.80768059,-0.03437922,,,,
208209_s_at,0.80771303,-0.17222612,,,,
202413_s_at,0.80777626,0.04227988,,,,
1570048_at,0.8078422,0.02164118,,,,
221916_at,0.80785789,-0.113772,,,,
223434_at,0.80786454,0.11208024,,,,
242488_at,0.80795203,-0.12547288,,,,
1558786_at,0.80796245,0.0163018,,,,
231913_s_at,0.80800195,-0.04119354,,,,
208774_at,0.8080101,0.0347782,,,,
220500_s_at,0.80801743,-0.036062,,,,
236028_at,0.80803912,-0.12225996,,,,
226843_s_at,0.80804555,0.03136228,,,,
213905_x_at,0.80807379,0.0678562,,,,
1553719_s_at,0.80810391,0.0510732,,,,
206251_s_at,0.80813103,0.02498824,,,,
238853_at,0.80813791,-0.07342155,,,,
210872_x_at,0.80813887,0.05544324,,,,
226279_at,0.80818633,0.07687074,,,,
223440_at,0.80819382,0.030995,,,,
236340_at,0.80820603,0.05413802,,,,
215330_at,0.80820783,0.02904204,,,,
232660_at,0.80822595,0.02164652,,,,
229520_s_at,0.80823264,0.04648227,,,,
1553778_at,0.8082332,-0.04806816,,,,
216239_at,0.80823684,-0.01728573,,,,
242152_at,0.80826537,0.01778212,,,,
230263_s_at,0.80827199,-0.08436705,,,,
233020_at,0.80827731,-0.04942742,,,,
1559298_a_at,0.80829188,-0.01791292,,,,
202682_s_at,0.80837527,0.02746227,,,,
209689_at,0.80837769,-0.02909933,,,,
206132_at,0.80838359,-0.05223976,,,,
242982_x_at,0.80840724,0.04869296,,,,
1561166_a_at,0.80841828,-0.0182664,,,,
230750_at,0.80842151,0.0440063,,,,
242557_at,0.80842789,-0.02428808,,,,
236074_at,0.80843926,0.01674329,,,,
244353_s_at,0.80843936,-0.07351913,,,,
209296_at,0.80845936,0.03053305,,,,
228572_at,0.80854163,-0.02445909,,,,
231576_at,0.80857158,-0.06293309,,,,
232233_at,0.8085843,0.01667605,,,,
220600_at,0.80859457,-0.0150819,,,,
1559316_at,0.80864471,-0.02440825,,,,
223878_at,0.8086516,-0.0696498,,,,
1563136_at,0.80867054,-0.01297758,,,,
229773_at,0.80871903,0.03737767,,,,
222948_s_at,0.80872444,0.01890539,,,,
221083_at,0.80876861,-0.01940022,,,,
240298_at,0.80878402,-0.02009638,,,,
235110_at,0.80879348,-0.06875377,,,,
226657_at,0.80879392,0.03347775,,,,
230612_at,0.80880048,-0.02298175,,,,
1552611_a_at,0.80881704,-0.04210621,,,,
1553349_at,0.80886318,0.0414019,,,,
215441_at,0.80887897,0.01749746,,,,
214887_at,0.80888187,0.02668189,,,,
234126_at,0.80890817,0.01411545,,,,
235332_at,0.8089161,-0.01681117,,,,
217145_at,0.80897533,-0.04308524,,,,
239232_at,0.80897574,-0.02930514,,,,
1554161_at,0.80897954,0.04437241,,,,
1553234_at,0.80898404,-0.01964079,,,,
1560934_at,0.8089912,-0.01701905,,,,
219032_x_at,0.80900128,-0.05835023,,,,
210135_s_at,0.80900759,-0.12307653,,,,
224602_at,0.80905463,0.03266025,,,,
229271_x_at,0.80910458,-0.11288878,,,,
32137_at,0.80912665,-0.05797956,,,,
1559991_s_at,0.80914869,0.02352496,,,,
230469_at,0.80918929,0.06586182,,,,
208882_s_at,0.80919002,-0.04554579,,,,
201540_at,0.80921329,0.09699889,,,,
240471_at,0.80922885,-0.01450551,,,,
208901_s_at,0.8092454,-0.02513184,,,,
231549_at,0.80925752,-0.01778089,,,,
201338_x_at,0.80925817,-0.03708295,,,,
235272_at,0.80926863,0.13183683,,,,
1552853_at,0.80928081,-0.02283071,,,,
46142_at,0.80930541,0.05281163,,,,
241273_at,0.80933473,0.01202039,,,,
217503_at,0.80939788,-0.04770162,,,,
212481_s_at,0.80939948,-0.06176776,,,,
219566_at,0.80940013,-0.04055139,,,,
231622_at,0.80942802,0.01379303,,,,
221848_at,0.809476,0.07141802,,,,
211677_x_at,0.80947781,0.03334538,,,,
210631_at,0.80951211,0.04084411,,,,
243186_at,0.80956083,-0.01753805,,,,
242974_at,0.80956105,-0.04102459,,,,
210431_at,0.80958399,-0.04858414,,,,
202604_x_at,0.80958869,0.05002775,,,,
239739_at,0.80961277,-0.01609053,,,,
207739_s_at,0.80967024,0.11195129,,,,
239723_at,0.80967435,-0.07464197,,,,
213438_at,0.80969046,0.08186979,,,,
214481_at,0.80969484,0.04888422,,,,
227976_at,0.80970834,-0.0402569,,,,
215191_at,0.80971135,-0.0378782,,,,
202579_x_at,0.80971937,0.03220897,,,,
1567058_at,0.80972407,-0.01298659,,,,
1555555_at,0.80975612,0.0146649,,,,
231190_at,0.80976279,-0.01509337,,,,
203931_s_at,0.80976576,0.04545564,,,,
201585_s_at,0.80981015,0.03045074,,,,
221136_at,0.80986227,0.02125391,,,,
231473_at,0.8098955,0.01509855,,,,
210968_s_at,0.80995586,0.02656112,,,,
223455_at,0.80997897,0.02918123,,,,
216727_at,0.80999499,-0.01419536,,,,
1554884_at,0.81000836,-0.01122334,,,,
44120_at,0.8100166,-0.03204034,,,,
1556200_a_at,0.81003116,0.03280667,,,,
202422_s_at,0.81006969,-0.07264322,,,,
1566906_at,0.81012128,-0.01380768,,,,
221380_at,0.81013189,0.01434853,,,,
217901_at,0.8101577,0.11412647,,,,
236654_s_at,0.81016531,-0.02854628,,,,
215757_at,0.81017605,-0.01544671,,,,
233327_at,0.81024982,0.01161778,,,,
1556500_a_at,0.81025353,0.01341682,,,,
243239_at,0.81027754,-0.01691143,,,,
221081_s_at,0.81030355,0.06788306,,,,
1554678_s_at,0.8103408,-0.03694056,,,,
200848_at,0.81034153,0.03062525,,,,
218895_at,0.81036312,-0.02529403,,,,
220663_at,0.81036753,0.03055987,,,,
214167_s_at,0.8103698,0.02853667,,,,
225691_at,0.81037277,-0.02101123,,,,
218586_at,0.8103841,-0.04283455,,,,
213855_s_at,0.81038966,-0.01550696,,,,
206530_at,0.81040021,-0.03197113,,,,
235473_at,0.81042053,0.03502757,,,,
228972_at,0.81046845,0.04964564,,,,
227445_at,0.81047112,-0.03131284,,,,
212869_x_at,0.81047142,0.00998713,,,,
217302_at,0.81052753,-0.0140078,,,,
209726_at,0.81055816,-0.06016901,,,,
212188_at,0.81058043,-0.09163497,,,,
236560_at,0.81059507,-0.04106732,,,,
200681_at,0.81059573,0.03194433,,,,
218087_s_at,0.81061101,0.09619264,,,,
222974_at,0.81062708,-0.01002321,,,,
231765_at,0.81067478,0.0157452,,,,
240474_x_at,0.81069443,-0.01337324,,,,
238063_at,0.81070653,-0.09220766,,,,
218104_at,0.81072663,0.03247632,,,,
240415_at,0.81078364,-0.01999356,,,,
241635_at,0.81078913,-0.01022387,,,,
232783_at,0.81079816,-0.02271524,,,,
220602_s_at,0.81080161,-0.0490244,,,,
210671_x_at,0.81080237,-0.04028864,,,,
229670_at,0.81084141,-0.0645334,,,,
241585_at,0.81089292,-0.01175363,,,,
1553284_s_at,0.81089597,-0.02083587,,,,
223992_x_at,0.81090329,0.0283733,,,,
224749_at,0.81091602,-0.02947261,,,,
207799_x_at,0.81093544,-0.0222006,,,,
242095_at,0.81094145,0.01530721,,,,
214895_s_at,0.81098936,-0.05209784,,,,
242873_at,0.81099133,-0.06446952,,,,
236408_at,0.81101408,0.03077374,,,,
218578_at,0.81101876,0.03290048,,,,
217212_s_at,0.81102656,0.01903443,,,,
1568827_at,0.81106278,-0.01041052,,,,
228914_at,0.81107207,-0.04062864,,,,
230488_s_at,0.81108043,-0.04021303,,,,
203782_s_at,0.8110867,-0.03250164,,,,
243199_at,0.81111665,-0.01458017,,,,
231705_at,0.81112307,0.06599557,,,,
216265_x_at,0.81117341,0.04901248,,,,
228112_at,0.81118138,-0.01799799,,,,
221816_s_at,0.81118329,-0.04082391,,,,
217249_x_at,0.81118951,0.02840312,,,,
215562_at,0.8112036,-0.01361441,,,,
205360_at,0.81121193,-0.02198903,,,,
210752_s_at,0.8112175,-0.02737979,,,,
230064_at,0.81121874,0.03789503,,,,
206480_at,0.8112766,0.04088398,,,,
213256_at,0.81128197,0.08409263,,,,
217204_at,0.81129016,0.01384492,,,,
1565806_at,0.81130665,-0.01156446,,,,
223269_at,0.8113076,0.03770465,,,,
234921_at,0.8113656,0.04338746,,,,
241268_x_at,0.81141088,-0.01968401,,,,
201238_s_at,0.81142072,0.02786441,,,,
204195_s_at,0.81143828,-0.02056628,,,,
224750_at,0.81154669,-0.02744668,,,,
221735_at,0.81156356,0.02650583,,,,
214011_s_at,0.81156587,-0.03570713,,,,
204928_s_at,0.81160411,-0.04287205,,,,
224219_s_at,0.81162302,0.02315974,,,,
228266_s_at,0.81162669,0.08637915,,,,
1560296_at,0.81165142,-0.02894278,,,,
222150_s_at,0.81165148,0.07129291,,,,
1560135_at,0.81165362,-0.01308525,,,,
203780_at,0.81169245,0.09671913,,,,
228040_at,0.81169757,0.03770379,,,,
224441_s_at,0.8117151,0.042817,,,,
213559_s_at,0.8117282,0.02461013,,,,
237696_at,0.8117584,-0.0168632,,,,
228267_at,0.81176239,-0.0160967,,,,
228334_x_at,0.81178159,0.04390629,,,,
227937_at,0.81179231,0.01954183,,,,
201783_s_at,0.81179283,-0.02477101,,,,
234652_at,0.8117944,0.01752383,,,,
237558_at,0.81181496,-0.01693834,,,,
213831_at,0.81182873,-0.20369468,,,,
1563426_a_at,0.81183358,0.03893141,,,,
230517_at,0.81186318,-0.01587633,,,,
1554303_at,0.81187189,0.02929566,,,,
1553626_a_at,0.81189707,0.04530057,,,,
238304_at,0.81190254,-0.01200295,,,,
207635_s_at,0.81193462,-0.0132925,,,,
238114_at,0.81197793,-0.03540539,,,,
231045_x_at,0.81198335,0.02855118,,,,
1566632_at,0.81198467,-0.01216607,,,,
203220_s_at,0.81198799,-0.03099762,,,,
229589_x_at,0.81202815,-0.04021206,,,,
219543_at,0.81207506,-0.12083854,,,,
236215_at,0.81209204,0.04573905,,,,
233416_at,0.81210781,0.01938066,,,,
214733_s_at,0.81210909,0.03366497,,,,
209980_s_at,0.81212893,0.09043758,,,,
200878_at,0.81218376,0.05211623,,,,
229227_at,0.81220549,0.0302485,,,,
213933_at,0.81221068,0.10418279,,,,
221607_x_at,0.81223337,-0.01323203,,,,
1561400_at,0.81223815,-0.01270064,,,,
205613_at,0.81225104,0.06950216,,,,
217481_x_at,0.81226101,0.02129957,,,,
202596_at,0.81226432,0.03679468,,,,
1562743_at,0.81227126,-0.03530493,,,,
1561386_at,0.81228977,-0.01778054,,,,
1553637_s_at,0.81229045,-0.0135405,,,,
1561363_a_at,0.81229714,0.01201943,,,,
211170_s_at,0.81231134,0.03314574,,,,
212594_at,0.81232231,-0.05671541,,,,
229862_x_at,0.81235175,-0.0202792,,,,
1553269_at,0.81236822,0.07014872,,,,
234980_at,0.81237684,0.11702068,,,,
241267_at,0.81243045,0.01629323,,,,
222277_at,0.8124358,0.03629318,,,,
218155_x_at,0.81243604,0.02911733,,,,
243325_at,0.81244005,-0.01578524,,,,
204887_s_at,0.81246573,0.05894088,,,,
203815_at,0.81248584,-0.12132775,,,,
230824_at,0.81250602,0.01348732,,,,
244891_x_at,0.81255007,0.00997189,,,,
236595_at,0.81259245,-0.03746625,,,,
221604_s_at,0.81261775,-0.04016092,,,,
1554787_at,0.81262291,-0.01781894,,,,
241436_at,0.81262948,-0.11119885,,,,
211843_x_at,0.81265909,-0.1310445,,,,
233699_at,0.81271813,0.01637117,,,,
235879_at,0.81274643,0.07330986,,,,
226514_at,0.8128533,0.03757001,,,,
1562553_at,0.81286331,0.00970306,,,,
217759_at,0.81287353,-0.03052052,,,,
1560177_at,0.81289669,0.01724544,,,,
238876_at,0.81292482,-0.02160096,,,,
204080_at,0.81294128,0.02188838,,,,
208806_at,0.81294324,-0.04270899,,,,
230404_at,0.81295571,-0.04805897,,,,
241133_at,0.81299866,0.01424759,,,,
238844_s_at,0.81299951,0.06689047,,,,
225615_at,0.81302913,0.05391224,,,,
204094_s_at,0.81304366,0.03957659,,,,
229914_at,0.81304623,-0.02463741,,,,
235024_at,0.81306424,-0.038854,,,,
244634_at,0.81309054,-0.01009224,,,,
222333_at,0.81309185,-0.03460223,,,,
208586_s_at,0.81311116,-0.01235841,,,,
208964_s_at,0.81314056,0.06259851,,,,
242619_x_at,0.81315495,-0.0168182,,,,
213863_s_at,0.81319575,0.03919582,,,,
227785_at,0.81320291,0.06633403,,,,
221785_at,0.81321735,-0.02589546,,,,
210313_at,0.81326357,0.0338574,,,,
204825_at,0.81335749,-0.07365054,,,,
222972_at,0.81336538,0.01490314,,,,
204311_at,0.81338467,0.03037626,,,,
224644_at,0.81338774,0.03287303,,,,
215177_s_at,0.81339587,-0.10036595,,,,
1555324_at,0.8134004,0.02483754,,,,
218858_at,0.81342169,0.06845806,,,,
219569_s_at,0.81342861,0.07397751,,,,
231666_at,0.81343131,0.0965768,,,,
213519_s_at,0.81351249,0.08203218,,,,
223912_s_at,0.81352957,-0.045265,,,,
221188_s_at,0.81354042,0.08917711,,,,
201333_s_at,0.81354735,0.03026035,,,,
1554153_a_at,0.81355036,0.04086524,,,,
214620_x_at,0.81362497,-0.05685089,,,,
242218_at,0.81371501,-0.03687038,,,,
221195_at,0.81372251,-0.02105934,,,,
213352_at,0.81373861,-0.03715508,,,,
1561983_at,0.81373931,-0.01237915,,,,
212636_at,0.81377805,-0.05951999,,,,
205729_at,0.81384847,0.0960912,,,,
224562_at,0.81388599,0.02971565,,,,
221321_s_at,0.81390841,-0.01436261,,,,
223407_at,0.81392536,-0.0402,,,,
218016_s_at,0.81396423,0.03598295,,,,
230519_at,0.81397905,0.02910431,,,,
241780_at,0.81398446,-0.07125134,,,,
200034_s_at,0.81402633,-0.01741649,,,,
231039_at,0.81403188,0.03031005,,,,
242554_at,0.81403784,-0.03009296,,,,
220484_at,0.81404578,-0.05603064,,,,
230137_at,0.81408752,-0.02274828,,,,
208155_x_at,0.81409205,0.09447171,,,,
204641_at,0.81411088,0.08013104,,,,
211984_at,0.81411634,0.03297265,,,,
1556467_at,0.81411739,-0.01400404,,,,
227240_at,0.81415973,0.0828661,,,,
228877_at,0.81417183,0.05549001,,,,
221340_at,0.81419637,-0.01613311,,,,
229880_at,0.81419834,0.04201304,,,,
1555350_at,0.81423027,-0.02338731,,,,
1560524_at,0.81423719,-0.01360726,,,,
1561486_at,0.81424811,-0.01636772,,,,
202342_s_at,0.81425709,-0.09425167,,,,
225947_at,0.81425949,0.0359639,,,,
1556498_at,0.81426629,0.01514007,,,,
216318_at,0.81428003,0.02465477,,,,
205174_s_at,0.81438236,0.10792603,,,,
219993_at,0.8144159,-0.08714531,,,,
1561676_at,0.81445661,-0.01023978,,,,
243069_at,0.81446797,0.02844209,,,,
1562827_at,0.81447677,0.0190564,,,,
1564383_s_at,0.81448332,0.04108075,,,,
204117_at,0.81452245,-0.04318917,,,,
232615_at,0.81458021,-0.07269062,,,,
211968_s_at,0.81458182,0.04193985,,,,
239201_at,0.81465501,-0.03738878,,,,
216286_at,0.81467224,0.01350507,,,,
242835_s_at,0.81471393,-0.04122145,,,,
238382_x_at,0.81472257,-0.01122204,,,,
233214_at,0.81472758,-0.04358967,,,,
238964_at,0.81472817,0.07834365,,,,
229940_at,0.81478877,0.04032812,,,,
216954_x_at,0.81482879,0.01881411,,,,
1552621_at,0.81486905,0.04687289,,,,
1568902_at,0.81487673,-0.01169228,,,,
228311_at,0.81492833,0.03489114,,,,
208380_at,0.81493072,-0.01414608,,,,
237709_at,0.81493748,0.01669585,,,,
226146_at,0.81495675,-0.02633083,,,,
231586_at,0.81497054,0.01156803,,,,
242383_at,0.81502619,-0.01740676,,,,
207838_x_at,0.81503764,0.03889219,,,,
208636_at,0.81504488,-0.03395771,,,,
203358_s_at,0.81504606,0.07859765,,,,
203951_at,0.81507046,0.06922374,,,,
1556336_at,0.81508099,0.0421385,,,,
227351_at,0.81512146,0.04010015,,,,
238009_at,0.81513357,0.07912454,,,,
234196_at,0.81513513,-0.01689634,,,,
229354_at,0.81514725,-0.05892715,,,,
221883_at,0.81515882,0.02583902,,,,
202270_at,0.81517702,0.07137604,,,,
232989_s_at,0.81520738,-0.01473642,,,,
232811_x_at,0.81522342,-0.02681126,,,,
211778_s_at,0.81532828,0.08769331,,,,
230015_at,0.81534309,-0.04013992,,,,
1569256_a_at,0.81536203,0.03183535,,,,
242233_at,0.81539515,0.04925006,,,,
215004_s_at,0.81540274,-0.02170823,,,,
228318_s_at,0.8154322,-0.04010664,,,,
201522_x_at,0.81546994,0.06663568,,,,
1568650_a_at,0.81547752,0.01299914,,,,
220708_at,0.81548867,0.01617607,,,,
227777_at,0.81549355,0.04687361,,,,
216098_s_at,0.81549867,-0.01960577,,,,
1555831_s_at,0.81552509,0.04350495,,,,
213628_at,0.81553332,0.02676603,,,,
204969_s_at,0.81558506,-0.06204142,,,,
224938_at,0.81562684,0.04362503,,,,
223618_at,0.81565256,-0.08593541,,,,
200783_s_at,0.81567553,0.05692265,,,,
1564962_at,0.8156869,0.02441147,,,,
216652_s_at,0.81570126,-0.04179349,,,,
213675_at,0.81570319,-0.04490282,,,,
223865_at,0.81571548,0.04168348,,,,
235349_at,0.81572125,0.06466293,,,,
200835_s_at,0.81578889,0.0432891,,,,
203228_at,0.81581544,-0.05750409,,,,
240522_at,0.81583276,-0.01469677,,,,
201965_s_at,0.81592743,-0.02798312,,,,
212784_at,0.81593922,-0.02217717,,,,
207553_at,0.81597011,-0.03344635,,,,
217962_at,0.81598952,0.02711799,,,,
237578_at,0.81599918,-0.01237181,,,,
223009_at,0.81604255,-0.0272927,,,,
229646_at,0.81605313,-0.01566415,,,,
210853_at,0.81613216,0.01197273,,,,
228885_at,0.81617579,0.13258961,,,,
208962_s_at,0.81619514,0.06983518,,,,
212274_at,0.81622035,-0.04594289,,,,
206348_s_at,0.81623738,-0.05724814,,,,
239207_at,0.81623921,-0.03308508,,,,
225307_at,0.81627505,0.03906763,,,,
209853_s_at,0.81629125,0.03396066,,,,
219238_at,0.81634815,0.03575135,,,,
37892_at,0.81638168,-0.16523487,,,,
1552632_a_at,0.81646162,0.05037429,,,,
231158_x_at,0.81647575,0.01728011,,,,
231665_at,0.81647955,-0.01496009,,,,
230172_at,0.81648756,-0.0258928,,,,
205298_s_at,0.81650945,-0.0351608,,,,
235682_s_at,0.81655043,0.02107445,,,,
217867_x_at,0.81659081,0.07736664,,,,
243674_at,0.81666952,0.02246038,,,,
1564753_at,0.81668108,-0.02154156,,,,
218487_at,0.81668187,-0.0455155,,,,
1552364_s_at,0.81670801,-0.0491144,,,,
1552359_at,0.8167089,-0.01788401,,,,
205760_s_at,0.81671348,-0.03412452,,,,
244841_at,0.81673894,-0.03461255,,,,
218342_s_at,0.81681827,0.05707361,,,,
1557059_at,0.81684391,-0.0314117,,,,
225531_at,0.81686911,-0.0551818,,,,
233896_s_at,0.81687018,-0.02186283,,,,
222019_at,0.81687611,-0.02942779,,,,
238784_at,0.81689885,0.06143338,,,,
242403_at,0.8169195,-0.04099491,,,,
239564_at,0.81699355,-0.01204987,,,,
218592_s_at,0.81701229,-0.03956063,,,,
232215_x_at,0.81705963,0.03289522,,,,
1555039_a_at,0.81707516,0.06808081,,,,
205209_at,0.8170918,-0.0385147,,,,
216517_at,0.81710122,-0.05135439,,,,
1552900_a_at,0.81710936,-0.01108133,,,,
235358_at,0.81713094,-0.02038849,,,,
210707_x_at,0.81718697,0.0262012,,,,
223814_at,0.81720572,-0.0369764,,,,
221371_at,0.81721981,-0.01857372,,,,
204317_at,0.81722204,-0.04264295,,,,
212449_s_at,0.81724239,0.03867953,,,,
204296_at,0.81724692,-0.01074855,,,,
237394_at,0.817272,0.01387548,,,,
202891_at,0.81728448,-0.0337107,,,,
231839_at,0.81730838,-0.02274756,,,,
241476_at,0.81736148,0.01489801,,,,
238771_at,0.81736252,-0.02158506,,,,
229811_at,0.81737279,0.03441255,,,,
208587_s_at,0.81738935,0.01906919,,,,
1568666_at,0.81741362,-0.01803393,,,,
244494_at,0.81742176,0.02081947,,,,
244527_at,0.81743192,-0.01345861,,,,
213397_x_at,0.81748644,-0.07856257,,,,
1552507_at,0.8175018,0.06839757,,,,
204561_x_at,0.81751746,-0.16826443,,,,
237131_at,0.81753178,-0.04064023,,,,
228335_at,0.81760282,0.12158355,,,,
240400_at,0.81761585,-0.02010279,,,,
241683_at,0.81762036,0.03789322,,,,
234923_at,0.81762909,0.02086323,,,,
1557797_a_at,0.81763602,0.03485678,,,,
1569999_at,0.81766397,-0.01872145,,,,
200790_at,0.81766669,-0.05688633,,,,
1556964_s_at,0.81767835,0.01359913,,,,
224782_at,0.81775072,-0.02287867,,,,
228723_at,0.81775442,0.04311848,,,,
240129_at,0.81776611,0.0161219,,,,
207186_s_at,0.81786672,-0.03245177,,,,
1562007_at,0.81788158,-0.01219861,,,,
225940_at,0.81788246,0.04520852,,,,
237767_at,0.81795521,-0.01364208,,,,
231545_at,0.81798779,-0.01684481,,,,
242079_at,0.81799742,0.02217284,,,,
239704_at,0.81799916,0.0459261,,,,
1568616_a_at,0.81800691,-0.01860705,,,,
209029_at,0.81800894,0.03310178,,,,
1569544_at,0.8180204,0.01249561,,,,
204111_at,0.81810234,0.0467832,,,,
214666_x_at,0.81811542,0.03388702,,,,
241572_at,0.81813479,-0.01252996,,,,
224799_at,0.81814061,-0.07069466,,,,
206729_at,0.81815659,0.03436918,,,,
208613_s_at,0.81817928,-0.05224818,,,,
201155_s_at,0.81818826,-0.02861848,,,,
238555_at,0.81822655,0.01332739,,,,
1554185_at,0.81824356,-0.02032995,,,,
213732_at,0.81824981,0.01432028,,,,
215286_s_at,0.81827198,0.03793978,,,,
218394_at,0.81827254,0.04540663,,,,
211510_s_at,0.81828566,-0.01276526,,,,
230169_at,0.8182971,0.01894838,,,,
1560864_at,0.81831738,0.01196383,,,,
242537_at,0.81836374,-0.01241775,,,,
224066_s_at,0.818378,0.02237018,,,,
244030_at,0.81838475,-0.04577945,,,,
201530_x_at,0.81838853,-0.02529181,,,,
218777_at,0.81841331,-0.03411965,,,,
220469_at,0.81844688,-0.01547471,,,,
228635_at,0.81850397,-0.0644245,,,,
219475_at,0.81853247,0.04711478,,,,
240165_at,0.81858764,0.03227202,,,,
223341_s_at,0.81862453,-0.04245518,,,,
228486_at,0.81864422,-0.0671801,,,,
203479_s_at,0.8187356,-0.03208514,,,,
225127_at,0.81873807,0.03469384,,,,
223449_at,0.81877085,-0.06201565,,,,
207392_x_at,0.81878899,-0.20145042,,,,
232644_x_at,0.8188704,-0.01897919,,,,
238215_at,0.81887466,-0.01627844,,,,
227173_s_at,0.81891219,0.03498686,,,,
229028_s_at,0.81891539,-0.04970555,,,,
240506_at,0.81894836,0.0168401,,,,
216419_at,0.81896796,0.01851654,,,,
205100_at,0.81902541,0.08576088,,,,
225017_at,0.81903948,0.06133292,,,,
242080_at,0.81905559,-0.0277874,,,,
230898_at,0.81905699,-0.01869867,,,,
210637_at,0.81908867,-0.01592989,,,,
237113_at,0.81914114,-0.01854365,,,,
1563934_at,0.81917677,-0.01147588,,,,
206380_s_at,0.81918265,-0.0767543,,,,
1565320_at,0.81923953,-0.01963469,,,,
224968_at,0.81925549,-0.04395771,,,,
203348_s_at,0.81927446,-0.05678084,,,,
224101_x_at,0.81935715,0.01041062,,,,
220966_x_at,0.81938941,0.03391859,,,,
223859_at,0.81943697,0.01878443,,,,
221583_s_at,0.81947832,-0.09171731,,,,
201231_s_at,0.81949162,-0.04732722,,,,
216389_s_at,0.81952344,0.04438747,,,,
228345_at,0.81954111,-0.06465006,,,,
1552818_a_at,0.81954781,0.01193857,,,,
206765_at,0.81957451,-0.06273698,,,,
214786_at,0.81957604,-0.05903911,,,,
232942_at,0.81964336,0.01926968,,,,
224677_x_at,0.81968606,0.02876004,,,,
209000_s_at,0.81970776,0.03300896,,,,
222946_s_at,0.81976679,0.03844512,,,,
203337_x_at,0.81981326,0.06123363,,,,
237656_at,0.81983417,-0.014019,,,,
210199_at,0.81996538,0.04594682,,,,
1562263_at,0.81996927,-0.01534333,,,,
239662_x_at,0.81997817,-0.01879917,,,,
218614_at,0.8200173,0.04341498,,,,
234402_at,0.82004882,-0.01475633,,,,
233943_x_at,0.82006511,0.01609912,,,,
212942_s_at,0.82013372,-0.136063,,,,
230482_at,0.8201414,0.07554449,,,,
235476_at,0.82017308,0.08191306,,,,
240295_at,0.82020669,-0.03780291,,,,
210357_s_at,0.8202111,-0.04652484,,,,
222873_s_at,0.82024767,0.02814896,,,,
232145_at,0.82029371,0.03424689,,,,
221633_at,0.82033686,0.01703151,,,,
200770_s_at,0.82033965,0.05095546,,,,
236692_at,0.82035783,-0.04254632,,,,
1554599_x_at,0.82041568,0.03713164,,,,
239036_at,0.82041733,0.02405442,,,,
209910_at,0.82043651,-0.02202664,,,,
203631_s_at,0.82043663,-0.04068013,,,,
228833_s_at,0.82043675,-0.01704108,,,,
212496_s_at,0.82046586,0.03299664,,,,
1556945_a_at,0.82047615,0.0116628,,,,
215916_at,0.82048986,0.01484859,,,,
206806_at,0.82052252,-0.04386135,,,,
236695_at,0.82053891,0.01484366,,,,
213279_at,0.82058411,0.06439842,,,,
218468_s_at,0.82059773,-0.12778906,,,,
216945_x_at,0.82064209,0.04148128,,,,
1562249_at,0.82066027,0.02181868,,,,
205631_at,0.82069467,0.0197417,,,,
227767_at,0.82069671,-0.03768421,,,,
237809_at,0.8207063,-0.0176959,,,,
214384_s_at,0.82072236,0.02310774,,,,
241031_at,0.82074328,0.1016858,,,,
1556551_s_at,0.82074749,0.07958333,,,,
230961_at,0.82076061,0.05522429,,,,
234095_at,0.82079193,0.01832791,,,,
218181_s_at,0.82082583,-0.05428251,,,,
222220_s_at,0.82084875,0.01411387,,,,
1562670_at,0.82087284,-0.01135197,,,,
242897_at,0.82088893,0.0141308,,,,
226951_at,0.82089145,0.03519588,,,,
229457_at,0.82093764,0.02680705,,,,
217555_at,0.8209616,0.02218037,,,,
243565_at,0.82097118,-0.0213251,,,,
228446_at,0.82097166,0.02994932,,,,
218022_at,0.82097707,-0.02874294,,,,
209836_x_at,0.82097838,-0.03250891,,,,
242374_at,0.82099393,-0.02978263,,,,
207235_s_at,0.8209995,-0.01513427,,,,
244006_at,0.82101637,-0.01415014,,,,
1564015_at,0.82104178,-0.01830087,,,,
202685_s_at,0.82104375,-0.03830269,,,,
209516_at,0.82110011,-0.02925087,,,,
242845_at,0.82114245,-0.04024864,,,,
1568673_s_at,0.82114348,0.00872224,,,,
233809_at,0.82115453,-0.03208874,,,,
204160_s_at,0.82116965,-0.06913352,,,,
215931_s_at,0.82118588,0.04037874,,,,
203986_at,0.82119873,0.07146741,,,,
204698_at,0.8212074,-0.06919041,,,,
223119_s_at,0.82121848,0.03794463,,,,
232604_at,0.82123818,-0.02456006,,,,
228849_at,0.82123989,0.03615628,,,,
242021_at,0.82127611,0.03286814,,,,
1563001_at,0.82130657,0.01029769,,,,
1565804_at,0.82133819,0.01960743,,,,
1553622_a_at,0.82138168,-0.0830966,,,,
216477_at,0.82138464,-0.01122483,,,,
1568807_a_at,0.82138767,-0.03904945,,,,
233163_at,0.82140389,0.01443239,,,,
217422_s_at,0.82140521,-0.02195009,,,,
223852_s_at,0.82148587,0.034884,,,,
243361_at,0.8215,0.02533769,,,,
232457_at,0.82154946,-0.02302294,,,,
227221_at,0.82156722,0.04204057,,,,
231721_at,0.82158383,0.0560052,,,,
1560863_a_at,0.82160244,0.01230285,,,,
232964_at,0.82164568,0.03728455,,,,
217176_s_at,0.8216471,0.03235599,,,,
231829_at,0.82165716,0.03599611,,,,
225619_at,0.82172475,0.0965926,,,,
AFFX-ThrX-3_at,0.82174726,0.06323417,,,,
210227_at,0.82178103,-0.0157473,,,,
226762_at,0.82180099,-0.03419313,,,,
220760_x_at,0.8218079,0.02781753,,,,
1559117_at,0.82181856,-0.02894602,,,,
239106_at,0.82182758,0.0460994,,,,
1570306_at,0.82183746,0.01298356,,,,
1559022_at,0.82189929,-0.0205005,,,,
235713_at,0.82199062,0.0242347,,,,
228377_at,0.82200284,0.09933135,,,,
230790_x_at,0.82202403,0.04352213,,,,
232709_at,0.82202576,0.0365316,,,,
1565034_s_at,0.82205583,-0.04514092,,,,
202551_s_at,0.82207951,0.05373896,,,,
218253_s_at,0.82208906,0.02972298,,,,
210204_s_at,0.8221008,0.02466303,,,,
230081_at,0.82213438,-0.10538763,,,,
240274_at,0.8221609,-0.01695833,,,,
1567280_at,0.82217811,0.01381903,,,,
227312_at,0.82220284,-0.04813359,,,,
212379_at,0.82221312,-0.04035804,,,,
223327_x_at,0.82225376,0.04097144,,,,
219929_s_at,0.82229739,-0.04042306,,,,
230154_at,0.82230861,-0.03219334,,,,
239890_s_at,0.82232441,-0.01779575,,,,
203058_s_at,0.8223557,-0.08488894,,,,
205713_s_at,0.82237256,0.14105723,,,,
213583_x_at,0.82237851,0.00779646,,,,
1556117_at,0.82238537,0.038058,,,,
242457_at,0.82238998,0.0538687,,,,
229342_at,0.82240315,0.03485891,,,,
1569839_s_at,0.8224119,0.01430189,,,,
230799_at,0.82249092,-0.02754429,,,,
224894_at,0.82251135,0.03720675,,,,
200965_s_at,0.82251726,0.06706994,,,,
225920_at,0.82252047,-0.02354502,,,,
217080_s_at,0.82255211,0.06724806,,,,
1552971_at,0.82256971,0.01315306,,,,
203766_s_at,0.82258362,-0.05839763,,,,
222415_at,0.82260799,-0.03513038,,,,
212810_s_at,0.82262763,0.052767,,,,
213874_at,0.82262951,0.13009214,,,,
222521_x_at,0.82264454,-0.02641975,,,,
204251_s_at,0.82265787,0.02560803,,,,
37170_at,0.82265943,-0.05070828,,,,
212533_at,0.82269586,0.04840553,,,,
204963_at,0.82273497,-0.09435686,,,,
1555015_a_at,0.82289341,-0.01887481,,,,
240765_at,0.82292349,-0.02125697,,,,
214727_at,0.82292556,0.04485335,,,,
227871_at,0.82294028,0.03594945,,,,
229726_at,0.82297229,0.02524495,,,,
242970_at,0.82297499,-0.01422519,,,,
1555122_at,0.82297713,0.02359242,,,,
234856_at,0.82299419,0.01412085,,,,
216843_x_at,0.82299565,-0.02941666,,,,
230863_at,0.82299793,0.07957921,,,,
209766_at,0.82302855,-0.01419267,,,,
1563092_at,0.8230974,-0.01779266,,,,
229685_at,0.82310062,-0.03842895,,,,
208959_s_at,0.82311843,0.03023854,,,,
1565975_at,0.8231914,-0.0200734,,,,
237957_at,0.82332062,-0.01182879,,,,
238702_at,0.82334076,-0.04814174,,,,
239660_at,0.82334651,0.04073102,,,,
235010_at,0.8233865,-0.053714,,,,
243356_at,0.8233971,-0.05638774,,,,
230623_x_at,0.82341137,0.03471439,,,,
203081_at,0.82342388,-0.03146011,,,,
220876_at,0.82344393,0.01335108,,,,
226152_at,0.8234675,-0.05723707,,,,
240177_at,0.82351225,-0.01728813,,,,
203012_x_at,0.82351285,0.01290852,,,,
1560511_at,0.82351321,-0.01350334,,,,
211626_x_at,0.82353898,0.03514331,,,,
1554199_at,0.82354997,-0.06620453,,,,
204570_at,0.82356815,0.07795262,,,,
244880_at,0.8235691,-0.05181122,,,,
224605_at,0.8236546,0.03666797,,,,
235626_at,0.82365833,0.06487708,,,,
230656_s_at,0.82367332,0.03334731,,,,
214981_at,0.82369189,0.05729942,,,,
231496_at,0.82379096,-0.04369502,,,,
213330_s_at,0.82383083,0.0489007,,,,
1555539_at,0.82384123,0.02048892,,,,
209045_at,0.823854,0.02939134,,,,
238306_at,0.82387233,-0.01258727,,,,
232150_at,0.82387355,0.03964629,,,,
207219_at,0.82389473,0.05124949,,,,
1558852_at,0.82390528,0.01065482,,,,
213656_s_at,0.82395007,0.03000595,,,,
225014_at,0.82397236,0.02870305,,,,
214596_at,0.8239736,-0.07838023,,,,
210733_at,0.82397789,-0.0461448,,,,
243670_at,0.82401057,-0.01354766,,,,
221851_at,0.82402402,-0.0294749,,,,
1553412_at,0.82402941,0.01871627,,,,
211713_x_at,0.82417009,0.04722091,,,,
215579_at,0.82422774,0.01831081,,,,
235749_at,0.82423418,-0.07158271,,,,
204033_at,0.82427791,0.07196378,,,,
1556338_at,0.8242977,0.02918817,,,,
227902_at,0.82430941,0.02014929,,,,
1570320_at,0.82432587,-0.01140308,,,,
215918_s_at,0.82434003,-0.0398311,,,,
228250_at,0.82434831,-0.03562424,,,,
210876_at,0.82438161,-0.03838188,,,,
237078_at,0.82439132,0.01845418,,,,
211448_s_at,0.82441726,-0.02563777,,,,
1569504_at,0.82442017,0.0101681,,,,
215546_at,0.82443181,0.01720833,,,,
1553982_a_at,0.82444067,0.04929703,,,,
244440_at,0.82444085,-0.01307957,,,,
233485_at,0.82446941,0.01526583,,,,
222728_s_at,0.82448163,-0.04986745,,,,
1557016_a_at,0.82450628,0.01953904,,,,
235700_at,0.82451175,0.13579923,,,,
232256_s_at,0.82456293,0.03013612,,,,
217812_at,0.82457682,0.02091698,,,,
216567_at,0.82458947,0.01431459,,,,
201274_at,0.82461913,-0.0282041,,,,
205307_s_at,0.82462374,0.09878555,,,,
233568_x_at,0.82467685,-0.02447374,,,,
233753_at,0.82468214,0.01874728,,,,
244430_at,0.82469374,-0.01207728,,,,
235510_at,0.82470369,0.01729071,,,,
232263_at,0.82472745,-0.04431936,,,,
232074_at,0.82474626,-0.03315644,,,,
223838_at,0.82478439,-0.04661978,,,,
1563085_at,0.82479896,-0.0114513,,,,
1563469_at,0.8248264,0.01885922,,,,
208583_x_at,0.82484408,0.03623552,,,,
219850_s_at,0.8248467,0.12540554,,,,
232443_at,0.82485262,-0.03074485,,,,
216312_at,0.82489031,-0.01676924,,,,
215766_at,0.82489069,-0.03251993,,,,
227931_at,0.82492924,-0.03707221,,,,
213325_at,0.82493004,0.09703398,,,,
201899_s_at,0.82498419,-0.03114664,,,,
1568748_at,0.82501074,-0.01390222,,,,
117_at,0.82501467,-0.06766783,,,,
233772_at,0.82502328,0.08078686,,,,
238789_at,0.82502638,0.03659488,,,,
228100_at,0.82509479,0.05199572,,,,
1559405_a_at,0.82509685,-0.01357906,,,,
212789_at,0.82511742,0.03469847,,,,
204962_s_at,0.82512053,0.07125505,,,,
240080_at,0.82512545,-0.01636108,,,,
205962_at,0.82512792,0.01213489,,,,
211556_at,0.82514562,0.01159219,,,,
206675_s_at,0.82514917,-0.05051231,,,,
1555201_a_at,0.82516436,0.04075905,,,,
204310_s_at,0.82517186,-0.05240292,,,,
221908_at,0.82517388,-0.05627137,,,,
244389_at,0.82518258,0.02809651,,,,
222511_x_at,0.82518412,-0.0583888,,,,
236599_at,0.82518734,0.02687873,,,,
221138_s_at,0.82523499,-0.01345767,,,,
227888_at,0.82524302,-0.01379131,,,,
217574_at,0.82524331,-0.02474416,,,,
1554536_at,0.82524815,-0.0307473,,,,
207034_s_at,0.82525592,-0.05764077,,,,
216740_at,0.82527589,-0.01776687,,,,
205529_s_at,0.82527892,-0.08795961,,,,
233252_s_at,0.82530245,-0.0448901,,,,
37860_at,0.82531156,0.03075999,,,,
202458_at,0.82534053,0.06039042,,,,
210986_s_at,0.82539737,0.04619116,,,,
239659_at,0.82540392,-0.01674813,,,,
1553293_at,0.82540537,0.02767725,,,,
224595_at,0.82542091,-0.04692107,,,,
225199_at,0.8254301,-0.02948272,,,,
201799_s_at,0.82543226,0.02190875,,,,
230657_at,0.82545793,0.05031051,,,,
209716_at,0.82546407,-0.0470441,,,,
238229_at,0.82548983,0.03632508,,,,
229297_at,0.82551636,0.03246007,,,,
218262_at,0.82552357,0.03414601,,,,
230888_at,0.82553747,-0.04446659,,,,
233516_s_at,0.82553838,0.0333366,,,,
205403_at,0.82554191,0.09995137,,,,
238993_at,0.82555244,0.01773571,,,,
210822_at,0.82558672,-0.02417298,,,,
244126_at,0.82562859,-0.03543068,,,,
225342_at,0.82565282,-0.0734078,,,,
1555179_at,0.82566083,0.01453463,,,,
241775_at,0.82566182,0.05068862,,,,
215588_x_at,0.82567906,0.03248924,,,,
234232_at,0.82571272,-0.01527529,,,,
202462_s_at,0.82572268,0.02380861,,,,
243856_at,0.82572647,-0.03378583,,,,
1562358_at,0.82575109,-0.0112578,,,,
220755_s_at,0.8257555,0.04336618,,,,
238494_at,0.82577383,0.03106604,,,,
234879_at,0.82578697,0.01573491,,,,
1558660_at,0.82578979,-0.01548881,,,,
213640_s_at,0.825827,-0.07902336,,,,
213338_at,0.82582837,0.10690309,,,,
220579_at,0.82584836,0.01507862,,,,
227182_at,0.82588706,-0.06969709,,,,
211090_s_at,0.82589204,-0.04494519,,,,
206413_s_at,0.82589366,-0.01586884,,,,
243768_at,0.82590909,-0.0514684,,,,
1560615_a_at,0.82593743,0.00960669,,,,
240594_at,0.82595089,0.0352014,,,,
1557775_a_at,0.82595175,-0.01201843,,,,
208734_x_at,0.82598426,-0.03535211,,,,
243822_at,0.82598562,0.01484437,,,,
220252_x_at,0.82599229,-0.04429647,,,,
228368_at,0.82600379,-0.06956665,,,,
216794_at,0.82604643,0.0179639,,,,
208982_at,0.82605231,0.06222981,,,,
1552906_at,0.82606584,-0.00792672,,,,
243779_at,0.8260888,0.02202971,,,,
238815_at,0.82609184,-0.02892303,,,,
236588_at,0.82609752,0.01753493,,,,
216979_at,0.8261236,-0.01466031,,,,
225809_at,0.826129,-0.1190493,,,,
223924_at,0.82613875,-0.02641118,,,,
211766_s_at,0.82614828,0.06449547,,,,
234280_at,0.82616885,-0.01594767,,,,
239367_at,0.82617513,0.03731182,,,,
1566217_at,0.82617892,-0.01101039,,,,
226798_at,0.82619143,-0.01978601,,,,
231391_at,0.82620906,0.01115017,,,,
202649_x_at,0.82624699,-0.01906818,,,,
231938_at,0.82625778,0.02938168,,,,
215744_at,0.8262877,0.0135599,,,,
1565866_a_at,0.82628967,-0.02029243,,,,
235608_at,0.82629755,-0.03322771,,,,
215553_x_at,0.82632209,0.02527378,,,,
1554779_s_at,0.82635698,0.01816945,,,,
1560477_a_at,0.82638492,-0.02317084,,,,
1554004_a_at,0.82642564,-0.04093066,,,,
220444_at,0.82642678,0.03285274,,,,
1554196_at,0.82644537,0.01086395,,,,
243767_at,0.82646138,0.01871734,,,,
212779_at,0.82651665,0.03337846,,,,
212796_s_at,0.82652206,-0.03477057,,,,
237975_at,0.8265448,-0.01308317,,,,
216212_s_at,0.82659715,0.04248314,,,,
237276_at,0.82662547,-0.01878707,,,,
1563902_at,0.82663797,-0.01751068,,,,
237597_at,0.8267479,0.02983244,,,,
211960_s_at,0.82676389,-0.03556282,,,,
208133_at,0.8268732,0.01062357,,,,
219343_at,0.82689248,0.03344289,,,,
230040_at,0.82689746,0.07780969,,,,
218701_at,0.82693785,0.06085086,,,,
211725_s_at,0.82702044,0.03912844,,,,
229391_s_at,0.82705215,-0.06357571,,,,
224318_s_at,0.82707298,-0.02450661,,,,
227239_at,0.82709325,-0.06430435,,,,
216144_at,0.82709446,0.01575729,,,,
235486_at,0.82710185,0.05927395,,,,
224029_x_at,0.82711033,-0.01276323,,,,
210704_at,0.82711149,0.01317716,,,,
203210_s_at,0.82712049,0.04437505,,,,
1559706_at,0.82712142,-0.01495276,,,,
220470_at,0.82712344,0.02469989,,,,
231988_x_at,0.82713912,-0.02065648,,,,
219160_s_at,0.82718992,-0.02395057,,,,
227719_at,0.82719529,0.08939605,,,,
242760_x_at,0.82721218,-0.03210135,,,,
238380_s_at,0.82725947,0.0104738,,,,
201178_at,0.82725985,-0.03083413,,,,
218031_s_at,0.82728121,-0.04353196,,,,
222557_at,0.82729171,-0.08294455,,,,
231714_s_at,0.82731317,-0.02957921,,,,
219351_at,0.82733572,0.03203351,,,,
241974_at,0.82736966,0.01439138,,,,
214440_at,0.82740248,-0.08986467,,,,
221611_s_at,0.82750814,-0.02377438,,,,
239865_at,0.82753106,-0.01922128,,,,
202818_s_at,0.82753534,0.02640912,,,,
1562904_s_at,0.82754705,0.0383699,,,,
201435_s_at,0.82756573,-0.02388174,,,,
225313_at,0.82756911,0.03680069,,,,
1555746_at,0.82758399,0.01646648,,,,
243983_at,0.82759531,-0.01418857,,,,
222414_at,0.82759766,0.02820534,,,,
238245_at,0.82760649,-0.0423647,,,,
237051_at,0.82761302,0.01560614,,,,
220746_s_at,0.82765305,0.02725627,,,,
216904_at,0.82765356,-0.01407741,,,,
222062_at,0.82766064,-0.06722557,,,,
1569426_at,0.82768776,-0.01111913,,,,
203289_s_at,0.82771096,-0.02345297,,,,
221479_s_at,0.82777651,-0.04029641,,,,
1560058_at,0.82779358,-0.01249543,,,,
230265_at,0.82780012,0.04589684,,,,
1553986_at,0.82781078,-0.09177129,,,,
243971_x_at,0.82785756,0.01626643,,,,
237697_at,0.8278631,-0.01331041,,,,
238719_at,0.82787327,-0.03293185,,,,
232357_at,0.82793466,-0.01321948,,,,
228134_at,0.82793737,-0.01689942,,,,
210954_s_at,0.82794477,-0.0281807,,,,
241833_at,0.82798946,0.01218332,,,,
239741_at,0.82806103,0.04598167,,,,
215318_at,0.828066,-0.02540265,,,,
241007_at,0.82808318,-0.01065791,,,,
228918_at,0.82810497,-0.0358313,,,,
218752_at,0.82813087,0.02770948,,,,
59433_at,0.82815661,-0.02956262,,,,
233515_at,0.82816052,-0.01529808,,,,
1568012_at,0.82816574,0.01489367,,,,
231964_at,0.82817849,-0.09747957,,,,
205749_at,0.82820945,-0.07129659,,,,
201378_s_at,0.82821069,-0.04196535,,,,
231782_s_at,0.82822373,-0.01165971,,,,
223164_at,0.82822497,-0.02522675,,,,
214114_x_at,0.82823928,0.02190647,,,,
242340_at,0.8282404,0.05007168,,,,
231851_at,0.82824521,0.06069518,,,,
1555065_x_at,0.82825024,-0.01835401,,,,
226771_at,0.82827936,-0.06764444,,,,
218387_s_at,0.82828062,-0.03062808,,,,
240900_at,0.82829431,0.01532535,,,,
230223_at,0.82829612,-0.02468717,,,,
237438_at,0.82832792,0.02073425,,,,
219120_at,0.82835399,-0.02558535,,,,
243250_at,0.82836069,-0.01258553,,,,
226952_at,0.82839631,-0.02584468,,,,
1553536_at,0.82840765,-0.03503604,,,,
234787_at,0.82841834,-0.01422058,,,,
228289_at,0.82845841,0.02612629,,,,
36865_at,0.82846979,0.02600027,,,,
222520_s_at,0.82849052,0.05357357,,,,
236754_at,0.82849295,0.02639571,,,,
202288_at,0.82851219,0.02604537,,,,
216019_x_at,0.82851338,0.01397434,,,,
204558_at,0.82855354,-0.0394838,,,,
1569609_at,0.82862669,-0.00902416,,,,
228491_at,0.82863664,-0.05364179,,,,
222421_at,0.82864029,-0.03481314,,,,
214310_s_at,0.82866032,0.03828369,,,,
222769_at,0.82866242,-0.02280627,,,,
239987_at,0.82867109,-0.01646761,,,,
209352_s_at,0.82874802,-0.02762279,,,,
220127_s_at,0.82876824,0.02217112,,,,
200643_at,0.82882363,-0.03361015,,,,
240559_at,0.82889267,-0.02260462,,,,
222154_s_at,0.82894642,0.04571886,,,,
242368_at,0.82895653,0.014442,,,,
225205_at,0.82898351,0.02407541,,,,
1557139_at,0.82900823,0.01331145,,,,
232004_at,0.8290129,0.04358991,,,,
205007_s_at,0.82902069,-0.03597706,,,,
221342_at,0.82905364,-0.01471849,,,,
1570233_at,0.82910801,-0.00912398,,,,
235504_at,0.82913935,0.05831006,,,,
240861_at,0.82914974,-0.05794733,,,,
1559686_a_at,0.82915233,-0.0137282,,,,
229927_at,0.82916415,0.1042784,,,,
239654_at,0.82916827,0.03694833,,,,
231921_at,0.82917143,-0.02800234,,,,
208688_x_at,0.8292311,-0.03058685,,,,
1569831_at,0.8292688,0.00972029,,,,
213005_s_at,0.82930794,0.05538184,,,,
220264_s_at,0.82931168,-0.01748088,,,,
216593_s_at,0.82932141,0.03958533,,,,
210517_s_at,0.82933062,0.09206684,,,,
233932_at,0.82934454,0.03052809,,,,
234081_at,0.82934494,-0.01393292,,,,
235951_s_at,0.82936068,0.01715874,,,,
1561091_at,0.82937067,0.01380453,,,,
242673_at,0.82937256,0.05906053,,,,
1562621_at,0.82945652,-0.01132053,,,,
242354_at,0.82948519,0.08521117,,,,
220128_s_at,0.82950055,0.04495346,,,,
218718_at,0.82951169,0.06151294,,,,
1561463_at,0.82955457,-0.01428211,,,,
214122_at,0.82965917,0.01711942,,,,
234358_at,0.82967243,-0.00966123,,,,
206871_at,0.8296933,-0.04747529,,,,
238665_at,0.82969744,-0.02267673,,,,
219462_at,0.82970124,-0.04154758,,,,
225642_at,0.82970926,0.02447687,,,,
229523_at,0.82971624,0.09933898,,,,
230342_at,0.8297222,-0.0262901,,,,
231945_at,0.82973457,-0.03917064,,,,
1556378_a_at,0.82976096,0.01128359,,,,
1558494_at,0.82977873,-0.01335603,,,,
242168_at,0.82986016,0.01750432,,,,
240989_at,0.82990584,-0.00977263,,,,
234571_at,0.82993271,-0.00998293,,,,
219939_s_at,0.8299961,-0.01878709,,,,
242444_at,0.83001419,-0.01837672,,,,
208754_s_at,0.8300467,0.04439825,,,,
228424_at,0.83005224,-0.02672538,,,,
200656_s_at,0.83005419,-0.04459012,,,,
202619_s_at,0.83009401,-0.06540793,,,,
232510_s_at,0.83010514,0.03324008,,,,
244005_at,0.8301307,-0.01456059,,,,
216957_at,0.83020093,-0.01331247,,,,
1555108_at,0.83020553,0.01849236,,,,
1563452_at,0.83023172,0.00888707,,,,
205433_at,0.83023192,-0.15369104,,,,
205789_at,0.8302426,-0.0751645,,,,
200737_at,0.83024771,-0.04422796,,,,
243006_at,0.83027496,0.02741495,,,,
206421_s_at,0.83031365,-0.0753326,,,,
232717_at,0.83035429,-0.01302785,,,,
224115_at,0.83039498,0.01325868,,,,
1553169_at,0.83040142,0.04171628,,,,
204669_s_at,0.83044614,-0.05632887,,,,
208593_x_at,0.83045669,0.02967258,,,,
213174_at,0.83047241,0.04993146,,,,
1556996_at,0.8304925,0.01472955,,,,
227809_at,0.83050207,0.0318494,,,,
1553661_a_at,0.83050315,-0.01036002,,,,
244765_at,0.83052228,-0.03651416,,,,
208732_at,0.83052856,0.03258834,,,,
204082_at,0.83055739,0.05730907,,,,
1570078_a_at,0.8305717,0.02582164,,,,
207768_at,0.83066439,0.03797821,,,,
1555898_at,0.83068292,-0.03032825,,,,
229336_at,0.83069694,0.0330783,,,,
1556852_a_at,0.83070129,-0.01731745,,,,
228056_s_at,0.83070383,-0.05822742,,,,
224564_s_at,0.83070676,-0.0273492,,,,
222488_s_at,0.83073646,-0.02605798,,,,
221980_at,0.83078717,-0.02406233,,,,
218273_s_at,0.83079335,-0.05646291,,,,
224988_at,0.83081391,-0.02798167,,,,
217635_s_at,0.83081448,0.03066111,,,,
1562559_at,0.83084429,0.01167172,,,,
232449_at,0.83087002,0.09282934,,,,
216801_at,0.83088852,-0.01779973,,,,
217886_at,0.83089408,-0.03315619,,,,
239407_at,0.83091119,0.01932931,,,,
240456_at,0.83094539,0.04390759,,,,
210680_s_at,0.83094607,0.03953717,,,,
221736_at,0.83094809,-0.02694227,,,,
1553267_a_at,0.83095177,-0.02186382,,,,
228509_at,0.83100302,-0.01813659,,,,
1566984_at,0.83100349,-0.0122172,,,,
1553076_at,0.83102848,0.01019736,,,,
244219_at,0.83103478,0.02981778,,,,
1559206_at,0.83104146,0.00855988,,,,
242938_s_at,0.83104534,0.0445216,,,,
221217_s_at,0.83105332,0.0593213,,,,
221800_s_at,0.83107884,0.03072412,,,,
211865_s_at,0.83108265,-0.02800041,,,,
208480_s_at,0.83114994,-0.04426981,,,,
236116_at,0.83117316,0.02151547,,,,
1558020_at,0.83119411,-0.01566049,,,,
230296_at,0.83120201,-0.03295478,,,,
244872_at,0.83120575,0.03793376,,,,
206448_at,0.83120814,-0.06524131,,,,
243900_at,0.83127087,0.01818491,,,,
238368_at,0.83130511,0.01078454,,,,
211455_at,0.83134407,-0.01569711,,,,
208238_x_at,0.83139393,0.02989089,,,,
216858_x_at,0.83143246,0.0317321,,,,
236597_at,0.83144636,0.0516192,,,,
240558_at,0.83144863,0.02052055,,,,
232397_at,0.83144881,0.04602017,,,,
228760_at,0.83145478,0.02764463,,,,
1563808_at,0.83147628,-0.02141473,,,,
212949_at,0.83148814,-0.05053596,,,,
242577_at,0.83153272,-0.04778953,,,,
235611_at,0.83155794,-0.04879467,,,,
227180_at,0.83156411,-0.09255706,,,,
233711_at,0.83156454,-0.00888601,,,,
218218_at,0.83156751,0.04173626,,,,
238172_at,0.83157086,0.03263402,,,,
207226_at,0.83161637,0.01928829,,,,
209383_at,0.83162168,-0.03557865,,,,
242455_at,0.83167082,0.03248116,,,,
217063_x_at,0.83167154,-0.01058677,,,,
220780_at,0.83167875,0.03012092,,,,
215949_x_at,0.83173876,-0.06903957,,,,
243558_at,0.83173926,-0.021834,,,,
227120_at,0.83174884,0.03697874,,,,
1566576_at,0.83175671,0.01207334,,,,
203339_at,0.83176465,-0.04317383,,,,
225379_at,0.83180402,-0.04245047,,,,
203701_s_at,0.8318166,0.03591418,,,,
214102_at,0.83181752,-0.05163762,,,,
210452_x_at,0.83185001,-0.13150798,,,,
212769_at,0.83186047,0.04076976,,,,
1570584_at,0.83186164,0.00882842,,,,
215269_at,0.83186281,0.03343454,,,,
208794_s_at,0.83188128,-0.03428111,,,,
236627_at,0.83189901,0.02088912,,,,
228667_at,0.8319136,0.04908707,,,,
209224_s_at,0.83191761,0.03536171,,,,
242663_at,0.83193555,-0.03220031,,,,
226722_at,0.83195441,0.06091094,,,,
1558463_s_at,0.83196314,0.01736126,,,,
222188_at,0.83196487,-0.01288074,,,,
217464_at,0.83196884,-0.01455804,,,,
1561864_at,0.83200438,0.00916467,,,,
1569554_at,0.8320131,-0.00796915,,,,
1566798_at,0.83202345,-0.01016257,,,,
221174_at,0.83202626,-0.00922209,,,,
200680_x_at,0.83208313,0.02145265,,,,
204393_s_at,0.832187,-0.08835999,,,,
200991_s_at,0.83220743,0.02895402,,,,
234802_at,0.83222581,-0.01274562,,,,
201697_s_at,0.83222883,-0.03834617,,,,
240214_at,0.83223408,-0.0380591,,,,
1558867_at,0.83226047,0.00803881,,,,
1558950_at,0.83226323,0.01841438,,,,
211295_x_at,0.83227207,-0.14869111,,,,
239819_at,0.83229974,-0.02046272,,,,
213142_x_at,0.83231894,0.06062768,,,,
234700_s_at,0.83235104,-0.07762712,,,,
223997_at,0.83239348,-0.02103871,,,,
211006_s_at,0.83239916,-0.04958996,,,,
234443_at,0.83241309,0.01268289,,,,
229153_at,0.83242595,0.03023171,,,,
237880_at,0.83244853,-0.01092985,,,,
1564426_x_at,0.8324517,-0.01671244,,,,
229873_at,0.83246024,0.03820047,,,,
234974_at,0.83246707,-0.05349543,,,,
213670_x_at,0.83247906,-0.03847599,,,,
240749_at,0.83248695,-0.00926007,,,,
212023_s_at,0.83256122,-0.0534046,,,,
234356_at,0.83258812,0.01353388,,,,
1553772_at,0.83262442,-0.01342472,,,,
1570163_at,0.83263611,-0.0139924,,,,
205432_at,0.83264596,-0.03940529,,,,
234489_at,0.83271265,0.01234646,,,,
1560750_at,0.83281209,-0.01507776,,,,
200036_s_at,0.83283582,0.02231659,,,,
202719_s_at,0.83283971,0.06259617,,,,
214990_at,0.83287417,0.01537776,,,,
238698_at,0.83295287,0.01370895,,,,
228068_at,0.83298576,-0.04302062,,,,
242391_at,0.83304293,-0.05750057,,,,
238901_at,0.83309878,-0.01418189,,,,
222976_s_at,0.83319403,-0.02437038,,,,
213852_at,0.83319506,0.02979584,,,,
223234_at,0.8332032,-0.04103704,,,,
40446_at,0.83321089,0.02170652,,,,
218686_s_at,0.83321161,-0.03887315,,,,
224671_at,0.8332496,-0.02281639,,,,
217172_at,0.83329128,-0.01469476,,,,
230838_s_at,0.83334746,0.01127474,,,,
223530_at,0.83337114,0.06153479,,,,
202324_s_at,0.83341971,-0.0280778,,,,
220314_at,0.83343597,-0.01735764,,,,
239277_at,0.83344912,0.03470346,,,,
220211_at,0.83344925,0.01331741,,,,
231559_at,0.83345681,-0.07109392,,,,
233225_at,0.83346947,-0.02169572,,,,
243100_at,0.83347053,-0.01284647,,,,
1552508_at,0.83347249,-0.05451717,,,,
212448_at,0.83351657,-0.05462893,,,,
1556078_at,0.8335362,-0.05285468,,,,
241440_at,0.83355498,0.02840543,,,,
222170_at,0.83358838,0.02359507,,,,
223438_s_at,0.83360769,-0.05822815,,,,
211636_at,0.83362371,-0.01233143,,,,
213344_s_at,0.83365437,-0.04122358,,,,
219681_s_at,0.83365788,-0.0823631,,,,
201985_at,0.83366292,-0.03520337,,,,
221108_at,0.83370454,0.01329034,,,,
218935_at,0.83371159,-0.04860245,,,,
213649_at,0.83376165,-0.0466058,,,,
238933_at,0.83378199,-0.03609308,,,,
231508_s_at,0.83379729,-0.02621527,,,,
220863_at,0.83382383,-0.01207741,,,,
235305_s_at,0.83392566,0.04230814,,,,
1556650_at,0.83392695,0.02117329,,,,
235895_at,0.83394806,0.01622455,,,,
231874_at,0.83396645,-0.0362874,,,,
205035_at,0.8339962,0.01994559,,,,
201256_at,0.83400888,-0.01465454,,,,
240958_at,0.83401826,-0.01141452,,,,
235558_at,0.83403308,-0.0218162,,,,
206690_at,0.83404814,0.02125838,,,,
232088_x_at,0.8340486,0.05448368,,,,
203129_s_at,0.83406265,-0.07065787,,,,
233202_at,0.83409112,-0.01019255,,,,
236397_at,0.8341155,0.01560778,,,,
202195_s_at,0.83411755,0.04012656,,,,
242096_at,0.83412971,0.03215394,,,,
218596_at,0.83413056,0.02237711,,,,
232001_at,0.83416151,0.06098197,,,,
214475_x_at,0.83421335,-0.09026787,,,,
231864_at,0.83422108,0.03474912,,,,
223063_at,0.83423668,-0.03860091,,,,
1565807_at,0.83424875,-0.01272213,,,,
1554016_a_at,0.83432378,-0.02938953,,,,
221852_at,0.83433595,-0.0155872,,,,
236805_at,0.83434552,-0.01372326,,,,
1552618_at,0.83440842,-0.03800958,,,,
228352_at,0.83442158,-0.03111141,,,,
203542_s_at,0.8344336,-0.05766194,,,,
230994_at,0.83444614,0.02170747,,,,
208467_at,0.83444947,0.0205086,,,,
1557338_x_at,0.83445714,0.02492397,,,,
237971_at,0.83446155,-0.01350247,,,,
225509_at,0.83447062,-0.02806044,,,,
220783_at,0.8344734,-0.04037677,,,,
1560716_at,0.83451547,-0.01169892,,,,
204640_s_at,0.83458315,-0.02463855,,,,
209047_at,0.83461458,0.09691175,,,,
1561540_at,0.83465527,-0.00957538,,,,
208192_at,0.8346621,-0.00997518,,,,
1561332_at,0.83469092,-0.01698437,,,,
1554786_at,0.83470589,0.01092361,,,,
229437_at,0.83473735,0.06598469,,,,
231610_at,0.83474666,-0.03046003,,,,
214394_x_at,0.83478433,0.01756865,,,,
240812_at,0.83481172,-0.01084144,,,,
1562387_at,0.83481463,-0.01654038,,,,
213593_s_at,0.83483325,0.06132705,,,,
225994_at,0.83484969,-0.03008256,,,,
236468_at,0.83486914,-0.01732856,,,,
1554003_at,0.83487882,0.04163192,,,,
207751_at,0.83488342,0.01140795,,,,
37943_at,0.83490817,-0.03000705,,,,
1566166_at,0.83491409,0.01993179,,,,
217126_at,0.8349829,0.01033141,,,,
243861_at,0.83498704,-0.03622344,,,,
206621_s_at,0.83500436,0.01935719,,,,
213440_at,0.83501554,-0.02111007,,,,
212691_at,0.83501916,-0.02184153,,,,
1563027_at,0.83504472,0.01783483,,,,
208733_at,0.83504508,-0.0498321,,,,
231081_at,0.83506971,-0.01222701,,,,
1555958_at,0.8350705,0.03496205,,,,
212258_s_at,0.83507613,0.01750378,,,,
215057_at,0.83508887,-0.02202416,,,,
213941_x_at,0.83509421,-0.01580124,,,,
1566462_at,0.83509607,0.00953076,,,,
237580_at,0.83512202,0.00932272,,,,
243009_at,0.83514253,0.04486153,,,,
215179_x_at,0.83515078,-0.02813108,,,,
218278_at,0.83522318,0.0205299,,,,
217674_at,0.83522473,0.00895862,,,,
208447_s_at,0.83525495,-0.03386071,,,,
228395_at,0.83539083,-0.03753001,,,,
224467_s_at,0.83539139,0.03793563,,,,
202374_s_at,0.83540605,0.02249596,,,,
225114_at,0.83548249,0.0494832,,,,
1562316_at,0.83553374,0.01636686,,,,
223474_at,0.8355426,0.03277812,,,,
244592_at,0.83554983,-0.01709111,,,,
211378_x_at,0.83560354,0.01467281,,,,
241437_s_at,0.83566724,0.01976877,,,,
208064_s_at,0.83568116,0.01299755,,,,
231912_s_at,0.83570874,-0.0320248,,,,
243607_at,0.8357359,0.01292109,,,,
1558440_at,0.83575222,0.01009619,,,,
213853_at,0.83577378,-0.02741418,,,,
225245_x_at,0.83586522,0.05029358,,,,
217223_s_at,0.8358989,-0.0376909,,,,
221849_s_at,0.83591153,-0.02830996,,,,
233946_at,0.83591888,0.01850472,,,,
232671_at,0.83594298,-0.01393994,,,,
225332_at,0.83594513,-0.03064455,,,,
238152_at,0.83596733,-0.01724618,,,,
230174_at,0.8359748,0.05119632,,,,
236206_at,0.83600076,0.01165657,,,,
241887_at,0.83601634,0.03194306,,,,
237970_at,0.83602082,0.01087224,,,,
232724_at,0.83604197,-0.03175592,,,,
244572_at,0.8360588,0.03472074,,,,
229251_s_at,0.83609278,0.03509761,,,,
205027_s_at,0.83610922,0.05475713,,,,
215995_x_at,0.83611708,0.01387038,,,,
1565637_at,0.83616964,0.00921049,,,,
1560271_at,0.83618856,0.03779468,,,,
209988_s_at,0.83620981,-0.08253713,,,,
234393_at,0.83623739,-0.02474422,,,,
204801_s_at,0.83626347,-0.01341409,,,,
214429_at,0.8362832,0.02605242,,,,
236760_at,0.83628425,0.03703215,,,,
237755_s_at,0.83630899,0.01142076,,,,
243994_at,0.8363208,-0.01144758,,,,
219033_at,0.83632601,-0.04789758,,,,
224349_at,0.83632999,0.01006275,,,,
225655_at,0.83635606,-0.067184,,,,
226876_at,0.83636771,-0.06257155,,,,
243093_at,0.83639238,-0.03474527,,,,
239480_at,0.83640502,-0.01067489,,,,
206203_at,0.83642162,-0.0153387,,,,
229371_at,0.8364266,0.04432327,,,,
233413_at,0.83644021,0.04802293,,,,
210287_s_at,0.83645083,0.03098117,,,,
225585_at,0.83646869,-0.03312085,,,,
227480_at,0.83647522,-0.06532526,,,,
227897_at,0.83649536,-0.04708853,,,,
203883_s_at,0.83651074,-0.03280536,,,,
226423_at,0.83652836,-0.06663836,,,,
201391_at,0.83652884,-0.03568016,,,,
210242_x_at,0.8365624,0.0234374,,,,
231630_at,0.83663514,0.00919531,,,,
222402_at,0.83663995,0.04105868,,,,
242528_at,0.83667195,0.0215304,,,,
1563166_at,0.83671838,0.01599584,,,,
217968_at,0.83672714,0.02446079,,,,
216720_at,0.83673228,-0.01399289,,,,
210126_at,0.83676087,-0.01558019,,,,
221995_s_at,0.83678916,0.03689452,,,,
201237_at,0.83680509,0.02680215,,,,
227118_s_at,0.83681717,-0.03392873,,,,
238399_x_at,0.83682915,0.00839696,,,,
223275_at,0.83686172,0.05677692,,,,
205279_s_at,0.83687447,0.0397883,,,,
1561250_at,0.83688631,0.01073839,,,,
1566145_s_at,0.83690789,-0.01765712,,,,
208212_s_at,0.8369612,-0.02546749,,,,
212120_at,0.83699793,0.0428586,,,,
38710_at,0.83705956,-0.02370507,,,,
1555277_a_at,0.83706174,-0.01251159,,,,
204173_at,0.83708914,0.04488516,,,,
1559429_a_at,0.83711294,-0.01874659,,,,
1560290_at,0.83714824,-0.01964491,,,,
218069_at,0.83715413,-0.03566601,,,,
1552914_a_at,0.83719913,0.03824198,,,,
204706_at,0.83724058,0.03002763,,,,
200963_x_at,0.83729349,0.01642519,,,,
233190_at,0.83732775,-0.01273802,,,,
206178_at,0.83733257,0.03386507,,,,
229377_at,0.83735188,-0.10240941,,,,
224990_at,0.83736928,0.05376606,,,,
223360_at,0.8374357,0.04944889,,,,
220655_at,0.83748365,-0.03238764,,,,
212090_at,0.8375234,-0.04740627,,,,
221133_s_at,0.83759244,-0.10478751,,,,
238133_at,0.83763046,-0.05356227,,,,
204683_at,0.8376364,0.04216885,,,,
213244_at,0.83765363,0.02924809,,,,
241823_at,0.83766279,0.02364073,,,,
207869_s_at,0.8376759,-0.01398124,,,,
211370_s_at,0.8377451,-0.02459872,,,,
232112_at,0.83774894,0.04486567,,,,
200865_at,0.83777075,0.01156343,,,,
207832_at,0.83777351,0.01869093,,,,
202246_s_at,0.83777594,0.0324719,,,,
225179_at,0.83779056,0.02777797,,,,
214439_x_at,0.83781002,-0.0445725,,,,
1554481_a_at,0.837814,0.0243216,,,,
241479_at,0.83783849,0.00822801,,,,
218291_at,0.83785227,-0.03615909,,,,
1556786_at,0.83794644,0.01192171,,,,
201736_s_at,0.83796395,-0.03341963,,,,
214423_x_at,0.83799504,0.06267115,,,,
223672_at,0.8380461,0.05644646,,,,
1559350_at,0.8380704,-0.01126964,,,,
1556464_a_at,0.8380903,0.02333523,,,,
1567011_at,0.83811746,0.01059861,,,,
242172_at,0.83812031,0.03004139,,,,
1560838_at,0.83815036,0.009925,,,,
243357_at,0.83815252,0.06025057,,,,
208873_s_at,0.83816141,0.03276313,,,,
1561290_at,0.83820947,0.00805984,,,,
213550_s_at,0.83822672,-0.04533699,,,,
224585_x_at,0.83823829,-0.01141601,,,,
226351_at,0.83824621,-0.02696541,,,,
1565729_at,0.83825173,0.01272627,,,,
241961_at,0.83828595,0.02388707,,,,
1556420_s_at,0.83828692,-0.02327824,,,,
236716_at,0.83829355,0.01280477,,,,
244387_at,0.83834777,-0.04189506,,,,
238687_x_at,0.8383609,-0.03692204,,,,
243597_at,0.83837468,-0.01746592,,,,
201063_at,0.83839505,-0.03047486,,,,
236348_at,0.83840325,0.02126621,,,,
208954_s_at,0.83840471,-0.03319078,,,,
211740_at,0.83841005,0.01975448,,,,
227714_s_at,0.83843376,-0.01228884,,,,
243599_at,0.83848649,-0.0226979,,,,
227787_s_at,0.83861244,0.04190226,,,,
202154_x_at,0.83865555,-0.03037042,,,,
236573_at,0.83865884,-0.05054353,,,,
203274_at,0.83866271,-0.03067607,,,,
234432_at,0.83871087,-0.00660997,,,,
230471_at,0.83872512,0.01314027,,,,
1568850_at,0.83873125,0.0147217,,,,
214100_x_at,0.83877813,-0.03250726,,,,
212278_x_at,0.83878652,0.02466563,,,,
219615_s_at,0.8388387,-0.07216361,,,,
1553492_a_at,0.83886281,0.02775341,,,,
213706_at,0.8388833,0.0616679,,,,
213226_at,0.83889167,-0.05883887,,,,
230465_at,0.83890679,0.04696069,,,,
1559186_at,0.83893304,-0.01450927,,,,
221231_s_at,0.8389382,0.01793274,,,,
221568_s_at,0.83894481,-0.01937729,,,,
1559606_at,0.83897722,0.04246539,,,,
224509_s_at,0.83899325,-0.03329038,,,,
219378_at,0.83900803,0.03285803,,,,
1559544_s_at,0.83903408,-0.01592069,,,,
205629_s_at,0.839065,-0.01483807,,,,
201569_s_at,0.83908867,-0.02265674,,,,
1557862_at,0.83915344,0.01065958,,,,
1560981_a_at,0.83918962,-0.02093818,,,,
200693_at,0.83920166,-0.02401283,,,,
238501_at,0.83922407,-0.06372959,,,,
230952_at,0.83923216,-0.02239163,,,,
220595_at,0.83925249,0.08487288,,,,
1552938_at,0.83925819,-0.0139171,,,,
236582_at,0.83926698,-0.01978084,,,,
212960_at,0.83930231,-0.05404667,,,,
207865_s_at,0.83931665,0.01600372,,,,
233955_x_at,0.83937243,0.06456255,,,,
222789_at,0.83940647,-0.02639028,,,,
219252_s_at,0.83946362,-0.03327767,,,,
202060_at,0.83952861,0.02592433,,,,
226061_s_at,0.83954619,-0.02450414,,,,
211547_s_at,0.83955648,-0.03780217,,,,
227898_s_at,0.83956978,0.02539522,,,,
232957_x_at,0.83957282,0.01397911,,,,
200612_s_at,0.8396359,-0.02836202,,,,
233392_at,0.83964611,0.01266363,,,,
220555_s_at,0.83966108,-0.01457237,,,,
223732_at,0.83967229,0.08632988,,,,
241740_at,0.83975979,0.00928024,,,,
223918_at,0.83978674,-0.01958189,,,,
225415_at,0.83978909,-0.04076885,,,,
200853_at,0.83979882,0.02836088,,,,
60794_f_at,0.83980089,-0.03063308,,,,
237771_s_at,0.83982607,0.02204095,,,,
206503_x_at,0.83982833,-0.0301433,,,,
236738_at,0.83982942,-0.0722323,,,,
222393_s_at,0.83983106,0.03962378,,,,
1554479_a_at,0.83985097,0.03995678,,,,
218220_at,0.83985458,0.02980668,,,,
1552993_at,0.83989362,0.00847367,,,,
221684_s_at,0.83990596,0.01342058,,,,
1557915_s_at,0.83991075,-0.03810806,,,,
231099_at,0.83993262,-0.01600497,,,,
215209_at,0.83994021,0.02816238,,,,
1554504_at,0.83994839,0.00943927,,,,
208634_s_at,0.83996092,-0.0388009,,,,
1560526_at,0.84000045,0.01183168,,,,
1559821_at,0.8400677,0.0126884,,,,
220905_at,0.84007526,-0.02334259,,,,
220667_at,0.84008162,-0.0114011,,,,
1552482_at,0.84010295,-0.02338841,,,,
1557197_a_at,0.84013721,-0.01976622,,,,
233412_x_at,0.84015486,0.01793905,,,,
226256_at,0.8401917,-0.013351,,,,
1553218_a_at,0.84020268,-0.03196327,,,,
1562610_at,0.84022022,-0.03089653,,,,
229425_at,0.84023535,-0.0377664,,,,
224518_s_at,0.84023962,0.03986496,,,,
236901_at,0.84024078,0.06720715,,,,
235161_at,0.84024799,-0.01549411,,,,
236459_at,0.84026002,-0.01993426,,,,
227756_at,0.84026222,-0.03092356,,,,
204532_x_at,0.84026606,-0.13084212,,,,
1555336_a_at,0.84028212,0.02399642,,,,
202474_s_at,0.84031564,0.0173233,,,,
236725_at,0.84031959,0.04066285,,,,
216586_at,0.84032504,0.01279351,,,,
237612_at,0.84033313,-0.01735483,,,,
226838_at,0.84035368,0.044518,,,,
201921_at,0.84038504,0.02723465,,,,
1559477_s_at,0.84039685,-0.06239656,,,,
242059_at,0.84041179,-0.04371884,,,,
203595_s_at,0.84042909,0.040207,,,,
209582_s_at,0.84042972,-0.07280856,,,,
1559668_s_at,0.84043015,-0.01368279,,,,
239653_at,0.84045798,0.04346309,,,,
220482_s_at,0.84045884,0.02292465,,,,
228824_s_at,0.84047819,-0.0847699,,,,
233157_x_at,0.84050373,0.02912836,,,,
230850_at,0.84051001,-0.03558033,,,,
1570592_a_at,0.84053656,-0.0103806,,,,
213789_at,0.84054132,0.04603342,,,,
238955_at,0.84056175,0.02024907,,,,
237641_at,0.84056637,0.01492583,,,,
234276_at,0.84061854,0.02561836,,,,
1560175_at,0.84063839,0.01184204,,,,
216000_at,0.8406606,-0.01891296,,,,
242309_at,0.84066275,0.01641364,,,,
208765_s_at,0.8406845,0.02299528,,,,
1555841_at,0.8406886,0.03825999,,,,
240860_at,0.84076114,0.01453107,,,,
235152_at,0.84077036,0.04810035,,,,
205306_x_at,0.84079908,0.10168941,,,,
227577_at,0.8408448,0.03044185,,,,
229087_s_at,0.84084697,-0.01229946,,,,
242888_at,0.84084789,-0.04430044,,,,
207656_s_at,0.84085945,-0.013836,,,,
222456_s_at,0.84086721,0.06631035,,,,
212863_x_at,0.8408741,-0.01935873,,,,
1569722_s_at,0.84088819,0.0099397,,,,
220856_x_at,0.84088965,-0.01527871,,,,
224051_at,0.8409308,0.01197678,,,,
229807_s_at,0.8409425,-0.01663412,,,,
1563203_at,0.84097331,0.01032834,,,,
216308_x_at,0.84101013,0.04893373,,,,
240366_at,0.84108649,-0.09644438,,,,
238113_at,0.8410865,0.04277783,,,,
202501_at,0.84108856,0.03212566,,,,
227881_s_at,0.84109326,-0.02030028,,,,
214790_at,0.84111594,-0.03877478,,,,
229854_at,0.84113795,0.03253774,,,,
230383_x_at,0.84114907,0.04980101,,,,
226209_at,0.8411748,0.02897384,,,,
229733_s_at,0.8411797,0.04455908,,,,
212860_at,0.84123989,0.01853293,,,,
37802_r_at,0.84124862,0.02301965,,,,
219773_at,0.84126274,0.07677943,,,,
232305_at,0.84127529,-0.02443946,,,,
240959_at,0.84132208,-0.00813157,,,,
1558451_at,0.84133056,-0.0117166,,,,
45297_at,0.84137303,-0.05366143,,,,
220803_at,0.84139306,-0.01370339,,,,
242205_at,0.84144361,-0.01991053,,,,
236564_at,0.84144931,-0.01989176,,,,
202726_at,0.84145965,-0.03224759,,,,
208508_s_at,0.84147778,-0.00818409,,,,
240790_at,0.84153041,-0.01258489,,,,
1555315_a_at,0.84153961,0.01840612,,,,
242948_x_at,0.84155762,0.00955191,,,,
204587_at,0.84158031,0.02521636,,,,
206024_at,0.84161665,0.17976398,,,,
212168_at,0.84162566,0.02425221,,,,
209655_s_at,0.84163328,0.06113118,,,,
209321_s_at,0.84163564,-0.0483063,,,,
214157_at,0.84163776,0.09004826,,,,
209937_at,0.84164102,-0.19970689,,,,
200030_s_at,0.84164379,0.01651619,,,,
215216_at,0.84167245,0.01223549,,,,
232882_at,0.84172618,0.03640114,,,,
242996_at,0.84174865,0.05257628,,,,
238574_at,0.84177071,-0.02876251,,,,
240464_at,0.84178215,-0.01525219,,,,
1569251_a_at,0.84178893,0.01652188,,,,
244274_at,0.84179047,-0.01140159,,,,
208531_at,0.84181676,0.01264206,,,,
216525_x_at,0.84182808,0.02456028,,,,
234341_x_at,0.84183444,-0.01574788,,,,
230568_x_at,0.84183855,0.01236817,,,,
203755_at,0.84185071,0.05388853,,,,
1556328_at,0.84186168,-0.02291588,,,,
236974_at,0.84188289,0.02577031,,,,
208893_s_at,0.84191327,0.04689572,,,,
231927_at,0.84194128,0.03079854,,,,
220885_s_at,0.84196583,0.03218498,,,,
237902_at,0.84200758,0.01012687,,,,
225664_at,0.84204672,0.10226546,,,,
222841_s_at,0.84205934,-0.04221148,,,,
224855_at,0.84206159,0.02862728,,,,
221193_s_at,0.84206456,-0.034776,,,,
211191_at,0.84210527,0.01172885,,,,
242834_at,0.84211331,0.01706279,,,,
1560082_at,0.84212628,0.01700719,,,,
232647_at,0.84214262,0.01474782,,,,
228376_at,0.84214908,-0.07293948,,,,
1552277_a_at,0.84218738,-0.03610211,,,,
226665_at,0.84221645,0.06308178,,,,
225905_s_at,0.84223497,-0.02199688,,,,
209240_at,0.84224624,0.03779024,,,,
1566839_at,0.84224686,0.01890806,,,,
59644_at,0.84225512,0.04216434,,,,
210182_at,0.84228164,0.0180032,,,,
211486_s_at,0.84228392,0.01620404,,,,
244100_at,0.84229494,0.01265925,,,,
229676_at,0.84230519,0.03751901,,,,
237450_at,0.84233182,-0.03968238,,,,
206073_at,0.84244443,0.01692051,,,,
243378_at,0.84248015,-0.03497169,,,,
228006_at,0.84248059,-0.03545726,,,,
217801_at,0.84249196,0.02052281,,,,
1556659_at,0.84250842,0.01805969,,,,
1553188_s_at,0.8425358,-0.01628298,,,,
1555844_s_at,0.8425808,0.02001679,,,,
219031_s_at,0.84259026,0.03533685,,,,
1554142_at,0.84262129,0.00938404,,,,
226852_at,0.84263081,0.02528199,,,,
215559_at,0.84265618,0.11204587,,,,
1563512_at,0.84270359,-0.01279062,,,,
1552499_a_at,0.842712,-0.01492624,,,,
216613_at,0.84273415,-0.00815971,,,,
208176_at,0.84274504,0.01499393,,,,
1561274_at,0.842762,-0.01251764,,,,
1568600_at,0.84276329,0.05172938,,,,
214928_at,0.84277889,-0.01578222,,,,
240987_at,0.8427923,0.01026027,,,,
226241_s_at,0.84285504,0.02531785,,,,
238976_at,0.84286834,0.0138194,,,,
203959_s_at,0.84288691,-0.01607381,,,,
204305_at,0.84291339,0.03084801,,,,
215695_s_at,0.8429136,0.06214978,,,,
202392_s_at,0.84293775,0.04048432,,,,
207609_s_at,0.84298077,0.09573458,,,,
202813_at,0.84302955,0.04183508,,,,
234359_at,0.84303593,-0.01970835,,,,
232838_at,0.84306033,-0.01572816,,,,
204076_at,0.84310048,-0.03558209,,,,
211554_s_at,0.84313145,-0.0240466,,,,
1569132_s_at,0.84315413,0.01429225,,,,
220854_at,0.84319161,0.01089497,,,,
210332_at,0.84319592,0.01453417,,,,
1554424_at,0.84329312,0.03824828,,,,
240672_at,0.8432968,-0.01532393,,,,
234012_at,0.8433157,-0.01700031,,,,
243338_at,0.84332146,0.03867669,,,,
209276_s_at,0.84334621,0.04943004,,,,
1558826_at,0.84335979,-0.01077573,,,,
224962_at,0.84338089,-0.02092259,,,,
239909_at,0.84341911,0.02312036,,,,
206145_at,0.84342204,-0.00964053,,,,
227113_at,0.84344906,0.04164453,,,,
238710_at,0.8434507,0.03476133,,,,
210118_s_at,0.84347888,-0.06195288,,,,
241498_at,0.84350064,0.0260404,,,,
206356_s_at,0.84350465,-0.03402285,,,,
242277_at,0.84352945,0.04489545,,,,
232867_at,0.84354214,0.01615897,,,,
229464_at,0.84356408,0.08091788,,,,
202463_s_at,0.84364724,0.01654094,,,,
218562_s_at,0.84367254,0.03141808,,,,
216112_at,0.84367577,-0.01340767,,,,
203061_s_at,0.84368059,-0.02710388,,,,
207047_s_at,0.84368077,-0.0128117,,,,
234009_at,0.84369108,-0.01017352,,,,
1567387_at,0.84369323,0.01145898,,,,
229243_at,0.84372046,-0.03212786,,,,
221052_at,0.84372562,0.02760897,,,,
1560250_s_at,0.84373723,0.03261186,,,,
221417_x_at,0.84374157,0.01922368,,,,
208332_at,0.84374686,-0.01243866,,,,
225786_at,0.84374991,0.0827495,,,,
AFFX-r2-Bs-phe-3_at,0.84385951,0.05366741,,,,
1566760_at,0.84391178,-0.01293091,,,,
240896_at,0.84396191,0.01049833,,,,
AFFX-HUMISGF3A/M97935_MB_at,0.84396649,-0.05017396,,,,
240964_at,0.84397528,0.02544946,,,,
215249_at,0.84398715,-0.01039663,,,,
216622_at,0.84398795,-0.01028624,,,,
220190_s_at,0.84401639,0.01761727,,,,
228358_at,0.84402536,-0.0170929,,,,
1566896_at,0.84402677,0.00985969,,,,
229673_at,0.84404115,-0.02366148,,,,
208019_at,0.84406244,0.00892643,,,,
208798_x_at,0.84411401,-0.08206792,,,,
205140_at,0.84411532,-0.03083654,,,,
235439_at,0.84413347,-0.03465898,,,,
228082_at,0.84415674,-0.05959811,,,,
201361_at,0.84415723,-0.02312502,,,,
216625_at,0.84417017,-0.00829849,,,,
1566498_at,0.84418976,0.01594713,,,,
1556462_a_at,0.84420521,0.01588182,,,,
1565107_x_at,0.84424059,0.01010303,,,,
225569_at,0.84430785,0.03683754,,,,
202920_at,0.84430871,0.10698485,,,,
229580_at,0.84433064,0.083316,,,,
203481_at,0.84437764,0.03053271,,,,
233608_at,0.84444824,0.01794338,,,,
241545_x_at,0.84449646,-0.01112152,,,,
237196_at,0.84450907,-0.01123499,,,,
1556039_s_at,0.84451254,0.02582396,,,,
222780_s_at,0.84452052,-0.03743347,,,,
215091_s_at,0.84456006,-0.03053468,,,,
206514_s_at,0.84468968,-0.11421379,,,,
236080_at,0.84469875,0.02226704,,,,
228528_at,0.84471587,-0.07759963,,,,
202002_at,0.84472165,0.02424198,,,,
208035_at,0.84474167,0.01355191,,,,
236304_at,0.84475817,0.04593983,,,,
212050_at,0.84476187,0.02531491,,,,
243954_at,0.84479282,0.0131383,,,,
1560657_at,0.84480875,-0.00909457,,,,
225208_s_at,0.84485148,0.02655651,,,,
206226_at,0.84485322,0.2274089,,,,
233697_at,0.84488328,0.00993477,,,,
242121_at,0.84488943,-0.05545329,,,,
243660_at,0.84489578,0.00950203,,,,
209520_s_at,0.84489876,0.03543399,,,,
209711_at,0.84492378,0.05887247,,,,
1569573_at,0.84494776,-0.00927122,,,,
235352_at,0.8449496,-0.0590149,,,,
222563_s_at,0.84495576,-0.03148201,,,,
1558387_at,0.84496605,-0.00863725,,,,
214925_s_at,0.84498355,0.03461094,,,,
235580_at,0.84499636,0.03134576,,,,
1555497_a_at,0.8450507,0.03369185,,,,
241988_x_at,0.84506322,-0.01637671,,,,
237399_at,0.84508692,0.01141741,,,,
223488_s_at,0.84517821,0.04862781,,,,
235519_at,0.84517858,0.0124904,,,,
223404_s_at,0.84523553,0.03156454,,,,
217835_x_at,0.84528578,-0.02874154,,,,
1553869_at,0.84529659,0.01120094,,,,
235787_at,0.84534019,-0.02912277,,,,
229203_at,0.84536675,-0.01666999,,,,
202753_at,0.84539911,0.02127525,,,,
235433_at,0.8454086,0.03166153,,,,
208289_s_at,0.84546138,0.02657395,,,,
242704_at,0.84548542,-0.0109807,,,,
208301_at,0.845508,0.01331356,,,,
220002_at,0.84552895,-0.03375772,,,,
213273_at,0.84554536,0.06205286,,,,
203065_s_at,0.84555024,0.0842384,,,,
206790_s_at,0.84556596,0.02172288,,,,
203753_at,0.84560042,0.07090168,,,,
244840_x_at,0.8456005,0.03691992,,,,
216375_s_at,0.84562017,0.0259769,,,,
209425_at,0.84562694,-0.07602086,,,,
239456_at,0.84564193,0.01100541,,,,
38269_at,0.84565607,0.02120495,,,,
219135_s_at,0.84573034,-0.03703578,,,,
235457_at,0.84573294,-0.05957052,,,,
210576_at,0.84573602,-0.03689247,,,,
207194_s_at,0.84576319,-0.04343698,,,,
201700_at,0.84576393,-0.03735443,,,,
1553627_s_at,0.8458435,-0.01910136,,,,
212391_x_at,0.84585318,-0.00872455,,,,
1557998_at,0.8458547,0.03722056,,,,
241153_at,0.84588239,0.01226708,,,,
208352_x_at,0.84589622,-0.02612512,,,,
229566_at,0.84591003,-0.07349717,,,,
211083_s_at,0.84592875,-0.02180692,,,,
225589_at,0.84593599,-0.04680479,,,,
223472_at,0.84593923,-0.0287709,,,,
241720_at,0.84594185,-0.03553111,,,,
212209_at,0.84595109,0.03461631,,,,
228565_at,0.84595589,-0.07616243,,,,
242719_at,0.84596058,-0.02214321,,,,
216751_at,0.84597268,0.01398225,,,,
1556183_at,0.84606071,-0.03171906,,,,
1556736_at,0.84607939,0.0177864,,,,
233124_s_at,0.84608181,0.03215645,,,,
1556905_at,0.84608902,0.01255228,,,,
239049_at,0.84610471,0.03821961,,,,
213743_at,0.84612073,0.03230798,,,,
235985_at,0.84616864,-0.04013325,,,,
233443_at,0.84618862,-0.02231376,,,,
226626_at,0.84626543,0.03313831,,,,
1552522_at,0.84627819,0.01456285,,,,
215911_x_at,0.84627941,0.00871955,,,,
220989_s_at,0.84631116,0.01730902,,,,
1559406_at,0.8463367,0.01651433,,,,
242850_at,0.84634467,0.01557984,,,,
1565802_at,0.84635055,-0.01253865,,,,
222135_at,0.84638101,0.01118721,,,,
201017_at,0.8463895,-0.03141548,,,,
204606_at,0.84640722,0.07716431,,,,
208766_s_at,0.8464749,0.01671643,,,,
218223_s_at,0.84656024,-0.0496928,,,,
212102_s_at,0.84659066,0.03135055,,,,
37226_at,0.84663721,0.02779226,,,,
1554702_at,0.84665811,-0.01332052,,,,
226437_at,0.84668568,0.03097884,,,,
229436_x_at,0.84670282,0.02962919,,,,
236046_at,0.84670921,-0.05778302,,,,
1559433_at,0.84671968,-0.0705813,,,,
237204_at,0.84672595,-0.01693912,,,,
1567663_at,0.8467507,0.00870469,,,,
236512_at,0.84675706,0.01419292,,,,
1560430_at,0.84677777,0.01441773,,,,
207444_at,0.84681075,-0.01445331,,,,
243057_at,0.84681515,0.01006782,,,,
1554322_a_at,0.84682421,0.01486881,,,,
224955_at,0.84688755,0.03097767,,,,
243502_at,0.84691797,0.04081023,,,,
1556695_a_at,0.84691959,-0.03505752,,,,
1557830_at,0.84694992,0.01760642,,,,
204106_at,0.84695373,-0.01656551,,,,
202383_at,0.84697171,-0.02045467,,,,
219334_s_at,0.84698621,0.04420817,,,,
218428_s_at,0.84704752,0.02659276,,,,
212957_s_at,0.84709999,-0.03967616,,,,
229503_at,0.84710542,0.01157223,,,,
215358_x_at,0.84711874,0.03746981,,,,
215082_at,0.84712434,-0.02903594,,,,
206347_at,0.84714049,-0.02657125,,,,
223034_s_at,0.84715482,-0.01717061,,,,
231867_at,0.84722453,-0.10317689,,,,
206840_at,0.84723353,0.16032843,,,,
227557_at,0.84723744,0.02631544,,,,
202767_at,0.84725302,-0.03290467,,,,
223031_s_at,0.84727851,0.02202162,,,,
222058_at,0.84731739,-0.01652112,,,,
229442_at,0.84732503,0.05202729,,,,
218969_at,0.84732831,-0.02748083,,,,
204707_s_at,0.84733765,-0.01288638,,,,
1553538_s_at,0.84734204,-0.01527086,,,,
221553_at,0.84736742,0.0359089,,,,
208070_s_at,0.84737178,0.03977,,,,
219823_at,0.84737452,0.02673821,,,,
222647_at,0.84738995,0.03548444,,,,
1562544_at,0.84740613,-0.02153708,,,,
1558301_a_at,0.84741066,-0.01140373,,,,
242247_at,0.84744904,0.02494897,,,,
216227_at,0.847463,0.01026899,,,,
210109_at,0.84747079,-0.01977023,,,,
207620_s_at,0.847473,-0.04681219,,,,
203092_at,0.84747662,0.02486593,,,,
216020_at,0.84749304,-0.01759188,,,,
235723_at,0.84751355,-0.07598804,,,,
1570268_at,0.84751968,-0.00807661,,,,
234093_at,0.84753251,-0.0138719,,,,
244531_at,0.8475541,0.03260017,,,,
204234_s_at,0.84759129,-0.03721761,,,,
227149_at,0.84762296,-0.03071829,,,,
206052_s_at,0.84768142,-0.02679391,,,,
239001_at,0.84768311,-0.03998252,,,,
1556941_a_at,0.84768811,0.01995646,,,,
209822_s_at,0.84769067,-0.07509573,,,,
201479_at,0.84769791,0.03585381,,,,
1558411_at,0.84771424,-0.00803064,,,,
205130_at,0.84771484,-0.0406307,,,,
209222_s_at,0.84775994,0.02966274,,,,
212095_s_at,0.84780164,0.05610131,,,,
202062_s_at,0.84783321,0.0368789,,,,
235065_at,0.84783545,-0.05200441,,,,
244862_at,0.84784201,0.01551261,,,,
33304_at,0.8478469,-0.05437795,,,,
239379_at,0.84786478,-0.02251596,,,,
1564285_at,0.84787418,-0.00918486,,,,
237864_at,0.84789384,-0.02783561,,,,
211068_x_at,0.84792315,0.02435501,,,,
213268_at,0.84792454,0.06074126,,,,
224776_at,0.84794367,-0.0316566,,,,
242947_at,0.84795309,0.07056688,,,,
1566664_at,0.84798124,-0.01110854,,,,
231590_at,0.84798507,-0.03476644,,,,
235938_at,0.84810241,-0.0485302,,,,
235742_at,0.84811137,-0.02573795,,,,
209055_s_at,0.84813757,0.03419694,,,,
1565608_at,0.84814719,-0.01385321,,,,
1552319_a_at,0.84817869,-0.07058617,,,,
242107_x_at,0.84820694,-0.0225502,,,,
219364_at,0.84821858,-0.02595376,,,,
226427_s_at,0.84824481,0.01407803,,,,
239868_at,0.8482573,-0.02185563,,,,
218726_at,0.84826247,0.05366922,,,,
226728_at,0.84827861,-0.03226614,,,,
220513_at,0.84829355,-0.03770614,,,,
204495_s_at,0.84833674,-0.02301383,,,,
222835_at,0.84833761,-0.07430513,,,,
1557325_at,0.84833918,0.01887113,,,,
213350_at,0.84833933,0.03542843,,,,
225915_at,0.84834134,-0.05870276,,,,
231073_at,0.84834217,0.02965636,,,,
229826_at,0.84834365,-0.03756838,,,,
214828_s_at,0.84834466,-0.02043802,,,,
212883_at,0.84834475,0.07806645,,,,
1564308_a_at,0.84842106,-0.04284095,,,,
1562306_at,0.84842136,-0.01249213,,,,
1556180_at,0.84842927,0.0331617,,,,
203727_at,0.84844628,0.02051238,,,,
232810_at,0.84848434,0.02947547,,,,
229285_at,0.84851072,-0.06285197,,,,
237423_at,0.84855868,-0.02663755,,,,
213916_at,0.84856944,0.03368053,,,,
1554820_at,0.84859415,-0.00765931,,,,
225834_at,0.84859461,0.05825789,,,,
222985_at,0.8486047,0.02121606,,,,
223943_s_at,0.84861059,-0.01383372,,,,
220465_at,0.84863368,-0.01624229,,,,
222403_at,0.84864906,0.03260124,,,,
204211_x_at,0.84866171,-0.0204959,,,,
1558652_at,0.84871378,-0.01173416,,,,
203526_s_at,0.84871667,-0.03909085,,,,
241232_x_at,0.84872008,-0.01132513,,,,
226355_at,0.84877361,-0.02753103,,,,
212080_at,0.84880263,0.02361261,,,,
234588_at,0.84880909,0.01807993,,,,
237212_at,0.84882065,0.06065001,,,,
1566114_at,0.8488373,-0.01131747,,,,
229499_at,0.84884839,0.03922014,,,,
226350_at,0.84887445,0.05254451,,,,
240752_at,0.84887652,0.01287947,,,,
242547_at,0.84890257,0.01151298,,,,
244173_at,0.84894785,0.0072966,,,,
240081_at,0.84895573,0.01971096,,,,
217624_at,0.84897436,0.02655324,,,,
238137_at,0.84901376,0.00933466,,,,
219100_at,0.84902556,-0.0308107,,,,
205892_s_at,0.84912134,-0.22241607,,,,
218630_at,0.84912524,0.02191268,,,,
201468_s_at,0.84915786,-0.08629758,,,,
207624_s_at,0.84919221,0.03481162,,,,
222682_s_at,0.84919736,0.02767456,,,,
221416_at,0.84922648,-0.01445352,,,,
214719_at,0.84923012,0.06160003,,,,
210346_s_at,0.84925112,0.04083077,,,,
233000_x_at,0.8492518,0.01022395,,,,
228896_at,0.84925751,0.01242576,,,,
224139_at,0.84926348,-0.0093597,,,,
212029_s_at,0.84926891,0.01852778,,,,
226321_at,0.84931355,0.03350483,,,,
210001_s_at,0.84933094,-0.05022465,,,,
202771_at,0.84936015,0.04070579,,,,
223736_at,0.84936996,-0.01136381,,,,
1557049_at,0.84937078,-0.03454604,,,,
1563830_a_at,0.84937707,-0.01116112,,,,
1559687_at,0.84941672,-0.01118395,,,,
217299_s_at,0.84942883,-0.04246895,,,,
210244_at,0.84944235,-0.02381744,,,,
1556923_at,0.84944501,0.02374159,,,,
212722_s_at,0.84945539,-0.03290791,,,,
217222_at,0.84945817,0.01636859,,,,
222887_s_at,0.84946512,0.01890278,,,,
226796_at,0.84950895,0.03900292,,,,
208825_x_at,0.84951192,-0.01013421,,,,
218999_at,0.84952898,-0.05469313,,,,
207499_x_at,0.84966676,-0.01747884,,,,
236413_at,0.84971753,0.01331349,,,,
38340_at,0.8497238,0.03106456,,,,
223435_s_at,0.84972543,-0.1048234,,,,
201568_at,0.84973125,-0.02862197,,,,
214003_x_at,0.84976466,-0.01011859,,,,
1555516_at,0.84976748,-0.02701508,,,,
1555495_a_at,0.8497693,0.02902537,,,,
224681_at,0.84978822,-0.02572316,,,,
231992_x_at,0.84979071,0.02237608,,,,
238662_at,0.84982012,-0.03127189,,,,
244241_x_at,0.84982949,0.05417385,,,,
223549_s_at,0.84983052,-0.04265254,,,,
220956_s_at,0.84989676,0.01842688,,,,
1555824_a_at,0.84989809,0.0182749,,,,
220985_s_at,0.84994196,0.03439756,,,,
202859_x_at,0.84995592,-0.11481271,,,,
239073_at,0.84998907,-0.01135623,,,,
217939_s_at,0.85002762,0.02337974,,,,
214123_s_at,0.85005234,-0.03012621,,,,
203495_at,0.85007454,0.01908694,,,,
234453_s_at,0.8500789,0.00721026,,,,
217701_x_at,0.85012004,0.01481975,,,,
211858_x_at,0.85012291,-0.03354497,,,,
209170_s_at,0.85013276,-0.12355925,,,,
233722_at,0.8501954,0.00789707,,,,
1552862_at,0.85021926,-0.02191032,,,,
1556883_a_at,0.8502387,-0.0087382,,,,
244447_at,0.85025228,-0.03188952,,,,
205978_at,0.85025868,0.05440709,,,,
205275_at,0.85027123,-0.01400198,,,,
235208_at,0.85028324,0.02855282,,,,
1557004_at,0.85028507,-0.00952252,,,,
234806_at,0.85029434,-0.00955543,,,,
235342_at,0.85033155,0.03379413,,,,
218774_at,0.85033947,0.04141667,,,,
220610_s_at,0.85033993,-0.02515392,,,,
220724_at,0.85034519,-0.07345651,,,,
224365_s_at,0.8503464,0.0461688,,,,
227191_at,0.85034862,0.04024486,,,,
241365_at,0.8503778,-0.06884305,,,,
226589_at,0.8503857,-0.03283461,,,,
1557296_at,0.8504392,0.0163265,,,,
238077_at,0.85046295,0.03241744,,,,
1560662_s_at,0.85046758,0.01236223,,,,
1557321_a_at,0.85047041,0.02877723,,,,
235534_at,0.85047354,-0.04800665,,,,
215646_s_at,0.85049196,0.0809488,,,,
242453_at,0.85049637,-0.01500203,,,,
222570_at,0.85051114,0.03216061,,,,
1563332_at,0.85056168,-0.00984087,,,,
221339_at,0.85057282,-0.01179468,,,,
202576_s_at,0.85059456,-0.02305583,,,,
200002_at,0.85059942,-0.01916061,,,,
201257_x_at,0.85060382,-0.01009879,,,,
221524_s_at,0.85061783,-0.04641394,,,,
215079_at,0.85063187,0.01089274,,,,
1559232_a_at,0.85064914,0.02126005,,,,
201923_at,0.85065566,0.02661318,,,,
236107_at,0.85066178,-0.02107596,,,,
210617_at,0.85066974,-0.0181075,,,,
236401_at,0.85080191,-0.03585258,,,,
1570372_at,0.85080201,-0.01037463,,,,
213756_s_at,0.85081541,-0.02615695,,,,
222037_at,0.85083667,-0.04680033,,,,
209124_at,0.85086929,-0.02856972,,,,
218454_at,0.85087799,-0.06566454,,,,
227862_at,0.8508882,0.07069414,,,,
236668_at,0.8509024,0.02534267,,,,
208165_s_at,0.85090462,-0.09284779,,,,
227470_at,0.85091736,-0.021782,,,,
220402_at,0.85092591,0.01823171,,,,
235987_at,0.85095743,-0.03940947,,,,
219044_at,0.85097052,0.0517374,,,,
231638_at,0.85098526,-0.02119104,,,,
1553852_at,0.85103609,0.02351729,,,,
214515_at,0.85104605,-0.00878354,,,,
221514_at,0.85113092,0.03447042,,,,
1562276_at,0.8511311,-0.00877854,,,,
208268_at,0.85116934,-0.02726594,,,,
266_s_at,0.85118922,0.11585537,,,,
229313_at,0.85120701,-0.05641145,,,,
233814_at,0.85123572,0.05791976,,,,
221739_at,0.85127588,-0.02252726,,,,
1557147_a_at,0.85137408,0.01925356,,,,
204313_s_at,0.85139057,0.02339177,,,,
214681_at,0.85150738,0.05752136,,,,
238674_at,0.85151716,-0.01185187,,,,
237539_at,0.8515311,0.01784375,,,,
241448_at,0.85154907,0.02750723,,,,
244777_at,0.85157931,-0.03252839,,,,
219312_s_at,0.85158459,0.05542216,,,,
1559397_s_at,0.8516016,-0.03158451,,,,
1561591_at,0.85163371,0.009018,,,,
240215_at,0.85163827,-0.01199438,,,,
1557343_at,0.85166183,0.01017103,,,,
207251_at,0.85169609,-0.02007467,,,,
226323_at,0.85170989,0.0206524,,,,
207730_x_at,0.85172418,0.02373129,,,,
220498_at,0.8517312,-0.01289234,,,,
220981_x_at,0.85177973,-0.01921814,,,,
229470_at,0.85183,0.02810662,,,,
236273_at,0.85183862,0.0464209,,,,
244168_s_at,0.85184387,-0.01517177,,,,
213499_at,0.85184574,0.03467374,,,,
218493_at,0.85186641,0.03493631,,,,
211592_s_at,0.85187548,-0.0329304,,,,
1556144_at,0.85189363,-0.01495294,,,,
225983_s_at,0.851964,-0.01111178,,,,
221118_at,0.85202138,0.0133376,,,,
239289_x_at,0.85204403,0.02767571,,,,
1563597_at,0.85205487,-0.01364724,,,,
1560622_at,0.85207872,0.0402177,,,,
226116_at,0.85208395,-0.02261826,,,,
215185_at,0.85210688,-0.03397915,,,,
224662_at,0.85211298,0.02701589,,,,
221484_at,0.85215329,-0.03838829,,,,
204603_at,0.85216857,0.04669694,,,,
220749_at,0.85216937,-0.01493314,,,,
203398_s_at,0.85218754,0.01215295,,,,
223091_x_at,0.8521952,0.02140976,,,,
233853_at,0.85224935,-0.01067853,,,,
1556277_a_at,0.85226185,0.03296315,,,,
222995_s_at,0.85229651,0.0277602,,,,
1552799_at,0.85230451,-0.0135067,,,,
212127_at,0.85231694,0.02452063,,,,
220635_at,0.85240482,-0.02244014,,,,
239862_at,0.85242229,0.03027354,,,,
233360_at,0.85245667,-0.01756541,,,,
236275_at,0.85246548,-0.01928573,,,,
40093_at,0.85250913,-0.05310812,,,,
224324_at,0.85251954,0.02539438,,,,
209987_s_at,0.8525416,-0.05047683,,,,
231794_at,0.85255429,0.01649724,,,,
241629_at,0.85256767,-0.01444896,,,,
230825_at,0.85259919,0.00839897,,,,
209117_at,0.85260157,-0.03000184,,,,
48531_at,0.85260405,0.02263489,,,,
225603_s_at,0.85263778,-0.03871413,,,,
222622_at,0.85265763,0.02668997,,,,
215841_at,0.85266487,-0.01193721,,,,
235391_at,0.8527186,0.04596916,,,,
209169_at,0.85275095,-0.09074599,,,,
225755_at,0.85278853,-0.036864,,,,
235709_at,0.85279153,0.04081027,,,,
236710_at,0.85283299,0.01285191,,,,
1562727_at,0.85284834,-0.0095199,,,,
1569004_at,0.8528582,0.02987228,,,,
201090_x_at,0.85286666,-0.02063231,,,,
231210_at,0.85286985,0.01552472,,,,
203613_s_at,0.85289222,-0.02436317,,,,
201490_s_at,0.85292209,-0.05200782,,,,
1557341_x_at,0.85293209,-0.01155008,,,,
238105_x_at,0.85293301,-0.01695796,,,,
201986_at,0.8529363,-0.02635591,,,,
216023_at,0.85295065,0.01551734,,,,
219862_s_at,0.85295724,-0.03223005,,,,
221973_at,0.85295824,-0.06473242,,,,
226761_at,0.85297653,-0.02545431,,,,
207547_s_at,0.85300463,0.03709231,,,,
221317_x_at,0.85301135,-0.02487125,,,,
213215_at,0.85302482,-0.0255934,,,,
39705_at,0.85306481,0.02266201,,,,
1555384_a_at,0.8530947,-0.03335054,,,,
1554027_a_at,0.85310844,-0.03335788,,,,
208285_at,0.85312988,-0.02057491,,,,
239056_at,0.85315846,-0.01693066,,,,
218664_at,0.85316903,-0.02316179,,,,
221090_s_at,0.85317544,0.02348528,,,,
239221_at,0.85318569,-0.01869333,,,,
232079_s_at,0.85319018,-0.05393774,,,,
227873_at,0.85319052,0.02887363,,,,
232790_at,0.85323743,-0.04307129,,,,
224655_at,0.85323869,0.03597792,,,,
231366_at,0.85325949,-0.01126777,,,,
233297_s_at,0.85331463,-0.01108766,,,,
224875_at,0.85333127,0.03318067,,,,
227218_at,0.85335395,-0.01358889,,,,
215047_at,0.85337889,-0.04389783,,,,
231092_s_at,0.85339192,-0.01906647,,,,
202261_at,0.85339419,0.03444925,,,,
228947_x_at,0.85344828,0.02254333,,,,
213445_at,0.85345858,-0.02498299,,,,
1561414_at,0.85347434,0.00867136,,,,
242011_at,0.85347574,-0.01469724,,,,
218451_at,0.85350944,-0.05646194,,,,
212346_s_at,0.85351837,0.01713082,,,,
236014_at,0.85351902,0.00921974,,,,
217426_at,0.85352781,-0.02712695,,,,
242980_at,0.85353309,-0.00830452,,,,
228233_at,0.85353723,-0.04234412,,,,
1553369_at,0.85353859,-0.01285291,,,,
1565856_at,0.85357535,0.00903922,,,,
1552717_s_at,0.85358682,0.025513,,,,
214056_at,0.85361279,-0.04634289,,,,
224813_at,0.85372703,0.02068936,,,,
200805_at,0.85378433,-0.02838748,,,,
241819_at,0.85381153,-0.02590352,,,,
205105_at,0.85383021,0.04104855,,,,
AFFX-LysX-M_at,0.85384089,0.04812474,,,,
226681_at,0.85385831,-0.03839597,,,,
AFFX-LysX-3_at,0.8538761,0.04837119,,,,
209171_at,0.85387897,0.01982228,,,,
203518_at,0.85387915,-0.04462751,,,,
235501_at,0.85390452,-0.05546856,,,,
1553405_a_at,0.85391306,0.00818172,,,,
230417_at,0.85395664,0.04475801,,,,
217929_s_at,0.85397595,0.02722443,,,,
1552502_s_at,0.85399103,-0.07408865,,,,
219142_at,0.85399121,0.04375632,,,,
244619_at,0.85400752,0.01181575,,,,
238072_at,0.85402344,0.01552049,,,,
233550_s_at,0.85402458,-0.02164136,,,,
215268_at,0.85404497,0.03157684,,,,
235395_at,0.85406197,-0.03305016,,,,
1563082_at,0.85407828,-0.00829932,,,,
207183_at,0.85412103,-0.04340611,,,,
241419_at,0.85413449,0.01120187,,,,
1559370_at,0.85414572,0.01570447,,,,
1552658_a_at,0.854156,-0.06406331,,,,
213243_at,0.85416354,0.03612078,,,,
1556347_at,0.85418441,-0.01992223,,,,
1563540_at,0.85420505,-0.02322378,,,,
241118_at,0.85421483,-0.02092232,,,,
226824_at,0.85421525,0.06011986,,,,
1554768_a_at,0.85421844,0.05527783,,,,
1564485_at,0.85429192,-0.00995509,,,,
238346_s_at,0.85431609,-0.02863849,,,,
213646_x_at,0.85433449,-0.02041397,,,,
204522_at,0.85435702,0.02721329,,,,
239405_at,0.85437126,-0.01279416,,,,
1564377_at,0.8543804,-0.01542394,,,,
1561567_at,0.85441064,-0.00964015,,,,
203096_s_at,0.85442108,0.03027643,,,,
220057_at,0.85443687,-0.06338996,,,,
200691_s_at,0.85445964,-0.02611223,,,,
1559762_at,0.85447743,-0.0083135,,,,
1569927_at,0.85450744,0.00928272,,,,
210143_at,0.85453508,0.14169183,,,,
204938_s_at,0.85457565,-0.07727436,,,,
1560070_at,0.85458866,-0.00846249,,,,
203430_at,0.85460282,0.03691802,,,,
201087_at,0.85463379,-0.02700848,,,,
232361_s_at,0.85463844,-0.0826815,,,,
229530_at,0.8546455,0.05742491,,,,
241077_at,0.8546588,-0.01012625,,,,
202081_at,0.85469267,0.02666841,,,,
217733_s_at,0.85470816,0.01608956,,,,
241234_at,0.85472746,0.02582283,,,,
215417_at,0.8547341,0.01622205,,,,
233415_at,0.85474541,0.0114916,,,,
229150_at,0.85475325,-0.04976703,,,,
203315_at,0.85481871,0.03094955,,,,
1569443_s_at,0.85483045,-0.01248399,,,,
214281_s_at,0.85487529,0.02524011,,,,
1560836_at,0.85492004,0.00847144,,,,
202039_at,0.85495346,-0.02806477,,,,
227485_at,0.85497445,0.05059517,,,,
222878_s_at,0.85497889,0.02704282,,,,
228473_at,0.85501314,-0.0208695,,,,
233226_at,0.85502902,0.01222204,,,,
207199_at,0.85508308,-0.02329827,,,,
1570246_at,0.85510526,0.00785794,,,,
219560_at,0.85513302,-0.03264063,,,,
226658_at,0.85515323,-0.05623779,,,,
220275_at,0.85521179,0.02229717,,,,
235481_at,0.85523081,-0.01049737,,,,
240570_at,0.85523601,0.03092467,,,,
1559645_at,0.85524806,0.01317607,,,,
230665_at,0.85525145,-0.03233108,,,,
1555456_at,0.85526212,-0.01015161,,,,
215665_at,0.85530342,-0.01012103,,,,
214958_s_at,0.85535172,-0.03109428,,,,
226582_at,0.85537144,0.07270516,,,,
221182_at,0.8554014,0.0081921,,,,
214064_at,0.85545559,0.03542676,,,,
210614_at,0.85546797,-0.07569214,,,,
220258_s_at,0.85548595,0.01738921,,,,
234340_at,0.85558112,-0.0237321,,,,
220242_x_at,0.85559061,-0.02049431,,,,
214660_at,0.85560835,0.0508183,,,,
230425_at,0.85562014,0.07668257,,,,
231003_at,0.85566522,0.03781098,,,,
232713_at,0.8556935,0.01295939,,,,
207691_x_at,0.85569476,-0.0403464,,,,
230389_at,0.85570095,-0.04042484,,,,
229441_at,0.85572746,0.05759936,,,,
203950_s_at,0.85574004,0.02765195,,,,
224804_s_at,0.85577229,-0.02682304,,,,
236875_at,0.85577778,-0.01826636,,,,
228144_at,0.85578555,0.06037391,,,,
238301_at,0.85578845,0.00977495,,,,
219494_at,0.85584514,0.05090742,,,,
234463_at,0.855853,0.0214961,,,,
1555002_at,0.85587162,-0.00680395,,,,
227196_at,0.85589217,-0.07434464,,,,
202228_s_at,0.85593297,0.02111033,,,,
243756_at,0.8559383,0.0225647,,,,
244549_at,0.85595099,0.01106594,,,,
213254_at,0.85597081,-0.02044509,,,,
214252_s_at,0.8560055,-0.02655298,,,,
236853_at,0.85603357,0.01582748,,,,
220140_s_at,0.85608386,-0.02183346,,,,
212242_at,0.85610088,-0.06255233,,,,
201638_s_at,0.85611024,-0.01650923,,,,
203719_at,0.85611511,-0.02478409,,,,
203288_at,0.85612371,0.01979921,,,,
1558876_at,0.85614525,-0.01475686,,,,
229857_s_at,0.85619088,-0.04086788,,,,
211327_x_at,0.85619293,-0.02579053,,,,
1559244_at,0.85620033,0.01012683,,,,
220816_at,0.85622039,-0.04934901,,,,
1569835_at,0.8562263,-0.00940025,,,,
230467_at,0.85623456,0.03267632,,,,
243641_at,0.85625381,-0.0090753,,,,
215719_x_at,0.85631302,-0.06359649,,,,
225998_at,0.85632235,0.0287855,,,,
208310_s_at,0.85632419,0.02595244,,,,
235293_at,0.85633057,0.03968523,,,,
210920_x_at,0.85635024,0.01368475,,,,
215089_s_at,0.85635279,-0.02134907,,,,
222646_s_at,0.85638544,-0.06333702,,,,
239623_at,0.85640076,-0.02414791,,,,
220859_at,0.85645285,-0.01123043,,,,
244648_at,0.85649703,-0.02187094,,,,
226981_at,0.85651496,-0.02682914,,,,
221151_at,0.85652217,-0.00842267,,,,
235387_at,0.85652459,-0.0255343,,,,
218418_s_at,0.85653071,0.04540588,,,,
1557455_s_at,0.85653137,0.03485182,,,,
212713_at,0.85655603,-0.07955195,,,,
220807_at,0.85656996,-0.01667902,,,,
228663_x_at,0.85657017,0.01423614,,,,
230431_at,0.85657539,0.01741919,,,,
64942_at,0.8565811,-0.03019376,,,,
1556909_at,0.85658327,-0.01008662,,,,
219431_at,0.85658821,-0.02829065,,,,
1554739_at,0.85659819,0.01587803,,,,
1552732_at,0.85661428,0.04075258,,,,
1566271_x_at,0.85661723,0.0081634,,,,
205247_at,0.8566186,0.02231227,,,,
1570362_at,0.85664843,-0.01140313,,,,
242721_at,0.85665863,0.00851967,,,,
1567270_at,0.85668476,-0.00795995,,,,
236967_at,0.85670319,-0.05267502,,,,
235028_at,0.85670434,0.04301562,,,,
1563204_at,0.85672756,-0.01166601,,,,
240849_at,0.85673299,-0.01274999,,,,
1557891_s_at,0.85677275,0.01579445,,,,
232750_at,0.85681032,-0.01220567,,,,
231692_at,0.8568215,0.01125753,,,,
205493_s_at,0.8568645,-0.05773211,,,,
34478_at,0.85686868,0.02521286,,,,
204983_s_at,0.85687427,0.06183367,,,,
241938_at,0.85688196,0.03919093,,,,
1560680_at,0.85688216,0.01435476,,,,
216963_s_at,0.85693714,-0.01615569,,,,
1564854_at,0.85695251,-0.01049782,,,,
201683_x_at,0.85700395,-0.02660586,,,,
228758_at,0.85704235,0.03317753,,,,
1566425_at,0.85704337,0.01223191,,,,
227891_s_at,0.8570547,-0.0330667,,,,
240243_at,0.85708524,0.01008765,,,,
200920_s_at,0.85709654,0.03916908,,,,
241789_at,0.85710563,-0.0711016,,,,
235525_at,0.85714766,-0.01499102,,,,
211705_s_at,0.85716733,-0.01218283,,,,
216242_x_at,0.85719302,0.02647207,,,,
224335_s_at,0.85720258,0.03609279,,,,
236289_at,0.85720496,0.02294094,,,,
202437_s_at,0.85722754,0.08286079,,,,
1566551_at,0.85723659,0.01374467,,,,
227309_at,0.8572487,0.03962244,,,,
215903_s_at,0.85727821,-0.02655871,,,,
207391_s_at,0.85735557,0.02612152,,,,
221997_s_at,0.85737054,0.02662397,,,,
216163_at,0.85737839,-0.01488557,,,,
215012_at,0.8574072,0.03119543,,,,
219602_s_at,0.85740897,0.07253816,,,,
217603_at,0.85742122,-0.01410684,,,,
218317_x_at,0.85742309,-0.02220982,,,,
208042_at,0.85745031,0.02242367,,,,
205505_at,0.85747367,0.05376855,,,,
233324_at,0.85748301,-0.01816263,,,,
205361_s_at,0.85756351,-0.03915855,,,,
205513_at,0.8575982,0.15288339,,,,
239186_at,0.8576024,-0.04332589,,,,
214894_x_at,0.85763441,0.03205034,,,,
235302_at,0.85766014,0.03400087,,,,
209021_x_at,0.85766388,0.0270705,,,,
228397_at,0.8576778,-0.03900456,,,,
240794_at,0.85768488,-0.01642151,,,,
236846_at,0.8576908,-0.02246408,,,,
221313_at,0.8576923,-0.01755225,,,,
1555678_at,0.85769258,-0.01142698,,,,
221089_at,0.85769828,0.00912301,,,,
242916_at,0.85770324,0.03140168,,,,
206477_s_at,0.85774768,-0.01162315,,,,
221232_s_at,0.8577783,-0.05164146,,,,
1556696_s_at,0.8578123,0.03514189,,,,
1555630_a_at,0.85787616,0.07455458,,,,
1561419_at,0.8578844,-0.01093552,,,,
1561029_at,0.85788698,0.01222861,,,,
213758_at,0.85790957,-0.0254478,,,,
225397_at,0.85791061,-0.02486253,,,,
1567179_at,0.85791465,0.00705864,,,,
233984_at,0.85792038,0.02142431,,,,
231726_at,0.85792866,-0.06311595,,,,
205994_at,0.85793813,-0.02388652,,,,
1556990_at,0.85795854,-0.01045365,,,,
222743_s_at,0.85796046,0.02748212,,,,
1554836_at,0.85800028,-0.01020467,,,,
1558882_at,0.8580094,0.04575912,,,,
236844_at,0.85803306,-0.01568266,,,,
1561854_at,0.85807403,-0.00780441,,,,
210692_s_at,0.8580948,-0.05074814,,,,
221894_at,0.85811416,-0.02180302,,,,
237844_at,0.85811418,-0.01177654,,,,
212096_s_at,0.85812271,0.05300171,,,,
209958_s_at,0.85814955,-0.02378587,,,,
225582_at,0.85815734,0.04188978,,,,
237680_at,0.85818378,0.0328107,,,,
230448_at,0.85818501,0.03673211,,,,
1563854_s_at,0.858186,0.00975426,,,,
236590_at,0.85821882,-0.02377171,,,,
229971_at,0.85822718,-0.02462717,,,,
1567380_at,0.85824347,-0.007761,,,,
204899_s_at,0.85826989,0.03354371,,,,
229658_at,0.85828499,-0.02636617,,,,
228805_at,0.85828653,-0.03686971,,,,
211130_x_at,0.85829553,0.01354584,,,,
231640_at,0.8583423,0.03678297,,,,
201462_at,0.85834523,0.05316841,,,,
243308_at,0.85835886,-0.02109506,,,,
242812_at,0.85840573,0.02855886,,,,
241699_at,0.85843735,0.02367473,,,,
1561789_at,0.85848624,0.00969378,,,,
1562288_at,0.85852208,0.01497845,,,,
200755_s_at,0.85853072,0.03102633,,,,
234323_at,0.85856111,0.01262301,,,,
214036_at,0.85857076,-0.0563875,,,,
215795_at,0.85859481,-0.00955565,,,,
223249_at,0.85864727,-0.04257372,,,,
240668_s_at,0.85866288,0.00713661,,,,
233826_at,0.85867984,0.01065172,,,,
1552964_at,0.8587979,-0.01402708,,,,
235338_s_at,0.8588215,-0.03104897,,,,
242782_x_at,0.85883945,0.01738914,,,,
216246_at,0.85884842,-0.0211105,,,,
1562093_at,0.85890343,0.00980119,,,,
233624_at,0.85896084,0.01215186,,,,
218864_at,0.85896339,-0.02997573,,,,
232096_x_at,0.85900561,-0.02104648,,,,
230587_at,0.8590087,0.01331848,,,,
230286_at,0.85901997,0.02554933,,,,
201038_s_at,0.85903111,0.02172913,,,,
1553619_a_at,0.8590658,-0.00908093,,,,
206090_s_at,0.85906662,0.04131543,,,,
234408_at,0.85907113,-0.01105851,,,,
1554249_a_at,0.8590837,-0.03335162,,,,
205509_at,0.85908918,-0.0633309,,,,
223326_s_at,0.85912737,-0.02860453,,,,
200775_s_at,0.85915293,0.0125185,,,,
1555411_a_at,0.85915328,0.03055422,,,,
213531_s_at,0.85916608,0.01568517,,,,
201740_at,0.85921023,0.02174246,,,,
209013_x_at,0.85921202,0.0400431,,,,
243573_at,0.85921673,-0.00895576,,,,
212693_at,0.85923768,0.02882854,,,,
220067_at,0.85924148,0.01679955,,,,
224570_s_at,0.85926076,0.02448217,,,,
218546_at,0.8592657,-0.05666181,,,,
242646_at,0.85932108,0.0258194,,,,
208828_at,0.85936173,-0.02680277,,,,
207542_s_at,0.8593647,-0.07615708,,,,
1568920_at,0.85940991,0.015208,,,,
242380_at,0.85943255,-0.02499026,,,,
243806_at,0.85943537,0.05104859,,,,
229586_at,0.85945621,-0.03470509,,,,
229899_s_at,0.85947905,0.03693347,,,,
205400_at,0.85948394,-0.01015893,,,,
237105_at,0.85948743,-0.03447742,,,,
1556226_at,0.85950604,-0.01276824,,,,
223556_at,0.85952854,-0.05160996,,,,
1569231_x_at,0.859541,-0.00888436,,,,
1556487_a_at,0.8595668,0.00961265,,,,
223712_at,0.85961236,-0.03433361,,,,
241474_at,0.85961763,-0.01924594,,,,
225254_at,0.85962523,-0.01577435,,,,
1570093_at,0.85964506,0.011495,,,,
211060_x_at,0.85973025,-0.03441155,,,,
203046_s_at,0.85974039,0.03674603,,,,
221755_at,0.85974115,-0.03220437,,,,
1555774_at,0.85975641,0.00993091,,,,
231959_at,0.85976246,0.02049422,,,,
207545_s_at,0.85976659,-0.02744619,,,,
227225_at,0.85977921,0.02010658,,,,
241308_at,0.85978654,-0.00748688,,,,
242053_at,0.85980566,0.06101393,,,,
226441_at,0.85983866,0.02929754,,,,
214731_at,0.85984094,-0.02248092,,,,
1562752_at,0.8598635,-0.01115508,,,,
1570181_a_at,0.85989771,0.00911059,,,,
242267_x_at,0.85991597,-0.02419669,,,,
243271_at,0.85994047,-0.02897549,,,,
206106_at,0.85999168,-0.04097456,,,,
225882_at,0.86001116,0.0285408,,,,
1556004_at,0.86003653,-0.01053108,,,,
232385_x_at,0.86004113,0.01802242,,,,
243127_x_at,0.86004821,0.00928367,,,,
1552526_at,0.8600873,0.01290825,,,,
240689_at,0.86008977,-0.01152821,,,,
216919_at,0.86011807,-0.01388832,,,,
40524_at,0.86014924,0.02134437,,,,
203206_at,0.86015862,0.0245644,,,,
240115_at,0.86017929,-0.02510891,,,,
222973_at,0.86018292,0.01036462,,,,
243426_at,0.86019293,0.02891019,,,,
1558963_at,0.86021422,-0.00934393,,,,
231898_x_at,0.86024841,-0.0228734,,,,
1554271_a_at,0.8602654,0.04410383,,,,
215919_s_at,0.86034098,0.01729186,,,,
201073_s_at,0.86036582,-0.03498119,,,,
220931_at,0.86037623,-0.00923304,,,,
237833_s_at,0.86037844,-0.02996927,,,,
221742_at,0.86040097,0.01668314,,,,
236478_at,0.86040389,0.01616332,,,,
1555544_a_at,0.86042043,-0.01696046,,,,
201037_at,0.86044705,-0.06045692,,,,
221903_s_at,0.86045177,0.03147029,,,,
202332_at,0.86046785,-0.03262232,,,,
1562052_at,0.8604749,-0.01333154,,,,
201852_x_at,0.86051119,0.04628077,,,,
225868_at,0.86052234,-0.03524362,,,,
1552425_a_at,0.86056341,-0.01155348,,,,
202242_at,0.86060012,0.06533245,,,,
214338_at,0.86061114,-0.01660021,,,,
237821_at,0.86068426,0.00977194,,,,
235013_at,0.8607202,0.03407798,,,,
241337_at,0.86073133,-0.02534555,,,,
206755_at,0.86073932,-0.1127937,,,,
228503_at,0.86076898,0.06489945,,,,
218775_s_at,0.86078314,-0.03949646,,,,
242578_x_at,0.86079487,-0.02355466,,,,
217676_at,0.86083184,-0.01045501,,,,
223352_s_at,0.86085027,0.03125469,,,,
207076_s_at,0.86085199,-0.07317463,,,,
220112_at,0.86086047,0.03737147,,,,
202550_s_at,0.86087702,-0.0241496,,,,
218435_at,0.86088372,-0.05600467,,,,
229259_at,0.86089211,-0.00919889,,,,
241722_x_at,0.86090626,-0.03210794,,,,
240377_at,0.86099445,0.01565536,,,,
212141_at,0.8610057,-0.04473127,,,,
244267_at,0.86105444,-0.01106257,,,,
236244_at,0.86105471,-0.01389772,,,,
228773_at,0.8610612,0.02739318,,,,
1557755_at,0.86106951,-0.013916,,,,
219209_at,0.86109795,0.03804598,,,,
236400_at,0.86109818,0.02603647,,,,
212202_s_at,0.86115245,0.02967088,,,,
223149_s_at,0.86122091,-0.01327434,,,,
238625_at,0.86122729,0.09206288,,,,
215794_x_at,0.86122854,-0.04303576,,,,
224514_x_at,0.86127326,-0.03027647,,,,
233687_s_at,0.86128789,0.02041322,,,,
230969_at,0.86129598,-0.01023893,,,,
240135_x_at,0.86135659,-0.025991,,,,
227122_at,0.86137052,-0.02617464,,,,
230524_at,0.86137068,-0.01730154,,,,
208647_at,0.86139259,-0.03287046,,,,
1559607_s_at,0.86139582,-0.04322194,,,,
216948_at,0.86140366,0.00919008,,,,
244677_at,0.8614126,-0.01775709,,,,
227488_at,0.86142032,-0.01676663,,,,
222934_s_at,0.86142979,-0.04468407,,,,
216944_s_at,0.86145164,-0.04252972,,,,
221181_at,0.86147454,-0.01188148,,,,
235167_at,0.86151404,-0.03755125,,,,
226850_at,0.8615162,0.02595714,,,,
214061_at,0.861526,0.03374213,,,,
224946_s_at,0.86155237,0.02115068,,,,
229184_at,0.86162095,0.03092135,,,,
201860_s_at,0.86167626,0.08758755,,,,
208571_at,0.86168928,0.01084356,,,,
210505_at,0.86169399,-0.0347352,,,,
235677_at,0.8616966,0.02462061,,,,
238091_at,0.86173053,0.04036529,,,,
1564017_at,0.86181144,0.00890768,,,,
243514_at,0.86184349,0.03594287,,,,
213138_at,0.86185942,0.02194209,,,,
241061_at,0.86187908,-0.00680897,,,,
210302_s_at,0.86191615,-0.05566615,,,,
221404_at,0.86193563,-0.01173576,,,,
243173_at,0.86193776,-0.05005174,,,,
210962_s_at,0.86194387,0.03583164,,,,
1558497_a_at,0.86195954,-0.01305972,,,,
235769_at,0.86201669,-0.01237838,,,,
227872_at,0.86202659,0.02303182,,,,
223697_x_at,0.86203152,0.02235688,,,,
233926_at,0.86205566,0.00729539,,,,
201764_at,0.86209488,0.03354985,,,,
228256_s_at,0.86209642,0.07139293,,,,
235539_at,0.86210182,-0.0155324,,,,
235714_at,0.8621068,-0.03200215,,,,
212171_x_at,0.86215936,-0.04133713,,,,
238069_at,0.8621758,0.04093167,,,,
223241_at,0.86217702,-0.03799591,,,,
225914_s_at,0.86220478,-0.04897894,,,,
1555995_a_at,0.86220831,0.00998088,,,,
209345_s_at,0.86222947,-0.02678081,,,,
1560966_at,0.86223399,0.01333718,,,,
214775_at,0.86223644,-0.01764635,,,,
210917_at,0.86223794,-0.00817162,,,,
225023_at,0.86232753,0.02628863,,,,
211787_s_at,0.86232827,-0.01771773,,,,
1554063_at,0.86238486,-0.02334343,,,,
36019_at,0.86239397,0.01733804,,,,
240819_at,0.86239534,0.00878431,,,,
201041_s_at,0.86240289,-0.04888397,,,,
1554172_a_at,0.86242867,0.01722798,,,,
218647_s_at,0.86245234,-0.02381067,,,,
225613_at,0.86245416,0.04676235,,,,
225930_at,0.86250394,0.02783778,,,,
211642_at,0.86252001,-0.03152952,,,,
207618_s_at,0.86253621,0.02112942,,,,
237407_at,0.86255487,-0.01266423,,,,
213479_at,0.86257956,0.10486163,,,,
206459_s_at,0.86258061,0.02089182,,,,
238525_at,0.86259235,-0.01320928,,,,
232351_at,0.86260415,-0.01628243,,,,
206388_at,0.86264241,-0.0221448,,,,
57163_at,0.86270434,-0.0235469,,,,
211061_s_at,0.86270651,-0.02158018,,,,
240750_at,0.86271416,0.00720112,,,,
1554973_a_at,0.86271627,-0.02590982,,,,
226213_at,0.862756,-0.10987771,,,,
229189_s_at,0.86276539,0.0353052,,,,
91816_f_at,0.86278979,0.03444214,,,,
224561_s_at,0.8628037,0.01835931,,,,
238198_at,0.86281102,-0.0105908,,,,
228346_at,0.86281321,-0.03852659,,,,
228469_at,0.86281872,0.05972903,,,,
227550_at,0.86282632,-0.07290155,,,,
1569929_at,0.86284081,0.00748034,,,,
201415_at,0.86285469,0.02371799,,,,
201173_x_at,0.86287634,-0.02303577,,,,
234275_at,0.86293457,0.0117329,,,,
240282_at,0.86293588,-0.02573387,,,,
230911_at,0.86297682,-0.0125143,,,,
235016_at,0.86298006,-0.03631157,,,,
209404_s_at,0.86301232,0.0238003,,,,
239742_at,0.86305029,-0.03833014,,,,
AFFX-HUMGAPDH/M33197_3_at,0.86306762,-0.01688762,,,,
235940_at,0.86310518,-0.02813351,,,,
231897_at,0.86314598,0.06961054,,,,
223346_at,0.86314998,0.02049992,,,,
221901_at,0.86321045,-0.03317766,,,,
238880_at,0.86323283,-0.03624646,,,,
231866_at,0.86324666,-0.03876944,,,,
226106_at,0.86325155,0.03319581,,,,
1562689_at,0.86325201,-0.01197208,,,,
228962_at,0.86325307,0.03895611,,,,
221582_at,0.86329786,0.06567653,,,,
211997_x_at,0.8633516,0.02587049,,,,
202432_at,0.86337439,0.02688141,,,,
1559621_at,0.86338375,-0.00894554,,,,
207829_s_at,0.86340393,-0.02604663,,,,
232447_at,0.86342796,0.01743012,,,,
213906_at,0.86343343,-0.07491751,,,,
236923_x_at,0.86343647,0.01264075,,,,
243730_at,0.86343871,0.02171454,,,,
230621_at,0.86351679,0.03189839,,,,
214298_x_at,0.86352458,0.03885949,,,,
213785_at,0.86354154,-0.02166054,,,,
200659_s_at,0.8635586,0.02100018,,,,
234762_x_at,0.86363638,0.03113361,,,,
237478_at,0.86365168,-0.01280781,,,,
238958_at,0.86365656,-0.00978597,,,,
202232_s_at,0.86366968,-0.02133288,,,,
1560432_at,0.86367888,0.01023324,,,,
1558236_at,0.86369634,-0.02812385,,,,
210554_s_at,0.86372531,0.03099223,,,,
220073_s_at,0.86373694,0.03849133,,,,
209076_s_at,0.86374755,0.02746741,,,,
228851_s_at,0.86377038,-0.03427117,,,,
232166_at,0.86383039,-0.03575485,,,,
216469_at,0.86384426,-0.00673663,,,,
1556622_s_at,0.86387791,0.00748482,,,,
236087_at,0.86388873,-0.02198394,,,,
214745_at,0.86390888,0.06109078,,,,
238875_at,0.8639263,0.02382054,,,,
213618_at,0.86393352,-0.05602765,,,,
226854_at,0.86395641,0.02413433,,,,
214846_s_at,0.86396111,0.02565693,,,,
200899_s_at,0.86398643,0.01843864,,,,
211553_x_at,0.86400351,-0.01235737,,,,
229292_at,0.86408794,0.0760306,,,,
209947_at,0.864164,-0.01870006,,,,
1568754_at,0.86419833,0.01324519,,,,
228388_at,0.86421244,0.02135096,,,,
242076_at,0.86422257,-0.00972073,,,,
213047_x_at,0.86425184,-0.02177768,,,,
201829_at,0.8642584,-0.0349184,,,,
213190_at,0.86426732,-0.02651678,,,,
239226_at,0.86428598,0.01802115,,,,
233449_at,0.86428968,0.01876853,,,,
214537_at,0.86429163,-0.02252405,,,,
239203_at,0.86439541,-0.01868646,,,,
210160_at,0.86448329,-0.02410142,,,,
203197_s_at,0.86448894,-0.01824576,,,,
1561035_at,0.86449782,-0.01026525,,,,
227713_at,0.86456731,0.02858537,,,,
1562611_at,0.86458426,0.00602252,,,,
232523_at,0.86462778,0.06835234,,,,
234296_s_at,0.86472413,0.02748825,,,,
205694_at,0.86473204,0.12655699,,,,
225523_at,0.86474184,-0.01955958,,,,
233740_at,0.86474848,-0.00916528,,,,
215308_at,0.86478928,-0.00910336,,,,
1555981_at,0.86479898,0.01857603,,,,
240284_x_at,0.86481699,-0.05041084,,,,
205268_s_at,0.86483805,0.02268681,,,,
1557889_at,0.86485239,0.01700245,,,,
211237_s_at,0.8648573,-0.04311041,,,,
215205_x_at,0.86486567,0.0148632,,,,
203596_s_at,0.86488457,0.03383939,,,,
219194_at,0.86489496,-0.05033534,,,,
219882_at,0.86490892,0.03617476,,,,
203171_s_at,0.86490971,0.01597226,,,,
237420_at,0.86492433,-0.00931516,,,,
212718_at,0.86498138,0.01631229,,,,
212146_at,0.86500303,-0.02579451,,,,
204136_at,0.86503693,0.04073418,,,,
222153_at,0.86503911,0.0165707,,,,
232268_at,0.86510013,-0.0099759,,,,
240832_at,0.8651032,-0.00898702,,,,
220399_at,0.86516404,0.0271594,,,,
216321_s_at,0.86517089,0.04866846,,,,
212201_at,0.86524856,-0.02524991,,,,
216654_at,0.86527245,-0.01078856,,,,
234180_at,0.86529044,0.00890045,,,,
224953_at,0.86536114,0.02809027,,,,
209470_s_at,0.86537762,-0.0889634,,,,
216331_at,0.86537907,0.03530466,,,,
1555180_at,0.86538201,0.01329195,,,,
224220_x_at,0.86540421,-0.01790562,,,,
205110_s_at,0.86540609,-0.06554381,,,,
1565325_at,0.86540788,0.00899629,,,,
1569104_a_at,0.86544672,0.01874498,,,,
224900_at,0.86545305,-0.01853942,,,,
238960_s_at,0.86555825,0.02725884,,,,
237311_at,0.8655592,-0.02243969,,,,
240334_at,0.86556305,-0.00975829,,,,
214265_at,0.86560426,-0.05060492,,,,
1554863_s_at,0.86562348,0.05068832,,,,
231237_x_at,0.86565095,-0.01220414,,,,
1556350_a_at,0.86572064,-0.01018225,,,,
237201_at,0.86575096,0.01163141,,,,
235860_at,0.8657897,-0.00913703,,,,
207225_at,0.86580075,0.01204052,,,,
216905_s_at,0.86581267,-0.07177564,,,,
234723_x_at,0.86582468,-0.04105661,,,,
214246_x_at,0.86583008,0.02671273,,,,
229708_at,0.86589611,0.00969222,,,,
227693_at,0.86590281,0.02440225,,,,
212995_x_at,0.86599166,-0.02282616,,,,
242524_at,0.86602987,-0.03068415,,,,
234141_s_at,0.86605915,-0.00899746,,,,
214129_at,0.86607143,0.02869362,,,,
232126_at,0.8661292,-0.01797051,,,,
223908_at,0.86618719,-0.03390909,,,,
234042_at,0.86618781,0.01140029,,,,
207889_at,0.86621337,-0.01089512,,,,
209079_x_at,0.86621571,-0.02770198,,,,
228190_at,0.8662248,-0.02905934,,,,
234229_at,0.86628138,-0.01194504,,,,
217416_x_at,0.86630243,-0.03281197,,,,
239897_at,0.86632318,0.0189203,,,,
203136_at,0.86634154,-0.02826542,,,,
209656_s_at,0.86635999,0.04960809,,,,
226548_at,0.86638169,0.05864496,,,,
233450_at,0.86639728,0.01658206,,,,
203237_s_at,0.86645169,-0.01156157,,,,
226009_at,0.86645805,0.031817,,,,
1562596_at,0.86655014,0.00653321,,,,
223245_at,0.86657251,0.04215671,,,,
209189_at,0.86658116,-0.06755559,,,,
240110_at,0.86666948,0.07095578,,,,
AFFX-r2-Bs-thr-3_s_at,0.86671545,0.04606522,,,,
232055_at,0.86672566,-0.02380253,,,,
236994_at,0.86672837,-0.03141946,,,,
222531_s_at,0.86673317,0.02154441,,,,
230280_at,0.86675159,-0.02796133,,,,
240310_at,0.86679648,0.02176542,,,,
212177_at,0.86686347,0.04475232,,,,
204167_at,0.86687933,0.03514422,,,,
215523_at,0.86689236,-0.01735327,,,,
237383_at,0.86691347,-0.03563742,,,,
55093_at,0.86691907,0.01775191,,,,
1559929_at,0.86693685,-0.0263991,,,,
240478_at,0.86695372,-0.03008854,,,,
1570391_at,0.86695377,0.00848946,,,,
224578_at,0.86695905,-0.02774487,,,,
207178_s_at,0.86696517,0.04634123,,,,
1555561_a_at,0.86696708,-0.04438331,,,,
224071_at,0.86697165,0.02346621,,,,
243262_at,0.86698788,0.0169997,,,,
229896_at,0.86698929,-0.0317354,,,,
219281_at,0.86700074,0.0412672,,,,
241963_at,0.86701731,-0.0316673,,,,
232231_at,0.86702923,0.05987668,,,,
1568879_a_at,0.86703554,-0.01838506,,,,
201628_s_at,0.86704162,0.02261637,,,,
233432_at,0.867052,-0.01016129,,,,
211743_s_at,0.86705571,-0.01787432,,,,
220174_at,0.86705624,-0.03869387,,,,
1554113_a_at,0.86706675,0.02157373,,,,
210186_s_at,0.8670963,-0.03442263,,,,
231204_at,0.86710059,-0.01101647,,,,
219547_at,0.86711362,0.02031782,,,,
210095_s_at,0.86713402,-0.0520118,,,,
1555505_a_at,0.86713926,0.07550223,,,,
203928_x_at,0.86716539,-0.0534675,,,,
218707_at,0.86716582,0.01658162,,,,
220322_at,0.86717266,-0.06214864,,,,
205625_s_at,0.86717804,-0.12133962,,,,
220802_at,0.86723641,-0.01186866,,,,
207324_s_at,0.86725546,0.086967,,,,
204233_s_at,0.86729438,-0.03800974,,,,
204486_at,0.86729582,0.01219285,,,,
242756_at,0.86733893,-0.02265652,,,,
217228_s_at,0.86735041,-0.01005425,,,,
1568891_x_at,0.86735797,-0.00828863,,,,
222245_s_at,0.86737535,-0.03479703,,,,
229766_at,0.86737554,0.02262127,,,,
229994_at,0.86738292,-0.04487042,,,,
1558779_at,0.86744252,-0.00824203,,,,
213848_at,0.86744843,-0.04004051,,,,
1568638_a_at,0.86747669,0.02942878,,,,
240735_at,0.86748797,0.01329896,,,,
236384_at,0.86751407,0.01924215,,,,
222453_at,0.86756632,0.06890561,,,,
225456_at,0.86758966,0.01921503,,,,
231091_x_at,0.86759815,0.00984885,,,,
221899_at,0.86760077,-0.04097379,,,,
1562576_at,0.8676017,-0.00712294,,,,
237700_at,0.86761017,-0.00864748,,,,
1556437_at,0.8676253,-0.00855688,,,,
241956_at,0.86762766,-0.03002362,,,,
1569201_a_at,0.86763996,-0.02161817,,,,
208025_s_at,0.86771526,-0.10361772,,,,
236113_at,0.867745,0.03182914,,,,
224409_s_at,0.86775966,0.01200921,,,,
212454_x_at,0.86778738,-0.04033866,,,,
221555_x_at,0.86779831,-0.0292968,,,,
215386_at,0.86780538,0.01828295,,,,
211904_x_at,0.86791275,0.01580516,,,,
1560174_at,0.86793905,-0.0075693,,,,
236172_at,0.86798479,0.04062089,,,,
233864_s_at,0.86805106,0.01936005,,,,
227341_at,0.86810595,-0.05667836,,,,
234890_at,0.86816824,0.01161588,,,,
237856_at,0.86820369,-0.01297176,,,,
1558512_at,0.86820666,0.02783077,,,,
235285_at,0.86822469,-0.01911999,,,,
1560647_at,0.86824824,0.01137248,,,,
231859_at,0.86825747,0.04624778,,,,
204823_at,0.86831468,-0.06795541,,,,
220331_at,0.86834431,0.01967588,,,,
1557835_at,0.86836967,-0.01977528,,,,
232621_at,0.86839713,-0.01389095,,,,
1561737_at,0.86840031,0.00888899,,,,
232332_at,0.86840662,-0.01496076,,,,
211449_at,0.86841243,-0.00897832,,,,
214522_x_at,0.86845046,0.03908954,,,,
209845_at,0.86845416,-0.02808895,,,,
237916_at,0.86845729,0.01031258,,,,
1570482_at,0.86846794,0.02364907,,,,
211375_s_at,0.86847197,0.02595762,,,,
241613_at,0.86848715,0.02105533,,,,
210585_s_at,0.86850428,0.02896757,,,,
212764_at,0.86851728,0.05386032,,,,
223941_at,0.86854786,0.0132349,,,,
1566932_x_at,0.8685553,0.01227459,,,,
243380_at,0.86856588,-0.00952188,,,,
218919_at,0.86856641,0.02674404,,,,
208628_s_at,0.86865527,-0.01703914,,,,
202135_s_at,0.86865994,-0.01601662,,,,
220638_s_at,0.86866009,0.06845023,,,,
217310_s_at,0.8686876,0.02823354,,,,
204645_at,0.86875245,-0.02268459,,,,
1564840_at,0.86876443,-0.00822767,,,,
210367_s_at,0.86877708,0.06710652,,,,
1569399_at,0.86878458,0.01652866,,,,
227045_at,0.86882469,-0.03347433,,,,
228229_at,0.86882814,0.01481671,,,,
234604_at,0.86882957,0.01597502,,,,
1557762_at,0.86884559,-0.00739443,,,,
216057_at,0.86890524,-0.01092811,,,,
226487_at,0.86893194,0.02832814,,,,
1559524_at,0.86893736,0.02928915,,,,
210307_s_at,0.86896663,0.01526952,,,,
241347_at,0.86896763,-0.02498891,,,,
243774_at,0.86896898,0.02856112,,,,
205024_s_at,0.86898275,0.03511367,,,,
205308_at,0.86900828,-0.04298011,,,,
237917_at,0.86901905,-0.01588918,,,,
218416_s_at,0.86903615,0.01577523,,,,
1557782_s_at,0.86912302,0.01324859,,,,
212825_at,0.86913198,0.02666635,,,,
201375_s_at,0.8691631,0.02201161,,,,
208652_at,0.86918041,-0.01751699,,,,
1561577_at,0.86918221,-0.00842112,,,,
1557778_at,0.86920218,-0.01443105,,,,
218464_s_at,0.86929367,0.02871834,,,,
231901_at,0.8693043,0.02272505,,,,
215038_s_at,0.86931139,-0.01785205,,,,
228115_at,0.86931465,0.04888802,,,,
217660_at,0.86938064,-0.02012899,,,,
1557881_at,0.8693819,-0.00869417,,,,
206262_at,0.86943439,0.1379386,,,,
223590_at,0.86944975,0.0315371,,,,
222870_s_at,0.86945147,-0.02943942,,,,
217054_at,0.86945248,-0.01367023,,,,
217541_x_at,0.86955487,-0.01494069,,,,
212261_at,0.86956058,0.0145671,,,,
1555090_x_at,0.86956095,0.02328404,,,,
213396_s_at,0.86959024,-0.01936945,,,,
1561902_at,0.8695937,-0.00815,,,,
217289_s_at,0.86960614,0.04972821,,,,
244199_at,0.86960851,-0.00955447,,,,
225558_at,0.86961283,-0.02667465,,,,
216110_x_at,0.869623,0.01819357,,,,
207532_at,0.86968136,-0.01211756,,,,
211703_s_at,0.86972975,-0.02718506,,,,
238650_x_at,0.86973493,-0.01098892,,,,
226919_at,0.86973628,-0.02174941,,,,
52651_at,0.8697414,0.04022074,,,,
1564964_at,0.86974662,0.0075697,,,,
207298_at,0.86976424,0.06185942,,,,
223219_s_at,0.86976717,0.01916059,,,,
223256_at,0.86982098,0.02555023,,,,
230288_at,0.86982455,-0.0252585,,,,
201712_s_at,0.86985289,-0.02590412,,,,
228282_at,0.8698665,0.0292982,,,,
235984_at,0.86987457,-0.0232545,,,,
230062_at,0.86989865,-0.01525352,,,,
220909_at,0.86995079,0.01566561,,,,
1560558_at,0.8699896,-0.01007278,,,,
203865_s_at,0.87000562,0.03928306,,,,
212256_at,0.87001502,-0.0439931,,,,
217706_at,0.87004526,0.0132676,,,,
203417_at,0.87012508,-0.06084766,,,,
227352_at,0.87012957,-0.02597155,,,,
207981_s_at,0.87017244,0.0710394,,,,
222315_at,0.87022009,-0.03718173,,,,
37152_at,0.87024685,0.02933722,,,,
234564_at,0.87027873,0.01040368,,,,
227010_at,0.87028686,0.02073108,,,,
201941_at,0.87031232,0.03942286,,,,
235609_at,0.87032875,0.04229761,,,,
241560_at,0.87032907,0.06032034,,,,
229145_at,0.87036143,0.02205886,,,,
225396_at,0.87043375,0.0283489,,,,
205394_at,0.87051041,0.0507722,,,,
1569892_at,0.87052742,-0.0105468,,,,
203571_s_at,0.87053473,-0.07613798,,,,
228465_at,0.87054684,0.03662536,,,,
208679_s_at,0.87056815,0.02103524,,,,
1566716_at,0.87059511,0.00706878,,,,
241590_at,0.87061221,0.00901658,,,,
1562240_at,0.8707166,-0.02034863,,,,
238587_at,0.87071848,0.0426328,,,,
202921_s_at,0.87073111,-0.03141455,,,,
238502_at,0.87080156,0.01131453,,,,
1569736_at,0.87083812,0.01994671,,,,
208711_s_at,0.87089372,-0.05290539,,,,
1564292_at,0.87093971,-0.01295398,,,,
242137_at,0.87095079,-0.0367282,,,,
1552990_at,0.87096306,0.01063461,,,,
221357_at,0.87098672,0.01492416,,,,
205701_at,0.8710184,0.02068465,,,,
240399_at,0.87102738,-0.02076499,,,,
218624_s_at,0.87104599,-0.02084521,,,,
217543_s_at,0.87105161,-0.02936573,,,,
228888_at,0.87106372,0.02902613,,,,
231819_at,0.87109145,0.02005601,,,,
234085_at,0.8710947,0.0077914,,,,
227112_at,0.87111523,0.02162029,,,,
215450_at,0.87113262,-0.03935976,,,,
210582_s_at,0.87113353,-0.03761386,,,,
225105_at,0.87114424,0.06727947,,,,
244448_at,0.87114667,-0.01074517,,,,
240101_at,0.87116831,0.00903825,,,,
221772_s_at,0.8711781,0.01993617,,,,
234865_at,0.87125093,-0.00878901,,,,
237044_s_at,0.87129376,-0.02205818,,,,
38241_at,0.87136429,0.04674067,,,,
219017_at,0.87136674,0.0377946,,,,
212207_at,0.87137066,-0.03040689,,,,
216909_at,0.87138294,-0.01142402,,,,
208564_at,0.87140318,-0.01067944,,,,
37986_at,0.87140745,-0.02190325,,,,
204717_s_at,0.87140933,-0.0401231,,,,
219116_s_at,0.87141346,0.02668971,,,,
230874_at,0.87141915,0.03400475,,,,
224333_s_at,0.87144266,0.02240774,,,,
226142_at,0.87145725,0.05066182,,,,
233067_at,0.87145821,-0.0123281,,,,
208420_x_at,0.87146884,0.02074701,,,,
228070_at,0.87147155,0.02072449,,,,
200670_at,0.87149514,0.04555181,,,,
234520_at,0.87152249,0.0113295,,,,
217749_at,0.87152839,-0.0265773,,,,
202828_s_at,0.87155546,-0.03528772,,,,
223363_at,0.87159787,0.02494082,,,,
220428_at,0.87159969,-0.0409059,,,,
201942_s_at,0.87165201,-0.03521435,,,,
1565407_at,0.8716692,-0.00940316,,,,
202720_at,0.87172389,0.04327594,,,,
1560826_at,0.87172609,-0.02078041,,,,
233931_at,0.87172882,0.01593483,,,,
207180_s_at,0.87176088,-0.03783394,,,,
241850_at,0.87177731,-0.00670039,,,,
218212_s_at,0.87180318,-0.02931045,,,,
226444_at,0.87180714,-0.05606859,,,,
1559459_at,0.87181969,0.03281483,,,,
229204_at,0.87184883,-0.02663069,,,,
1569784_at,0.87185922,-0.00631189,,,,
202348_s_at,0.8718628,-0.02009684,,,,
223081_at,0.87186456,-0.01914494,,,,
238800_s_at,0.87193841,0.02039458,,,,
223058_at,0.87193966,0.03823075,,,,
241955_at,0.8719754,0.02603581,,,,
224053_s_at,0.87198438,-0.01398924,,,,
59437_at,0.87202526,0.04352818,,,,
227012_at,0.87207088,0.02649331,,,,
226960_at,0.8720714,-0.06764573,,,,
216718_at,0.87211482,0.01012566,,,,
225510_at,0.87214037,0.04600901,,,,
232723_at,0.87214801,-0.00998442,,,,
217242_at,0.8721713,0.01008753,,,,
203765_at,0.8721784,0.03605456,,,,
208270_s_at,0.87218048,-0.01851471,,,,
243707_at,0.8722246,-0.02076891,,,,
216367_at,0.87222481,-0.00947593,,,,
220951_s_at,0.87223073,-0.11073939,,,,
201116_s_at,0.87227634,0.06852101,,,,
226400_at,0.87228284,-0.02218973,,,,
216466_at,0.87233414,-0.00800487,,,,
214737_x_at,0.87233997,0.01512783,,,,
225145_at,0.87235575,0.0256294,,,,
229408_at,0.87239149,-0.01479556,,,,
1554060_s_at,0.87240329,0.03138415,,,,
228182_at,0.87240343,0.01916885,,,,
208398_s_at,0.872404,-0.02702783,,,,
1552670_a_at,0.87241275,-0.04941374,,,,
1552477_a_at,0.87242084,0.08221857,,,,
243092_at,0.8724355,-0.02935793,,,,
236895_at,0.87245627,0.00991432,,,,
237157_at,0.87249292,0.02850916,,,,
203916_at,0.87252998,0.0161613,,,,
211952_at,0.87255411,0.03299309,,,,
206452_x_at,0.87258414,-0.02198813,,,,
242989_at,0.87260072,0.03609907,,,,
241916_at,0.87260893,0.04019007,,,,
201648_at,0.8726091,0.02098485,,,,
227384_s_at,0.87264608,-0.04511642,,,,
231373_at,0.87267284,0.00877632,,,,
1560872_at,0.87268514,0.00766679,,,,
241069_at,0.87270794,0.00923498,,,,
1560456_at,0.87272023,-0.01343216,,,,
227471_at,0.87272761,0.03552561,,,,
1566783_at,0.87273712,-0.00845285,,,,
224788_at,0.87274463,0.01793519,,,,
207858_s_at,0.87282886,0.02796131,,,,
243213_at,0.87284686,0.0156555,,,,
242202_at,0.87289047,0.00899875,,,,
228821_at,0.87290469,0.06570438,,,,
222046_at,0.8729634,0.01165066,,,,
1561962_at,0.87298238,-0.00785917,,,,
209979_at,0.87301513,0.01805841,,,,
214101_s_at,0.87305259,0.02838213,,,,
222871_at,0.87306973,-0.04236946,,,,
228540_at,0.87307373,0.03191987,,,,
231279_at,0.87307456,0.00821537,,,,
215551_at,0.87307949,-0.0080383,,,,
210572_at,0.8730882,0.02549998,,,,
210694_s_at,0.87310622,0.03714935,,,,
1566953_x_at,0.8731375,-0.00647066,,,,
232729_at,0.87314338,-0.02925798,,,,
207851_s_at,0.87315095,0.0331764,,,,
242075_at,0.87315697,0.01295537,,,,
226536_at,0.87315927,-0.02928005,,,,
208159_x_at,0.87317607,-0.02499,,,,
1566515_at,0.87317899,0.00799056,,,,
1565897_at,0.87318517,-0.00894559,,,,
201933_at,0.87322567,0.01909923,,,,
1553373_at,0.87322987,-0.01019268,,,,
210958_s_at,0.87322997,0.02903744,,,,
232924_at,0.87329086,0.01206631,,,,
215285_s_at,0.87331241,0.03314197,,,,
200073_s_at,0.87331373,-0.02075467,,,,
207727_s_at,0.87332527,0.022474,,,,
204997_at,0.87333946,0.0455485,,,,
238688_at,0.87337281,-0.02101697,,,,
240406_at,0.87337384,0.01254866,,,,
228605_at,0.87338355,0.0232622,,,,
1558645_at,0.87340114,-0.01420257,,,,
228461_at,0.87343622,-0.04725644,,,,
209678_s_at,0.87346952,-0.0465074,,,,
221706_s_at,0.8734895,-0.02231464,,,,
230285_at,0.8734931,-0.05544996,,,,
1566432_at,0.87350102,0.01143218,,,,
212348_s_at,0.87355047,-0.02492057,,,,
216516_at,0.87355827,-0.01183974,,,,
206745_at,0.87358921,-0.02160772,,,,
205437_at,0.873596,0.02497816,,,,
235047_x_at,0.87361492,0.0122618,,,,
233825_s_at,0.87362158,-0.03284102,,,,
231166_at,0.87367983,-0.04725298,,,,
243444_at,0.87368373,0.0384731,,,,
240495_at,0.87371326,0.01015951,,,,
218092_s_at,0.87372407,-0.02535852,,,,
201735_s_at,0.87376405,-0.02677433,,,,
1569040_s_at,0.87376736,-0.04624458,,,,
220391_at,0.87377143,0.0194095,,,,
221790_s_at,0.87382244,0.02462632,,,,
210756_s_at,0.87382562,0.03205732,,,,
1569995_at,0.87383095,-0.00746749,,,,
202094_at,0.87383791,0.04841147,,,,
214435_x_at,0.87384442,0.02953815,,,,
206318_at,0.87390569,0.00805929,,,,
203995_at,0.87391521,-0.01084199,,,,
242183_at,0.8739222,0.01305077,,,,
233642_s_at,0.87394426,0.02360937,,,,
211203_s_at,0.87398044,-0.04228278,,,,
235254_at,0.87398167,0.00904788,,,,
234914_at,0.87402488,0.0089164,,,,
225184_at,0.87404357,0.02535534,,,,
241605_at,0.87406833,-0.00956124,,,,
232502_at,0.87408054,0.00800367,,,,
232031_s_at,0.87409678,-0.01526918,,,,
219653_at,0.87409791,-0.02189623,,,,
238810_at,0.87411249,-0.02826575,,,,
212455_at,0.87411451,0.01562825,,,,
205364_at,0.87411998,0.08279069,,,,
207774_at,0.87416884,-0.01204251,,,,
240705_at,0.87417713,-0.00902821,,,,
204363_at,0.87417833,-0.06895755,,,,
204067_at,0.87417838,0.0343229,,,,
203137_at,0.8741917,-0.02447273,,,,
1559026_at,0.87420029,0.02562167,,,,
1566959_at,0.8742182,0.01783884,,,,
231968_at,0.87424401,0.01842296,,,,
1555321_at,0.87426396,-0.01139965,,,,
209400_at,0.87430309,0.01053615,,,,
231575_at,0.87431349,-0.01028934,,,,
212988_x_at,0.87432161,-0.0088845,,,,
229810_at,0.87432635,-0.02682738,,,,
240014_at,0.87432907,0.01067711,,,,
1566637_at,0.87434361,-0.0074591,,,,
227677_at,0.87434467,0.03608371,,,,
202019_s_at,0.87440016,0.01984447,,,,
1568597_at,0.87440524,-0.02916081,,,,
229143_at,0.8744372,0.02793772,,,,
1562684_at,0.87451817,0.01105595,,,,
239508_x_at,0.87455579,0.01453439,,,,
227562_at,0.8745713,0.02918501,,,,
219662_at,0.8745804,-0.02341389,,,,
241528_at,0.87458338,-0.00868806,,,,
215418_at,0.8746315,-0.02373579,,,,
212135_s_at,0.87469571,0.04200914,,,,
228549_at,0.87470586,0.04407012,,,,
228001_at,0.87470746,0.01854243,,,,
202615_at,0.87472439,0.02222564,,,,
235058_at,0.87473019,-0.02101592,,,,
1556764_s_at,0.87479141,-0.02635114,,,,
234003_at,0.87480657,-0.01419979,,,,
210247_at,0.87483162,-0.02587951,,,,
213367_at,0.87483709,-0.01646581,,,,
1552829_at,0.87487574,0.01272351,,,,
231269_at,0.87487969,0.02561516,,,,
240109_at,0.8748828,0.01314095,,,,
205879_x_at,0.87488699,-0.02411192,,,,
214822_at,0.87499187,0.01502065,,,,
32541_at,0.87503324,-0.02830531,,,,
230008_at,0.87504887,0.03743164,,,,
226240_at,0.87507216,0.01690874,,,,
204414_at,0.87507452,0.0113907,,,,
207999_s_at,0.8750769,-0.01264614,,,,
1563080_at,0.87507948,-0.0111861,,,,
240496_at,0.87511217,-0.0170581,,,,
216486_x_at,0.87514538,0.01718523,,,,
1554386_at,0.87515045,0.01168208,,,,
214216_s_at,0.87516066,-0.02980004,,,,
206878_at,0.87519438,0.05877159,,,,
216967_at,0.87526925,-0.00931307,,,,
240352_at,0.87528277,0.01426891,,,,
210130_s_at,0.87532818,0.04758373,,,,
205223_at,0.87532845,-0.017368,,,,
216179_x_at,0.87536085,-0.01765427,,,,
225279_s_at,0.87538386,0.02234282,,,,
207143_at,0.87540585,-0.0346397,,,,
215611_at,0.8754187,-0.01928186,,,,
216675_at,0.87545044,-0.01170879,,,,
238648_at,0.87549074,-0.01020854,,,,
201874_at,0.87549233,0.02870709,,,,
1554325_at,0.87553743,-0.00863498,,,,
220661_s_at,0.87559464,-0.03204512,,,,
1561612_at,0.87561941,-0.00914285,,,,
1563078_at,0.87562529,-0.00856667,,,,
200800_s_at,0.87563855,0.03298677,,,,
213940_s_at,0.87565491,0.03274917,,,,
1558556_at,0.87565525,-0.01269796,,,,
219493_at,0.87567012,0.04438796,,,,
212415_at,0.87571248,-0.03745416,,,,
209395_at,0.87571654,-0.11073829,,,,
215649_s_at,0.87572895,0.03012178,,,,
221172_at,0.87574752,-0.01424289,,,,
33197_at,0.87577968,-0.02997903,,,,
1553220_at,0.87578234,0.0354153,,,,
1564175_at,0.87578748,0.03137588,,,,
225761_at,0.87586837,-0.02186529,,,,
221450_x_at,0.87587742,-0.02176347,,,,
215254_at,0.87587795,0.0105874,,,,
205010_at,0.87594203,0.02557086,,,,
233856_at,0.87595406,-0.00816068,,,,
230407_at,0.87595642,0.02517741,,,,
208425_s_at,0.87602224,0.0614125,,,,
223120_at,0.87605513,0.02649355,,,,
244610_x_at,0.87609054,0.0185155,,,,
202805_s_at,0.87611991,-0.03144397,,,,
1552617_a_at,0.87612708,0.02274024,,,,
201982_s_at,0.87615213,-0.0153877,,,,
234953_x_at,0.8761709,0.01335314,,,,
222618_at,0.87617417,-0.01651915,,,,
203504_s_at,0.87617887,-0.0405381,,,,
210275_s_at,0.87619173,0.01513875,,,,
222925_at,0.87619539,0.08590859,,,,
243007_at,0.8762322,0.02634766,,,,
201219_at,0.87628364,0.03677577,,,,
214353_at,0.87628562,0.02443582,,,,
1559867_at,0.87629522,0.03135702,,,,
223039_at,0.87633874,-0.02662852,,,,
243792_x_at,0.87636471,-0.01944178,,,,
214883_at,0.87638272,-0.01123254,,,,
241059_at,0.87638975,-0.00867875,,,,
1552663_a_at,0.87639426,-0.01539727,,,,
217343_at,0.87643666,0.00666575,,,,
208877_at,0.87645061,-0.01768588,,,,
211179_at,0.87645113,0.01159939,,,,
220871_at,0.87646093,-0.01114289,,,,
237566_at,0.87650661,-0.00750807,,,,
242615_at,0.87651281,-0.00945606,,,,
215737_x_at,0.87659174,-0.01041387,,,,
1565765_x_at,0.87660045,-0.0100949,,,,
237993_at,0.87661028,-0.01378544,,,,
229053_at,0.87662259,0.06082978,,,,
210912_x_at,0.87662876,0.02296591,,,,
224003_at,0.87664382,-0.01706626,,,,
211274_at,0.87665645,0.00991848,,,,
235557_at,0.87676045,0.05853983,,,,
203117_s_at,0.87676117,0.02250689,,,,
205869_at,0.87689004,0.05060694,,,,
226874_at,0.87691489,0.02010359,,,,
203620_s_at,0.87691656,0.02515317,,,,
227387_at,0.87692261,-0.01492273,,,,
205678_at,0.87693914,0.02596018,,,,
230776_at,0.87696695,-0.04785865,,,,
234799_at,0.87699033,0.01643128,,,,
1559514_at,0.87702512,-0.01319797,,,,
229232_at,0.87703343,-0.02064347,,,,
234981_x_at,0.8770429,0.02259483,,,,
1557242_at,0.87704569,0.02473042,,,,
226880_at,0.87705728,-0.02093061,,,,
1555079_at,0.87708403,-0.00738114,,,,
209392_at,0.87712334,0.06863926,,,,
243786_at,0.8771393,0.03927076,,,,
216329_at,0.87717495,-0.00999653,,,,
238362_at,0.87717662,0.00797733,,,,
213849_s_at,0.87718784,-0.04414968,,,,
223065_s_at,0.87720528,-0.02046809,,,,
205555_s_at,0.87723353,-0.02936162,,,,
205952_at,0.87732965,0.05307902,,,,
209811_at,0.87733189,0.02664193,,,,
236303_at,0.87733463,-0.01013806,,,,
224428_s_at,0.87736461,-0.08792829,,,,
234142_at,0.87743439,0.00664094,,,,
201296_s_at,0.87744228,0.02564968,,,,
240007_at,0.87746353,-0.00851725,,,,
232633_at,0.87746442,0.02196605,,,,
204693_at,0.87747966,0.02795015,,,,
224545_at,0.87750932,0.0099192,,,,
201131_s_at,0.8775142,0.09277809,,,,
1556301_at,0.87753016,-0.02779284,,,,
231704_at,0.87756617,-0.06675714,,,,
211571_s_at,0.87756836,0.06068579,,,,
202073_at,0.87756992,0.03163416,,,,
236237_at,0.87760385,0.03442246,,,,
236802_at,0.8776102,0.01002384,,,,
229114_at,0.87763044,0.03816521,,,,
234735_s_at,0.87763892,-0.02805215,,,,
214067_at,0.87765653,-0.0088921,,,,
205198_s_at,0.87767011,-0.0300776,,,,
210513_s_at,0.87767347,-0.04429369,,,,
235666_at,0.87767357,-0.04985714,,,,
1567576_at,0.87767795,0.00798871,,,,
239515_at,0.87769491,0.02150879,,,,
1560100_at,0.87773184,-0.01790127,,,,
224965_at,0.87779159,0.02335107,,,,
200616_s_at,0.87780239,-0.02813933,,,,
212850_s_at,0.87780651,0.06718186,,,,
1557864_x_at,0.87782236,-0.00676543,,,,
232222_at,0.87784475,0.01562694,,,,
214933_at,0.87786395,-0.05050714,,,,
213883_s_at,0.87788469,0.02491162,,,,
219612_s_at,0.87789358,-0.19933718,,,,
207054_at,0.87791655,-0.00864478,,,,
210565_at,0.87794796,0.0287492,,,,
201376_s_at,0.87796181,-0.02334262,,,,
209469_at,0.87800353,-0.08085531,,,,
220759_at,0.87801729,-0.00682657,,,,
1568802_at,0.8780182,0.00690512,,,,
231129_at,0.87802601,-0.00939422,,,,
1562799_at,0.87803085,-0.00955529,,,,
1555893_at,0.87803328,0.05172164,,,,
227750_at,0.87804777,0.04000426,,,,
236532_at,0.8780848,0.01146622,,,,
243967_at,0.87809147,-0.01600639,,,,
1557583_at,0.87810339,0.00697438,,,,
211987_at,0.87819545,0.01665038,,,,
1556125_at,0.87822779,0.0110333,,,,
228684_at,0.87826054,-0.01110289,,,,
237808_at,0.8782633,0.00707842,,,,
210684_s_at,0.87827776,-0.01350799,,,,
1561964_at,0.87831861,-0.00853832,,,,
210376_x_at,0.87832716,-0.02111368,,,,
207789_s_at,0.87834194,0.02537491,,,,
240269_at,0.87840518,0.01173986,,,,
219791_s_at,0.87841784,-0.03566605,,,,
1562319_at,0.87846054,-0.01325643,,,,
236085_at,0.87848565,0.02300823,,,,
232559_at,0.87850107,-0.01084375,,,,
206070_s_at,0.87851498,-0.06639171,,,,
1561125_at,0.87853382,-0.00963986,,,,
218088_s_at,0.87853588,0.02429859,,,,
1561939_at,0.87854829,-0.00855676,,,,
202090_s_at,0.87864004,-0.0162975,,,,
215828_at,0.87865429,-0.01779154,,,,
216472_at,0.87867754,-0.01157051,,,,
200843_s_at,0.87868159,-0.02429637,,,,
221748_s_at,0.87869079,-0.03487162,,,,
217517_x_at,0.8786989,-0.00908937,,,,
203535_at,0.87871158,0.07836254,,,,
231675_s_at,0.87873128,0.0575677,,,,
222147_s_at,0.87873416,-0.02629595,,,,
1565436_s_at,0.8787443,-0.02963397,,,,
217679_x_at,0.87876761,0.02683543,,,,
205512_s_at,0.87877408,-0.03610739,,,,
210612_s_at,0.87877431,0.03302608,,,,
206972_s_at,0.87879738,0.0372907,,,,
210252_s_at,0.87881659,-0.01527712,,,,
241726_at,0.87883704,-0.0504498,,,,
1560817_at,0.8788391,0.00817355,,,,
1561906_at,0.87887831,-0.01469784,,,,
225910_at,0.8788967,0.02098225,,,,
1566543_at,0.87891214,-0.00790528,,,,
213581_at,0.87895551,-0.02875581,,,,
244674_at,0.87897367,0.01480869,,,,
217834_s_at,0.87899414,0.02576335,,,,
203066_at,0.87906592,0.04079528,,,,
201685_s_at,0.87908485,0.01615722,,,,
206547_s_at,0.87909569,0.04164863,,,,
216536_at,0.87910582,0.0076347,,,,
227549_x_at,0.87913036,0.01678446,,,,
205724_at,0.87913317,0.04881517,,,,
243529_at,0.87916415,0.03096703,,,,
211932_at,0.8791646,-0.01416036,,,,
204797_s_at,0.87916786,0.0417243,,,,
214652_at,0.8792151,0.0109884,,,,
237901_at,0.87924763,0.00833294,,,,
222600_s_at,0.87927215,0.02262875,,,,
1569858_at,0.87928114,-0.00734844,,,,
206121_at,0.87937158,-0.04765084,,,,
227592_at,0.87937813,0.01819093,,,,
219335_at,0.87939525,0.02740779,,,,
214379_at,0.87940729,-0.00903901,,,,
236531_at,0.87941207,-0.01838571,,,,
211372_s_at,0.87942789,-0.05725095,,,,
216192_at,0.87944003,-0.01101064,,,,
225823_at,0.8794649,0.0140229,,,,
205957_at,0.87949843,-0.01671557,,,,
241950_at,0.87950132,-0.03539078,,,,
218417_s_at,0.87952552,-0.02117445,,,,
240941_at,0.8795475,-0.01488773,,,,
244161_at,0.87955265,-0.00999424,,,,
231205_at,0.87955804,-0.02932585,,,,
1555807_a_at,0.87959685,0.0096108,,,,
1560386_at,0.8796423,-0.01313877,,,,
1555710_at,0.87966493,0.00796757,,,,
223373_s_at,0.87968885,-0.02395176,,,,
232228_at,0.8796927,-0.01461443,,,,
231588_at,0.87970407,0.01680263,,,,
203282_at,0.87973824,0.03151336,,,,
244261_at,0.87974033,0.04564532,,,,
200974_at,0.87977777,-0.04464649,,,,
202435_s_at,0.879792,-0.06191515,,,,
240656_at,0.87983598,0.01253455,,,,
1554443_s_at,0.87985928,-0.0183923,,,,
57539_at,0.8798614,0.04505657,,,,
1561530_at,0.87986414,0.02414622,,,,
238843_at,0.87986723,0.03822158,,,,
231842_at,0.87991178,-0.04797935,,,,
1556054_at,0.87993452,-0.04168832,,,,
1552531_a_at,0.87993634,0.0192946,,,,
215312_at,0.87993675,0.00657458,,,,
243589_at,0.87999209,-0.04463646,,,,
204875_s_at,0.87999947,0.0554445,,,,
220064_at,0.88001872,-0.00975962,,,,
223314_at,0.8800208,-0.02283634,,,,
242968_at,0.88002666,-0.02906424,,,,
222680_s_at,0.88004453,0.04619224,,,,
1570267_at,0.88006994,-0.00937371,,,,
226529_at,0.88007254,0.02359209,,,,
215575_at,0.88009937,0.00853663,,,,
217306_at,0.88009971,0.00628948,,,,
47083_at,0.88011432,0.01278342,,,,
216133_at,0.88013157,-0.02905438,,,,
238872_at,0.88014763,0.0110759,,,,
227520_at,0.88015724,0.0256162,,,,
231088_at,0.88018118,-0.01239655,,,,
227533_at,0.88018305,-0.04548085,,,,
1554894_a_at,0.88019893,0.02404804,,,,
212606_at,0.88026157,-0.02854957,,,,
1555256_at,0.88028142,0.00890045,,,,
225906_at,0.88034537,0.02105036,,,,
224794_s_at,0.88044695,0.03525023,,,,
212075_s_at,0.88045781,0.02872541,,,,
236145_at,0.8804616,-0.01617567,,,,
209231_s_at,0.88047425,0.02714649,,,,
219315_s_at,0.88048577,0.0327368,,,,
225117_at,0.88050015,0.01652004,,,,
219379_x_at,0.8805675,0.01486579,,,,
221827_at,0.88057508,0.02781018,,,,
218047_at,0.8805761,0.01979525,,,,
235957_at,0.88061037,0.04982862,,,,
218855_at,0.88064508,-0.02078293,,,,
237904_at,0.88069426,0.02069628,,,,
221333_at,0.88071391,0.01296158,,,,
242604_at,0.88074605,0.01061117,,,,
226673_at,0.88074964,-0.02630642,,,,
218450_at,0.88075369,0.02651082,,,,
201623_s_at,0.88075976,-0.01948206,,,,
217329_x_at,0.88082151,-0.01733116,,,,
226330_s_at,0.88084743,0.02535716,,,,
241962_at,0.88084819,-0.01608141,,,,
202942_at,0.88085819,-0.03897017,,,,
1570639_at,0.88091765,-0.00837118,,,,
244146_at,0.88093735,0.00812514,,,,
211970_x_at,0.88094069,-0.00905949,,,,
1557659_a_at,0.88094361,-0.01604373,,,,
229152_at,0.88099495,0.09192079,,,,
203789_s_at,0.88099705,-0.06442857,,,,
219797_at,0.88100473,-0.03540646,,,,
231565_at,0.88109424,-0.01107657,,,,
226770_at,0.88110016,-0.03471088,,,,
226415_at,0.88113946,0.02609236,,,,
214356_s_at,0.88115409,-0.01823259,,,,
217079_at,0.88125256,0.01036445,,,,
225424_at,0.88125925,0.05762081,,,,
215014_at,0.88125991,0.0518862,,,,
242599_at,0.88129003,-0.00785363,,,,
237271_at,0.88134531,-0.01046875,,,,
232654_s_at,0.88141163,-0.07126595,,,,
201731_s_at,0.88141708,-0.01918584,,,,
208299_at,0.88142283,0.00883407,,,,
244738_at,0.88142373,-0.01782136,,,,
203944_x_at,0.88146538,0.02261785,,,,
230550_at,0.88149876,-0.05369137,,,,
221283_at,0.88152942,-0.01030554,,,,
224337_s_at,0.88153438,-0.01771144,,,,
1557674_s_at,0.88155575,-0.01336024,,,,
243285_at,0.88156418,0.01299619,,,,
225913_at,0.88156461,0.03229093,,,,
244567_at,0.88156846,0.06205812,,,,
203310_at,0.88157041,-0.02071621,,,,
233868_x_at,0.88159602,-0.02163222,,,,
212398_at,0.88161766,0.03830646,,,,
206846_s_at,0.88162073,-0.02345581,,,,
1554826_at,0.88166576,-0.01089187,,,,
205619_s_at,0.88170373,-0.05727696,,,,
233139_at,0.8817373,-0.02226133,,,,
206098_at,0.88174041,0.02592955,,,,
226485_at,0.88179656,-0.03715619,,,,
243571_at,0.88182827,-0.00754979,,,,
201074_at,0.88182845,-0.02419947,,,,
243646_at,0.88184607,-0.01423558,,,,
230104_s_at,0.88185571,0.03640139,,,,
226934_at,0.88185751,0.04371887,,,,
242094_at,0.88188121,-0.02058968,,,,
1559746_a_at,0.88188344,0.00843674,,,,
1557506_a_at,0.8818922,0.02180296,,,,
213373_s_at,0.88192226,0.02661829,,,,
240620_at,0.88199954,-0.01143544,,,,
1556334_s_at,0.8820215,-0.0086041,,,,
208247_at,0.88203613,-0.00907051,,,,
203045_at,0.8820422,0.02903357,,,,
202994_s_at,0.88205864,-0.07843382,,,,
216773_at,0.88210085,-0.00922581,,,,
218884_s_at,0.88211701,-0.02979208,,,,
239120_at,0.88213406,-0.0273772,,,,
217814_at,0.88214747,-0.01649654,,,,
1570415_at,0.88215474,0.00738922,,,,
243028_x_at,0.88216614,0.01161365,,,,
242510_at,0.8821937,0.01124567,,,,
217623_at,0.882194,0.01951594,,,,
223138_s_at,0.88220689,-0.02869958,,,,
244338_at,0.88223421,-0.01899282,,,,
229406_at,0.88225265,-0.01465844,,,,
242623_x_at,0.88225438,0.00677093,,,,
1569748_at,0.88226697,0.00910321,,,,
1563486_at,0.88227979,0.00686692,,,,
211065_x_at,0.88229942,-0.01679779,,,,
1560202_at,0.88233143,-0.00630524,,,,
233245_at,0.88235437,-0.01917462,,,,
1553550_at,0.88236952,-0.0083519,,,,
225242_s_at,0.8823758,-0.06777765,,,,
238868_at,0.88238437,-0.04695652,,,,
203827_at,0.88243495,0.03484317,,,,
202917_s_at,0.88245123,0.0807011,,,,
233848_x_at,0.88247481,-0.00866356,,,,
215317_at,0.88248712,0.00765961,,,,
223759_s_at,0.8825008,0.02302731,,,,
208242_at,0.88252326,-0.01423638,,,,
1552378_s_at,0.88252852,0.04013692,,,,
1553350_at,0.88253482,-0.01624851,,,,
1557938_s_at,0.8825488,-0.0461888,,,,
224633_s_at,0.88262094,-0.02368866,,,,
207086_x_at,0.88264311,-0.05997618,,,,
1557478_at,0.88266441,-0.01400767,,,,
236563_at,0.88266654,0.01096969,,,,
232683_s_at,0.88267965,-0.04133807,,,,
209501_at,0.88275814,0.02301337,,,,
244859_at,0.88275929,-0.0116744,,,,
212964_at,0.8827727,-0.02590747,,,,
244812_at,0.88279345,-0.00818655,,,,
203149_at,0.88282994,-0.02186843,,,,
218772_x_at,0.88283569,0.03592417,,,,
200719_at,0.88286714,-0.0231505,,,,
226019_at,0.88287413,0.02685385,,,,
243701_at,0.88289021,0.00859644,,,,
1568834_s_at,0.88291662,0.01644783,,,,
231240_at,0.88293384,-0.0508148,,,,
237364_at,0.88297897,0.01967732,,,,
243671_at,0.88303783,0.02792038,,,,
223279_s_at,0.88304754,0.0271334,,,,
1562777_at,0.88305393,0.00973361,,,,
1560573_at,0.88305751,0.01652024,,,,
201082_s_at,0.88306639,-0.03381542,,,,
201262_s_at,0.88309737,0.03484507,,,,
223685_s_at,0.8831426,-0.01956899,,,,
206640_x_at,0.88314441,0.06303418,,,,
214098_at,0.88314527,0.02837727,,,,
1569698_s_at,0.88317847,0.00722682,,,,
237688_at,0.88321292,-0.00795171,,,,
217791_s_at,0.88322549,0.02964289,,,,
227133_at,0.8832506,0.03699486,,,,
243370_at,0.88326347,0.02629568,,,,
232853_at,0.88327177,0.0123124,,,,
220892_s_at,0.88328628,-0.05615939,,,,
210806_at,0.88329756,-0.00991118,,,,
202546_at,0.88330066,-0.03189084,,,,
1557756_a_at,0.88330277,0.01858664,,,,
241032_at,0.88332723,-0.00606652,,,,
207895_at,0.88336686,-0.01890398,,,,
1556679_at,0.88340674,0.0073711,,,,
203393_at,0.88341407,-0.00768557,,,,
221946_at,0.88346052,-0.03401009,,,,
1552927_at,0.88346624,-0.01830183,,,,
205776_at,0.88346868,-0.09293769,,,,
214367_at,0.88348915,0.01044133,,,,
1568655_a_at,0.88349213,-0.00786814,,,,
218335_x_at,0.88349616,0.01666308,,,,
216863_s_at,0.88349684,0.0220842,,,,
204784_s_at,0.88350183,0.06407433,,,,
216778_s_at,0.88351001,0.00861669,,,,
1560741_at,0.88351468,-0.0260773,,,,
235799_at,0.88354346,0.01396212,,,,
213258_at,0.88355845,0.06342757,,,,
205070_at,0.88358875,-0.02205294,,,,
238146_at,0.88364384,0.01959918,,,,
201143_s_at,0.88371604,0.02666459,,,,
1570210_x_at,0.88374868,-0.0237129,,,,
1559652_at,0.88376233,-0.00631483,,,,
211637_x_at,0.88386673,-0.06900582,,,,
244391_at,0.88389828,0.02232764,,,,
236922_at,0.88390793,0.03084932,,,,
224815_at,0.88392093,0.0221973,,,,
230047_at,0.88393151,0.03798702,,,,
1566803_at,0.88396351,-0.00775087,,,,
1561088_at,0.8839738,0.00751492,,,,
239145_at,0.88398944,-0.01186556,,,,
242135_at,0.88400345,0.04348622,,,,
240542_at,0.88401833,-0.0133367,,,,
1563881_at,0.88402051,0.02052406,,,,
220385_at,0.88403161,-0.01148776,,,,
239491_at,0.88403248,-0.00934901,,,,
217007_s_at,0.88408306,0.02585911,,,,
209178_at,0.88409608,0.01624513,,,,
231213_at,0.88414779,-0.05388459,,,,
219096_at,0.88415147,0.01383606,,,,
216196_at,0.88415788,-0.01056156,,,,
215666_at,0.88416687,0.01617781,,,,
208562_s_at,0.88416732,0.02200185,,,,
208065_at,0.88417539,-0.00836675,,,,
243531_at,0.88419454,-0.02427322,,,,
204768_s_at,0.88424391,0.03261768,,,,
207773_x_at,0.88426313,-0.03908736,,,,
1553920_at,0.88427394,-0.00743626,,,,
201021_s_at,0.88428469,-0.01950764,,,,
225052_at,0.884293,-0.01490071,,,,
204222_s_at,0.88429484,0.0410539,,,,
226743_at,0.88430001,-0.04803229,,,,
1569375_at,0.88433794,0.00627336,,,,
212913_at,0.88434214,-0.03879624,,,,
216608_at,0.88439908,-0.01000463,,,,
207716_at,0.88444477,-0.01153286,,,,
235841_at,0.88446688,-0.02285481,,,,
1554095_at,0.88448843,-0.03309586,,,,
1555608_at,0.8844909,0.01403241,,,,
207876_s_at,0.88449547,0.03231971,,,,
218054_s_at,0.8845196,-0.00988067,,,,
206897_at,0.88462029,-0.00952471,,,,
220983_s_at,0.88463577,-0.01576184,,,,
1562854_at,0.88464025,-0.00591845,,,,
223800_s_at,0.88469733,0.04995328,,,,
216591_s_at,0.88472726,-0.03270183,,,,
227092_at,0.88473839,-0.03500639,,,,
215889_at,0.88476634,0.0097778,,,,
233813_at,0.88478837,-0.01942232,,,,
216101_at,0.8848205,-0.02428246,,,,
211392_s_at,0.88483561,-0.02652502,,,,
200917_s_at,0.88483671,-0.03137327,,,,
241088_at,0.8848681,0.00717062,,,,
206921_at,0.88488616,0.01619444,,,,
221381_s_at,0.88489459,-0.01738266,,,,
206125_s_at,0.88490036,0.07132,,,,
230350_at,0.88494297,0.01945128,,,,
214971_s_at,0.8849818,-0.06497795,,,,
209753_s_at,0.88503208,0.0326199,,,,
210858_x_at,0.88504398,-0.02498414,,,,
207667_s_at,0.88504632,-0.0155031,,,,
223674_s_at,0.88507479,0.0357365,,,,
241323_at,0.88507594,-0.00861879,,,,
218186_at,0.88510299,-0.09832672,,,,
1559702_at,0.88512112,0.00997383,,,,
203122_at,0.8851318,0.01516798,,,,
217160_at,0.88520173,0.01006234,,,,
209681_at,0.88534556,0.04108749,,,,
215352_at,0.88535086,0.00938383,,,,
242234_at,0.88535269,0.01422931,,,,
237356_at,0.88537693,0.01633777,,,,
212672_at,0.88538679,-0.03054646,,,,
218244_at,0.88540427,0.02037751,,,,
224212_s_at,0.88543353,-0.05777204,,,,
216139_s_at,0.88544068,-0.0109133,,,,
227320_at,0.88544284,0.06738301,,,,
229966_at,0.8854597,-0.01781018,,,,
224604_at,0.885497,0.02280069,,,,
211262_at,0.88550474,0.01273534,,,,
1563860_at,0.88554484,-0.00838094,,,,
228589_at,0.88558264,0.01202565,,,,
232827_at,0.88563275,0.02511842,,,,
243606_at,0.88566103,0.03591505,,,,
201710_at,0.88570711,-0.03698675,,,,
207775_at,0.88570786,0.00638111,,,,
1554224_at,0.8857972,0.00996267,,,,
208666_s_at,0.88581605,-0.01911046,,,,
244385_at,0.88584518,-0.04797313,,,,
224686_x_at,0.88584756,-0.0216306,,,,
238176_at,0.88585002,0.00911345,,,,
220099_s_at,0.8858545,-0.01382035,,,,
228488_at,0.88586344,0.02273085,,,,
216185_at,0.88588911,0.01638877,,,,
209187_at,0.8859151,-0.02339924,,,,
1561383_at,0.88596378,0.0071162,,,,
226198_at,0.8859638,-0.01623854,,,,
214409_at,0.8859787,0.02004908,,,,
223320_s_at,0.8860378,0.02290302,,,,
218953_s_at,0.88607585,0.03169775,,,,
201347_x_at,0.88609549,0.03595697,,,,
209007_s_at,0.88611885,0.03580747,,,,
1561969_at,0.88617795,-0.05523525,,,,
207415_at,0.88618447,-0.02078016,,,,
209342_s_at,0.88619715,0.02160753,,,,
223721_s_at,0.88620239,-0.06519015,,,,
230318_at,0.88620784,-0.11999466,,,,
240425_x_at,0.8862098,-0.02509862,,,,
1559425_at,0.88621975,-0.02320222,,,,
235540_at,0.88624133,-0.01547163,,,,
219310_at,0.88626163,0.03916157,,,,
232636_at,0.88626207,0.05498824,,,,
239161_at,0.8863457,0.02272765,,,,
212375_at,0.88634749,0.01759055,,,,
231830_x_at,0.88640631,-0.02098391,,,,
219430_at,0.88642969,0.01036357,,,,
236884_at,0.88644544,-0.01359615,,,,
1564368_a_at,0.88645837,-0.0064966,,,,
227929_at,0.8865334,0.06112487,,,,
1554623_x_at,0.88659751,-0.00786062,,,,
206602_s_at,0.88663848,0.01050701,,,,
232583_at,0.88665417,-0.01954046,,,,
233736_at,0.88667185,0.00930441,,,,
202047_s_at,0.88667399,-0.03045763,,,,
1556937_at,0.88667636,0.01103897,,,,
210463_x_at,0.88668401,0.02629527,,,,
229628_s_at,0.88669732,-0.02369699,,,,
211088_s_at,0.88673122,-0.01745077,,,,
222036_s_at,0.88674002,0.03444458,,,,
1556865_at,0.88674069,0.00824319,,,,
204066_s_at,0.88678056,-0.02778173,,,,
213002_at,0.88681802,0.03085363,,,,
203158_s_at,0.88681841,-0.03487283,,,,
223904_at,0.88682912,-0.01054518,,,,
241582_at,0.88685635,0.00799305,,,,
216859_x_at,0.88686195,-0.02696887,,,,
243709_at,0.88686523,-0.02075143,,,,
204298_s_at,0.88686612,0.07663,,,,
223723_at,0.88693,-0.04715723,,,,
200723_s_at,0.88694749,0.02106477,,,,
244566_at,0.88696703,-0.01065707,,,,
242196_at,0.88697858,-0.03649821,,,,
217015_at,0.88705158,-0.00896811,,,,
242043_s_at,0.88705739,-0.01519252,,,,
206401_s_at,0.88709379,-0.04555751,,,,
214424_s_at,0.88710642,-0.05959203,,,,
205003_at,0.88712967,-0.03622969,,,,
223854_at,0.88713807,-0.05167577,,,,
1563772_a_at,0.88715665,-0.01315908,,,,
222820_at,0.88715801,0.03170934,,,,
217092_x_at,0.88721998,-0.01008715,,,,
228276_at,0.88728088,0.00951743,,,,
1553861_at,0.88728699,-0.01313687,,,,
1557812_a_at,0.88728844,0.0138346,,,,
212509_s_at,0.88731376,0.03562459,,,,
229688_at,0.88734428,-0.01439729,,,,
205989_s_at,0.88735327,-0.00710428,,,,
1562699_at,0.88737733,-0.01069378,,,,
243111_at,0.88740238,0.01385086,,,,
1555311_at,0.88742834,0.01432596,,,,
211096_at,0.88742834,-0.01129141,,,,
208770_s_at,0.88743438,-0.01889545,,,,
207087_x_at,0.88743531,0.01992269,,,,
1563445_x_at,0.88746443,-0.03143064,,,,
1554648_a_at,0.88755712,-0.03530218,,,,
216080_s_at,0.88756274,-0.03078833,,,,
203505_at,0.88758999,0.02979764,,,,
226235_at,0.88759693,-0.02662568,,,,
1559705_s_at,0.88759995,-0.02694924,,,,
202539_s_at,0.8876234,0.03128502,,,,
230014_at,0.88766279,0.01131035,,,,
220187_at,0.88770883,0.05260143,,,,
217866_at,0.88773655,-0.01825824,,,,
212387_at,0.88776588,0.04691675,,,,
212609_s_at,0.8878169,-0.04179863,,,,
226808_at,0.88783025,0.03485555,,,,
233365_at,0.88785333,-0.02032229,,,,
234643_x_at,0.88789349,0.0108715,,,,
219584_at,0.88794009,-0.06942731,,,,
234014_at,0.88794967,0.00611396,,,,
242288_s_at,0.88796076,-0.03721347,,,,
232056_at,0.88796224,-0.07821682,,,,
224830_at,0.88802774,0.02211809,,,,
216390_at,0.88802812,0.00778044,,,,
204205_at,0.88803865,-0.0435691,,,,
227502_at,0.88807003,-0.02584802,,,,
240533_at,0.8881136,-0.01061328,,,,
206058_at,0.88811753,0.04382549,,,,
216735_x_at,0.88813954,0.00816744,,,,
210846_x_at,0.88815206,-0.02085778,,,,
202112_at,0.88818702,0.06092307,,,,
200767_s_at,0.8881989,-0.01899442,,,,
229588_at,0.8882212,-0.03224928,,,,
208445_s_at,0.88828946,0.01700168,,,,
201987_at,0.88830244,0.02075997,,,,
226865_at,0.88831374,0.04749465,,,,
229682_at,0.88836653,0.00924614,,,,
203196_at,0.88836983,0.05064957,,,,
215696_s_at,0.88837457,0.02021037,,,,
213885_at,0.88840621,0.01254084,,,,
1562049_at,0.88843298,-0.02074402,,,,
241966_at,0.8884562,0.02984367,,,,
230740_at,0.88849908,-0.02046254,,,,
243982_at,0.88851944,0.02442769,,,,
238027_at,0.88853253,-0.01800703,,,,
223132_s_at,0.88855321,-0.02514066,,,,
242514_at,0.88859532,-0.00807721,,,,
211285_s_at,0.88860161,0.01495253,,,,
225740_x_at,0.88860841,0.02796551,,,,
223290_at,0.88863609,-0.02572205,,,,
212467_at,0.8886413,0.0175892,,,,
208178_x_at,0.88868057,-0.03140023,,,,
230336_at,0.8886878,0.03269532,,,,
1556377_s_at,0.88870735,0.01365012,,,,
228672_at,0.88871468,0.00683031,,,,
235735_at,0.88873951,-0.03863761,,,,
238141_s_at,0.8887665,0.01260583,,,,
1567622_at,0.88877457,-0.00858942,,,,
206523_at,0.88885484,0.01952455,,,,
239965_at,0.88886352,0.02281983,,,,
1570452_at,0.88887351,-0.00554951,,,,
220736_at,0.88887448,-0.0396349,,,,
233383_at,0.88888277,0.0079974,,,,
216888_at,0.88892299,0.01028726,,,,
225038_s_at,0.88895664,0.02012773,,,,
208462_s_at,0.88897231,0.00732272,,,,
1554818_s_at,0.88899136,0.00953463,,,,
230534_at,0.88902646,-0.02942848,,,,
215218_s_at,0.889037,0.01565858,,,,
216895_at,0.8890717,0.01039808,,,,
233174_at,0.88910533,-0.01570134,,,,
219786_at,0.88910924,0.04858538,,,,
238903_at,0.8891295,0.02241557,,,,
235543_at,0.88913763,-0.02059439,,,,
234928_x_at,0.88915363,0.0132516,,,,
224274_at,0.88920249,-0.00667036,,,,
231041_at,0.88921868,0.02412529,,,,
208146_s_at,0.88923181,-0.05183248,,,,
203560_at,0.88924738,-0.05538951,,,,
1556171_a_at,0.88926686,-0.01031073,,,,
207357_s_at,0.88927198,-0.03566152,,,,
218688_at,0.88930517,-0.03308812,,,,
224098_at,0.88932238,-0.00762283,,,,
225261_x_at,0.88940646,-0.02463418,,,,
215825_at,0.8894464,-0.01031437,,,,
207127_s_at,0.88946082,0.01776305,,,,
228700_at,0.88946259,-0.02253507,,,,
1566210_at,0.88951917,-0.00684249,,,,
231656_x_at,0.88952884,0.03191772,,,,
1570439_at,0.88956119,-0.01028038,,,,
232862_at,0.88956281,0.0065162,,,,
226539_s_at,0.88956845,-0.03025105,,,,
32402_s_at,0.88957266,0.01489496,,,,
209424_s_at,0.88960982,-0.04616564,,,,
203614_at,0.88961041,0.01783406,,,,
230149_at,0.88969421,0.02567077,,,,
240331_at,0.88970562,0.03468205,,,,
241278_at,0.8897142,-0.00756623,,,,
224493_x_at,0.88979408,0.01778059,,,,
1553459_at,0.88981743,0.00928612,,,,
239726_at,0.88983165,-0.03040067,,,,
216175_at,0.88983397,0.01081997,,,,
208279_s_at,0.88988247,-0.01063553,,,,
214044_at,0.88988956,0.02191362,,,,
223586_at,0.88991492,-0.04706472,,,,
242017_at,0.88991946,0.01648453,,,,
214202_at,0.88998491,0.03180468,,,,
204040_at,0.89001154,0.03898094,,,,
232803_at,0.89004761,-0.0210341,,,,
226363_at,0.89006323,-0.03903327,,,,
237591_at,0.89007344,0.02691689,,,,
1555526_a_at,0.89010421,-0.03226971,,,,
223690_at,0.89012684,-0.0427489,,,,
214418_at,0.8901275,-0.00871152,,,,
1554419_x_at,0.89015399,0.00644441,,,,
218081_at,0.89016056,0.01924143,,,,
239506_s_at,0.89016105,-0.00693978,,,,
217725_x_at,0.89016447,-0.02044737,,,,
233788_at,0.89016584,-0.00875524,,,,
229915_at,0.89017834,0.01421792,,,,
205830_at,0.8902086,-0.08711423,,,,
244712_at,0.89030514,0.01481471,,,,
214453_s_at,0.89034487,0.04513139,,,,
1564590_a_at,0.89035188,-0.00796272,,,,
223273_at,0.89036503,0.02030181,,,,
217563_at,0.8904188,0.01000039,,,,
210589_s_at,0.89042214,0.02189745,,,,
214935_at,0.89043401,-0.00985219,,,,
221971_x_at,0.89045057,0.01981342,,,,
200015_s_at,0.89045478,0.01366155,,,,
232900_at,0.89050976,0.00897725,,,,
1561433_at,0.89051645,-0.02172339,,,,
222346_at,0.89051922,0.0088774,,,,
35179_at,0.89053148,0.0179842,,,,
237434_x_at,0.89053644,-0.01043544,,,,
230894_s_at,0.8905579,0.01889247,,,,
219985_at,0.89056626,0.03849135,,,,
207817_at,0.89057836,0.00795659,,,,
201956_s_at,0.89058628,-0.01708323,,,,
243159_x_at,0.89060411,0.00682724,,,,
1554409_at,0.89062653,0.00891082,,,,
239693_at,0.89064477,-0.01547193,,,,
211928_at,0.89072928,-0.01832267,,,,
1553905_at,0.89073023,-0.00715595,,,,
238884_at,0.89073261,0.02397508,,,,
210960_at,0.89073896,-0.00928754,,,,
1561348_at,0.89073986,-0.00891711,,,,
1555084_at,0.89075765,-0.01078984,,,,
220408_x_at,0.89076698,-0.02035095,,,,
1555845_at,0.89077823,-0.0261321,,,,
214568_at,0.89077949,-0.00998777,,,,
216601_at,0.89078109,0.00889474,,,,
221952_x_at,0.89080579,0.02156274,,,,
234893_s_at,0.89082494,-0.00689687,,,,
1557567_a_at,0.89087734,0.01284092,,,,
208437_at,0.89088111,0.0129104,,,,
222318_at,0.89090544,0.01216945,,,,
242661_x_at,0.8909119,0.012968,,,,
213295_at,0.89095459,-0.02413369,,,,
226127_at,0.89096075,-0.02898014,,,,
206427_s_at,0.89097882,0.07662762,,,,
1554657_a_at,0.89098939,-0.01135699,,,,
1556012_at,0.89100095,-0.04171221,,,,
1557051_s_at,0.89101576,-0.04057709,,,,
207565_s_at,0.89102587,-0.0352764,,,,
204262_s_at,0.8910804,-0.02288469,,,,
221927_s_at,0.89110706,0.03058156,,,,
201839_s_at,0.89111098,0.11422055,,,,
219887_at,0.89111638,-0.01247116,,,,
220504_at,0.89112655,0.03857674,,,,
216340_s_at,0.89114671,0.01071992,,,,
216831_s_at,0.89114934,-0.02962131,,,,
216353_s_at,0.89115873,0.00733106,,,,
235373_at,0.89116216,-0.03618377,,,,
202329_at,0.89116606,-0.01993143,,,,
211983_x_at,0.89116727,-0.00770118,,,,
207977_s_at,0.89118166,0.06969247,,,,
230106_at,0.89118747,0.01824032,,,,
215018_at,0.89119529,-0.00811532,,,,
205738_s_at,0.89126369,-0.05219684,,,,
232971_at,0.89126421,0.0068975,,,,
231878_at,0.89128769,-0.02116265,,,,
230073_at,0.89129308,0.01465221,,,,
224623_at,0.89129634,-0.02455021,,,,
229122_x_at,0.8913207,0.01026307,,,,
227326_at,0.89134343,0.03182877,,,,
201069_at,0.8913522,0.06196562,,,,
222316_at,0.89137283,0.03450075,,,,
216307_at,0.89137901,0.00924952,,,,
229386_at,0.89140036,-0.01039284,,,,
241786_at,0.89140139,0.03082784,,,,
237437_s_at,0.8914045,-0.01160487,,,,
233701_at,0.89141944,0.00795312,,,,
242724_x_at,0.89143384,-0.00861438,,,,
212228_s_at,0.89143444,0.01893828,,,,
235715_at,0.89143659,0.00951365,,,,
1565833_at,0.89148255,0.01368397,,,,
1570337_at,0.89148343,-0.01040975,,,,
205120_s_at,0.89151739,0.02691482,,,,
236326_at,0.89151946,-0.00909952,,,,
1563646_a_at,0.89154343,-0.02429402,,,,
222183_x_at,0.89154641,0.01194657,,,,
1553513_at,0.89154778,0.00741793,,,,
205956_x_at,0.89157736,0.01170372,,,,
207116_s_at,0.89158813,0.03705416,,,,
1552910_at,0.89161972,0.04289801,,,,
223456_s_at,0.89162824,-0.01706955,,,,
242085_at,0.89163196,-0.0067731,,,,
204686_at,0.89165388,-0.04555704,,,,
241097_at,0.89171825,-0.00829627,,,,
221127_s_at,0.89175313,-0.05517601,,,,
234112_at,0.89178219,0.00599707,,,,
1558822_at,0.89179116,-0.01277379,,,,
204261_s_at,0.89181204,-0.01534669,,,,
207828_s_at,0.89186626,-0.04747859,,,,
222371_at,0.89187101,-0.0301848,,,,
205938_at,0.89188716,-0.0203456,,,,
229339_at,0.89189318,-0.03987917,,,,
222975_s_at,0.89189768,0.01639371,,,,
220773_s_at,0.89197763,0.03000522,,,,
241471_at,0.89199734,0.01200651,,,,
214417_s_at,0.89203945,-0.01482344,,,,
1553540_a_at,0.89204261,-0.01644165,,,,
200006_at,0.89204526,-0.01294084,,,,
206644_at,0.89208459,0.01245328,,,,
1558613_at,0.89209985,-0.01895535,,,,
229867_at,0.89210638,0.01647844,,,,
215771_x_at,0.89214751,0.0224352,,,,
234413_at,0.89215842,-0.00971407,,,,
237020_at,0.89217589,0.00682177,,,,
1569570_at,0.89222471,-0.00660265,,,,
208511_at,0.89224329,0.02625805,,,,
1561354_at,0.89225716,-0.00747216,,,,
203188_at,0.89225785,0.02521829,,,,
241054_at,0.89234184,-0.0109067,,,,
211211_x_at,0.89235539,-0.02010227,,,,
1570013_at,0.8923962,0.00808926,,,,
1562082_at,0.89241455,-0.00560116,,,,
240076_at,0.89242875,-0.01489185,,,,
208795_s_at,0.8924472,0.03207416,,,,
222096_x_at,0.89244802,0.01305734,,,,
1566231_at,0.89246483,-0.01025933,,,,
200070_at,0.89247634,-0.01351415,,,,
1559839_at,0.89250332,0.01188262,,,,
217755_at,0.8925088,0.03554495,,,,
1553102_a_at,0.89251042,0.04292578,,,,
211310_at,0.89254168,-0.00834378,,,,
1562608_at,0.8925874,-0.02469143,,,,
204295_at,0.89261205,0.01804809,,,,
204145_at,0.89262317,-0.01709953,,,,
229366_at,0.89263123,0.02578108,,,,
229652_s_at,0.89264672,-0.00938933,,,,
233593_at,0.89266245,-0.00942393,,,,
211623_s_at,0.89267192,-0.02351452,,,,
234244_at,0.89267577,0.00675994,,,,
234578_at,0.8927249,0.01050654,,,,
242920_at,0.89275602,0.02644265,,,,
218825_at,0.89277475,-0.01931734,,,,
238718_at,0.89279721,-0.0463827,,,,
222924_at,0.892803,-0.02179926,,,,
226125_at,0.89281719,0.04083563,,,,
235023_at,0.89283151,0.0394569,,,,
1554715_at,0.8928552,0.00766166,,,,
231975_s_at,0.89289393,-0.02285979,,,,
214667_s_at,0.89290089,0.02161275,,,,
217887_s_at,0.89291476,-0.01844631,,,,
227350_at,0.8929686,-0.04035829,,,,
202066_at,0.89296897,-0.01946318,,,,
220624_s_at,0.89297712,0.03559735,,,,
209216_at,0.89297784,0.01775692,,,,
1563488_at,0.89297855,-0.00731082,,,,
206874_s_at,0.89302103,0.02567635,,,,
207848_at,0.89303502,-0.00817944,,,,
243850_at,0.89306422,0.01609552,,,,
244876_at,0.89309929,0.02047927,,,,
212411_at,0.89312018,0.01696032,,,,
230082_at,0.8931528,-0.02052157,,,,
232578_at,0.8931851,-0.09960946,,,,
219583_s_at,0.89319677,-0.02240955,,,,
230914_at,0.89324182,-0.0657862,,,,
234560_at,0.89324318,-0.00801643,,,,
217877_s_at,0.89327361,-0.01461315,,,,
235252_at,0.89330937,0.03114959,,,,
209721_s_at,0.89333389,0.02234719,,,,
1552579_a_at,0.89333706,-0.01117994,,,,
230543_at,0.89335548,-0.01925057,,,,
229157_at,0.89336119,-0.04500484,,,,
1552631_a_at,0.89336381,0.01671595,,,,
241146_at,0.89338535,-0.0076451,,,,
218691_s_at,0.89339882,0.03405012,,,,
235795_at,0.89342621,0.05727948,,,,
244265_at,0.89343959,-0.00881827,,,,
201618_x_at,0.89344365,-0.0264006,,,,
226157_at,0.89348582,-0.0229068,,,,
211492_s_at,0.89349059,-0.01745163,,,,
233122_at,0.89351582,0.01021798,,,,
240584_at,0.8935351,-0.00985024,,,,
222257_s_at,0.89367071,-0.05505254,,,,
204921_at,0.89368317,0.01144531,,,,
244272_s_at,0.89369661,-0.01965087,,,,
203501_at,0.89370655,0.03317834,,,,
237704_at,0.89372667,-0.00784425,,,,
232582_at,0.8937662,-0.01062598,,,,
229716_at,0.89376719,-0.01708813,,,,
224293_at,0.89377177,0.01047266,,,,
229912_at,0.89377447,-0.04469183,,,,
221746_at,0.89377839,0.01720232,,,,
204681_s_at,0.893795,0.03477445,,,,
209784_s_at,0.89379767,-0.03610072,,,,
225146_at,0.89381153,0.01681233,,,,
212316_at,0.89382104,-0.02805757,,,,
234412_at,0.89383397,-0.01053237,,,,
205410_s_at,0.89384752,-0.02242478,,,,
219400_at,0.89385591,0.0199945,,,,
1561763_at,0.89385933,0.01206836,,,,
227029_at,0.89386821,0.01844346,,,,
203904_x_at,0.89386937,0.03196664,,,,
243895_x_at,0.8938756,-0.00784313,,,,
1557548_at,0.89388385,0.03286326,,,,
216841_s_at,0.89389791,0.03802327,,,,
219121_s_at,0.89390443,-0.06578194,,,,
204065_at,0.89390465,-0.02171336,,,,
233899_x_at,0.89393029,0.03861295,,,,
228114_x_at,0.89398001,-0.01443212,,,,
218489_s_at,0.89398522,0.02949399,,,,
204922_at,0.89398972,0.02442338,,,,
1554160_a_at,0.89400447,-0.01121084,,,,
204978_at,0.89402051,-0.0145897,,,,
230479_at,0.89402477,-0.03309431,,,,
219787_s_at,0.89403199,0.03635566,,,,
233498_at,0.89406459,0.03672117,,,,
215992_s_at,0.89409171,0.02056862,,,,
222517_at,0.89411629,0.0183019,,,,
1562081_a_at,0.89412116,-0.00964231,,,,
204591_at,0.89414299,0.07375005,,,,
221529_s_at,0.89415368,0.02548539,,,,
224105_x_at,0.89415803,-0.00906703,,,,
220393_at,0.89419168,-0.02851632,,,,
240220_at,0.89419514,0.01096462,,,,
238161_at,0.89423408,-0.012693,,,,
1562300_at,0.89423933,0.00719223,,,,
1554840_at,0.89424218,0.01453351,,,,
220525_s_at,0.89424356,-0.01617376,,,,
201748_s_at,0.89426099,-0.01262403,,,,
200804_at,0.89429287,-0.02074735,,,,
236941_at,0.8943784,0.01024214,,,,
236619_at,0.89437895,0.02424135,,,,
200610_s_at,0.89438255,0.01531762,,,,
216550_x_at,0.89441708,0.02055751,,,,
1561733_at,0.8944639,0.00746993,,,,
223078_s_at,0.89452153,-0.0336195,,,,
217664_at,0.89452235,0.01006708,,,,
225773_at,0.89453179,0.01507913,,,,
225273_at,0.89453966,-0.02511878,,,,
225624_at,0.89454228,-0.02994789,,,,
225555_x_at,0.89457791,0.01330209,,,,
200798_x_at,0.89461829,0.023273,,,,
225904_at,0.89467581,-0.02765449,,,,
1559006_at,0.89467869,0.02595782,,,,
210525_x_at,0.89468155,-0.00830507,,,,
244201_at,0.8946824,0.01296508,,,,
209798_at,0.89468745,0.01757151,,,,
1553881_at,0.89470192,0.0108776,,,,
236274_at,0.89470196,-0.02377633,,,,
219888_at,0.8947323,-0.04498995,,,,
220907_at,0.8947531,0.01805799,,,,
238768_at,0.89476488,0.01979641,,,,
241625_at,0.89477911,-0.00956421,,,,
229614_at,0.89478652,0.03690667,,,,
231087_at,0.89486567,-0.02481926,,,,
201294_s_at,0.89487445,-0.03187498,,,,
1556352_at,0.89488127,0.0246353,,,,
220707_s_at,0.89492038,0.02002763,,,,
205146_x_at,0.8949235,0.01356136,,,,
234595_at,0.89496395,0.00810151,,,,
244683_at,0.89497344,-0.01032627,,,,
234730_s_at,0.89497969,0.02913298,,,,
206034_at,0.89498822,0.02688556,,,,
1552742_at,0.89508575,0.03982447,,,,
1552258_at,0.8950917,-0.0073853,,,,
1554584_at,0.89512679,-0.00699296,,,,
1560291_at,0.89514243,-0.01068926,,,,
214962_s_at,0.89519961,-0.0213984,,,,
1569106_s_at,0.89520269,-0.02649819,,,,
1562490_at,0.89524161,-0.00689489,,,,
242906_at,0.89525411,0.03127375,,,,
209778_at,0.89528404,0.02035442,,,,
244761_at,0.89528556,-0.01946369,,,,
213530_at,0.89530562,0.01537323,,,,
222039_at,0.89534217,0.03397609,,,,
212956_at,0.89538519,-0.04442445,,,,
236283_x_at,0.89538723,0.01630113,,,,
229296_at,0.89540811,0.05064575,,,,
207465_at,0.89547818,-0.00562518,,,,
222126_at,0.89549434,0.02954088,,,,
238166_s_at,0.8954956,0.01593107,,,,
214182_at,0.89560508,-0.02721235,,,,
222304_x_at,0.89560727,-0.02175247,,,,
234516_at,0.89562027,-0.0078606,,,,
238214_at,0.89569706,0.01953104,,,,
209754_s_at,0.895739,-0.03774054,,,,
238873_at,0.89578301,-0.00517148,,,,
1564273_at,0.89578314,-0.00625011,,,,
225329_at,0.89582985,0.02557767,,,,
232759_at,0.89585536,-0.01072485,,,,
215542_at,0.89586208,0.00627699,,,,
243979_at,0.89586757,0.00645693,,,,
222475_at,0.89586912,0.01437496,,,,
1558115_at,0.89588477,0.02230153,,,,
232992_at,0.89589642,-0.00777383,,,,
206625_at,0.89591666,-0.01584038,,,,
212828_at,0.89596409,0.02773436,,,,
244651_at,0.89596663,0.00908538,,,,
216868_s_at,0.8959667,-0.00777655,,,,
244147_at,0.89598777,0.0116241,,,,
221359_at,0.89599182,-0.00697565,,,,
212545_s_at,0.89603047,-0.00901473,,,,
207844_at,0.89603835,-0.01165925,,,,
236354_at,0.89609138,0.00606195,,,,
218060_s_at,0.8961082,-0.01493428,,,,
229888_at,0.89614964,0.02502232,,,,
1561775_at,0.89615535,-0.00533796,,,,
222229_x_at,0.8961554,0.01202805,,,,
208889_s_at,0.89616506,-0.00927038,,,,
1561210_at,0.89621574,0.00635833,,,,
242108_at,0.89626408,-0.01539068,,,,
230917_at,0.8962657,-0.02961151,,,,
224242_at,0.89626892,-0.00785022,,,,
215740_at,0.89628168,-0.00979923,,,,
206768_at,0.89631092,-0.02544887,,,,
1564387_at,0.89631791,0.00601903,,,,
229924_s_at,0.89632553,-0.00783989,,,,
219510_at,0.89632959,0.0207112,,,,
235977_at,0.89634946,0.03717337,,,,
203387_s_at,0.8963548,0.02730385,,,,
225170_at,0.89636307,0.01859035,,,,
220212_s_at,0.89637359,-0.01330064,,,,
202454_s_at,0.8964026,-0.08196804,,,,
212340_at,0.89640382,0.02273447,,,,
229360_at,0.89641373,0.03245904,,,,
242416_at,0.89642055,-0.00989295,,,,
1560149_at,0.89644453,-0.00868299,,,,
1553261_x_at,0.89646145,0.00605545,,,,
217864_s_at,0.89648189,0.01490132,,,,
216942_s_at,0.89650515,-0.03579585,,,,
239968_at,0.89652677,-0.01468447,,,,
239745_at,0.89653991,-0.00772893,,,,
212385_at,0.89655345,0.04092555,,,,
213391_at,0.89658982,0.0232876,,,,
1552271_at,0.89660217,0.01451154,,,,
221548_s_at,0.89661714,0.01614015,,,,
239713_at,0.89662964,-0.00748869,,,,
1557232_at,0.89663024,0.01158115,,,,
210149_s_at,0.89663361,0.0129008,,,,
226348_at,0.89664754,0.02160572,,,,
229042_s_at,0.89670483,0.00896754,,,,
223679_at,0.89674145,-0.0266126,,,,
1563856_at,0.89675569,0.00775313,,,,
207494_s_at,0.89676182,0.00974311,,,,
206968_s_at,0.89676873,-0.01699379,,,,
230390_at,0.89679114,0.01186301,,,,
238094_at,0.89679924,0.0100472,,,,
240022_at,0.89682198,0.00470927,,,,
205235_s_at,0.8968419,0.0176859,,,,
221569_at,0.89684676,0.02530094,,,,
1555095_at,0.89685656,0.02185387,,,,
1555268_a_at,0.89687029,0.01719481,,,,
225993_at,0.89692161,0.01930507,,,,
224273_at,0.89694493,-0.01023942,,,,
204554_at,0.89696637,0.0258827,,,,
1563053_at,0.89706736,-0.0100855,,,,
240805_at,0.89709233,-0.00970027,,,,
1560514_at,0.89711615,-0.00744722,,,,
233155_at,0.89714684,-0.01771334,,,,
240463_at,0.89716881,-0.00682029,,,,
235581_at,0.89717265,0.02757214,,,,
242643_x_at,0.89717791,-0.00753206,,,,
203041_s_at,0.89723335,0.03026728,,,,
219864_s_at,0.89730531,0.02158624,,,,
224947_at,0.89731217,0.01765777,,,,
202168_at,0.89731357,0.01585323,,,,
201475_x_at,0.89732485,0.01849976,,,,
237223_at,0.89733533,0.01981255,,,,
206141_at,0.89735891,-0.02489391,,,,
1569230_at,0.89738167,-0.00675878,,,,
1556656_at,0.89739673,-0.01970143,,,,
237878_at,0.89740121,-0.01022294,,,,
241160_at,0.89740431,0.00693294,,,,
221925_s_at,0.89747302,0.02204867,,,,
1553918_at,0.89750433,-0.00975426,,,,
211193_at,0.89752379,0.01067508,,,,
1570298_at,0.89753976,-0.00752181,,,,
243921_at,0.89760719,-0.00740194,,,,
1560743_a_at,0.89762724,0.00630454,,,,
222824_at,0.89763875,0.02405861,,,,
1561197_at,0.89764297,-0.02013126,,,,
214758_at,0.89766414,0.00843464,,,,
223866_at,0.89769975,0.0191898,,,,
236061_at,0.89775327,0.00940797,,,,
208898_at,0.89776744,0.01659164,,,,
219720_s_at,0.89780271,-0.01373643,,,,
204466_s_at,0.89782674,-0.04543676,,,,
1557890_at,0.89783366,-0.00556335,,,,
218282_at,0.89790273,0.01831548,,,,
1560209_at,0.89790445,0.00610677,,,,
203003_at,0.89795266,0.01234125,,,,
207078_at,0.89796079,0.01942784,,,,
235366_at,0.89797346,0.01866647,,,,
217406_at,0.89798151,-0.00685913,,,,
224560_at,0.89800502,0.04353335,,,,
235852_at,0.89802028,0.0538697,,,,
1561731_at,0.89808986,-0.0062934,,,,
230438_at,0.89811559,-0.03771796,,,,
226996_at,0.89813046,0.02031378,,,,
1569520_at,0.89816169,-0.010551,,,,
239029_at,0.89817305,-0.0085788,,,,
208313_s_at,0.89817426,0.01082566,,,,
236822_at,0.89819148,0.01511907,,,,
1563404_at,0.89822518,0.00792568,,,,
240807_at,0.89824084,-0.00731679,,,,
202473_x_at,0.89826393,0.0123975,,,,
1570507_at,0.89826745,0.02472521,,,,
221943_x_at,0.89829662,-0.02271819,,,,
201227_s_at,0.89833515,0.01515478,,,,
225660_at,0.89833956,0.04052677,,,,
213662_at,0.89836296,-0.01581227,,,,
238988_at,0.89839084,0.01731889,,,,
243902_at,0.89847295,0.00884721,,,,
215834_x_at,0.89848903,-0.01754062,,,,
221712_s_at,0.89853574,-0.02018751,,,,
222325_at,0.89854264,-0.00735991,,,,
201197_at,0.89854513,0.02112317,,,,
89476_r_at,0.89855617,0.0117795,,,,
207253_s_at,0.89855897,-0.01262973,,,,
232442_at,0.89856174,0.01409679,,,,
236213_at,0.89856454,0.01012648,,,,
1568649_at,0.89859382,-0.01089688,,,,
217971_at,0.89859604,-0.01634255,,,,
225802_at,0.89861472,-0.02302746,,,,
220847_x_at,0.89863071,-0.00855054,,,,
217618_x_at,0.89864716,0.01358315,,,,
213356_x_at,0.89865475,-0.00861469,,,,
1553604_at,0.89866105,-0.03112061,,,,
239469_at,0.89866701,0.0208094,,,,
228707_at,0.89866781,-0.05146312,,,,
1568905_at,0.89868607,0.01068591,,,,
1557265_at,0.89869517,-0.01136208,,,,
244396_at,0.89869542,-0.02614849,,,,
1564631_at,0.89870355,0.00485455,,,,
243497_at,0.89873045,0.00708816,,,,
214145_s_at,0.89875465,-0.02021911,,,,
243526_at,0.89876098,0.01886144,,,,
229467_at,0.89877454,-0.01906613,,,,
232319_at,0.89880324,0.01008561,,,,
226149_at,0.89890948,0.02059855,,,,
226003_at,0.89897105,0.03771772,,,,
220979_s_at,0.89897425,0.06430453,,,,
201753_s_at,0.89900083,-0.03333081,,,,
224744_at,0.89900384,-0.02152689,,,,
1553879_a_at,0.89900477,-0.00697713,,,,
241873_at,0.89900717,0.02566343,,,,
218799_at,0.89903908,-0.01925571,,,,
244378_at,0.89904169,-0.00670163,,,,
232265_at,0.89907888,0.01029154,,,,
222048_at,0.89910618,-0.01711524,,,,
209788_s_at,0.89911348,0.04301294,,,,
1556552_a_at,0.89915785,0.00840145,,,,
239209_at,0.8991816,-0.01608918,,,,
235657_at,0.89918173,0.02067888,,,,
225209_s_at,0.89919823,-0.01776056,,,,
211066_x_at,0.89921542,-0.02447118,,,,
230044_at,0.89924244,0.01543005,,,,
213972_at,0.89924264,0.01382253,,,,
226303_at,0.89927338,-0.04665724,,,,
221227_x_at,0.89930109,0.0166656,,,,
205650_s_at,0.89933405,0.14976512,,,,
213060_s_at,0.89934088,-0.05381862,,,,
210037_s_at,0.89934911,0.0145353,,,,
221924_at,0.89942154,0.01315575,,,,
230659_at,0.89949694,-0.02970353,,,,
217522_at,0.89951421,0.0065067,,,,
239229_at,0.89952054,0.05017768,,,,
212666_at,0.89953548,-0.02416292,,,,
215827_x_at,0.89954106,-0.00719082,,,,
1553413_at,0.89956486,0.02492067,,,,
240661_at,0.89958839,-0.01370695,,,,
1569307_s_at,0.89963224,-0.00623611,,,,
236703_at,0.89964613,0.01842092,,,,
223299_at,0.89965786,0.02742781,,,,
225365_at,0.89966931,0.02807985,,,,
1557823_s_at,0.89969195,-0.00624845,,,,
1565661_x_at,0.89969359,-0.00907243,,,,
225074_at,0.89970651,0.01701701,,,,
238598_s_at,0.89971787,-0.02813679,,,,
228142_at,0.89973648,0.02270831,,,,
201478_s_at,0.89979322,0.0244956,,,,
222458_s_at,0.89983011,0.0264357,,,,
224596_at,0.89983401,-0.02972722,,,,
243390_at,0.89989828,-0.0044432,,,,
1561291_at,0.89990767,-0.00788982,,,,
244315_at,0.89991977,0.0069441,,,,
213098_at,0.89992749,0.01538975,,,,
231639_at,0.89993774,-0.009265,,,,
239957_at,0.89994645,-0.01880454,,,,
204744_s_at,0.89998511,0.01857737,,,,
240787_at,0.89998645,-0.00641486,,,,
1569452_at,0.90002311,0.01484587,,,,
211357_s_at,0.90004934,-0.14093001,,,,
1555318_at,0.90005384,-0.01633243,,,,
1569558_at,0.90005505,-0.00813385,,,,
238669_at,0.90007602,-0.037009,,,,
213736_at,0.90008216,-0.02278066,,,,
1570098_at,0.90008984,-0.00754407,,,,
1556841_a_at,0.90014585,-0.00831798,,,,
225725_at,0.90017536,-0.02582413,,,,
1554600_s_at,0.90018058,-0.03313246,,,,
213821_s_at,0.90019483,0.00888794,,,,
220574_at,0.90020818,0.01381316,,,,
237576_x_at,0.90026839,0.01064916,,,,
228037_at,0.90027113,-0.01531292,,,,
213488_at,0.90027332,-0.02676025,,,,
1563169_at,0.90031098,-0.00790934,,,,
1566513_a_at,0.90045367,-0.01104203,,,,
223108_s_at,0.90048262,-0.01389201,,,,
214806_at,0.9004982,0.02499202,,,,
207792_at,0.90050979,-0.00955526,,,,
221675_s_at,0.90051177,-0.03533217,,,,
213914_s_at,0.90052181,-0.01456339,,,,
215456_at,0.90052191,-0.0070822,,,,
209438_at,0.90054074,-0.02136473,,,,
231354_at,0.90055431,-0.01088284,,,,
223559_s_at,0.90060625,-0.01678616,,,,
218793_s_at,0.90062007,0.04599389,,,,
220096_at,0.90062693,0.01098983,,,,
233246_at,0.90062865,-0.00710118,,,,
1560383_at,0.9006591,0.00649395,,,,
228970_at,0.90068159,0.01710925,,,,
232978_at,0.90071776,0.02101262,,,,
223088_x_at,0.90076485,0.01873504,,,,
222025_s_at,0.90077784,0.03578232,,,,
226032_at,0.90078018,0.01993132,,,,
211489_at,0.90078353,0.02891837,,,,
AFFX-DapX-5_at,0.90079089,0.04721195,,,,
222731_at,0.90079473,0.04080492,,,,
235191_at,0.90086953,-0.02744168,,,,
229385_s_at,0.90087235,0.03921023,,,,
217325_at,0.90087794,0.01464834,,,,
1561089_at,0.90088202,0.00950265,,,,
213020_at,0.90089175,-0.01280956,,,,
202364_at,0.90089424,0.0220604,,,,
230480_at,0.90090183,0.04405802,,,,
1558803_at,0.9009046,-0.01780366,,,,
237179_at,0.90100255,0.01067337,,,,
218122_s_at,0.90104203,0.0206093,,,,
204886_at,0.90104526,-0.02805951,,,,
223076_s_at,0.90113642,0.01625,,,,
221892_at,0.90113658,-0.02940122,,,,
239709_at,0.90121727,0.01488109,,,,
225851_at,0.90125364,-0.01394265,,,,
204894_s_at,0.90125913,-0.04134846,,,,
226343_at,0.90135332,-0.02036349,,,,
235437_at,0.90137335,-0.01825316,,,,
204415_at,0.90138288,-0.04558347,,,,
220517_at,0.90138463,-0.00767885,,,,
232109_at,0.9013929,0.01786626,,,,
205862_at,0.90140202,-0.06707676,,,,
1562386_s_at,0.9014337,-0.01592631,,,,
208807_s_at,0.90143476,-0.01950289,,,,
240557_at,0.90143837,-0.02168945,,,,
1557235_at,0.9015076,0.00823394,,,,
215125_s_at,0.9015107,-0.10770625,,,,
228522_at,0.9015342,0.01379886,,,,
1566449_at,0.90153845,-0.00622421,,,,
201520_s_at,0.90156367,0.01384155,,,,
214119_s_at,0.90158791,-0.02432764,,,,
214318_s_at,0.90159432,0.02913596,,,,
230429_at,0.90160495,0.0194282,,,,
223337_at,0.90162242,-0.01548327,,,,
1559420_x_at,0.90163964,0.00701276,,,,
212762_s_at,0.90169587,-0.03192788,,,,
214729_at,0.9017953,-0.02225106,,,,
1565797_at,0.90186606,0.00651756,,,,
221432_s_at,0.90188932,-0.01555412,,,,
227186_s_at,0.90189069,0.02200569,,,,
222879_s_at,0.90189413,0.0176308,,,,
1553994_at,0.9018955,0.04665987,,,,
237036_at,0.90190672,0.0079346,,,,
218419_s_at,0.90190804,-0.01414591,,,,
229999_at,0.90191417,-0.0110723,,,,
214534_at,0.90191834,0.00855605,,,,
239162_at,0.90192526,-0.02194987,,,,
1560278_at,0.90194179,0.00788471,,,,
211342_x_at,0.90196891,-0.01307624,,,,
234495_at,0.90197725,0.01269727,,,,
230179_at,0.9020147,-0.03419825,,,,
1556207_a_at,0.90201628,0.00469033,,,,
214204_at,0.90203002,0.02701257,,,,
244260_at,0.9020592,0.0122727,,,,
1560431_at,0.90206285,0.01025996,,,,
219047_s_at,0.90207683,-0.01445343,,,,
220274_at,0.90207775,-0.02124092,,,,
1554473_at,0.90211785,-0.01630328,,,,
218994_s_at,0.90213104,0.01900489,,,,
203664_s_at,0.90214324,0.0194346,,,,
1557302_at,0.90214493,0.02692526,,,,
216870_x_at,0.90215844,0.03283384,,,,
231359_at,0.90217655,0.07504499,,,,
234562_x_at,0.90219333,0.02710209,,,,
1560222_at,0.90220829,-0.01169279,,,,
232801_at,0.90221161,-0.00577521,,,,
209497_s_at,0.90225606,0.01727634,,,,
220270_at,0.90226035,-0.00726133,,,,
220103_s_at,0.90227076,0.01429774,,,,
209147_s_at,0.90227653,0.03120694,,,,
1569362_at,0.90227685,-0.02156171,,,,
222158_s_at,0.90228466,0.02766605,,,,
210466_s_at,0.90228915,0.01686103,,,,
203905_at,0.90230369,0.01534679,,,,
225444_at,0.90231126,0.02690662,,,,
206067_s_at,0.90231167,-0.07762363,,,,
240609_at,0.90232002,0.00664252,,,,
212635_at,0.90234359,0.01830356,,,,
238805_at,0.90234584,0.0405112,,,,
229657_at,0.90238474,0.03806542,,,,
204194_at,0.90244834,0.02076851,,,,
219746_at,0.90247834,0.00903703,,,,
1554129_a_at,0.90256829,0.01000825,,,,
1569080_at,0.90261448,0.0055415,,,,
210887_s_at,0.90264027,-0.01056267,,,,
59697_at,0.90265185,-0.02662441,,,,
225943_at,0.90274338,0.02122783,,,,
220921_at,0.90274946,-0.02291176,,,,
241198_s_at,0.90276878,0.02654645,,,,
206129_s_at,0.90278013,-0.0236686,,,,
219525_at,0.90278921,0.06058828,,,,
220910_at,0.90282561,0.01012382,,,,
219095_at,0.90282604,-0.01459012,,,,
241579_at,0.90284579,-0.00685187,,,,
214322_at,0.90288248,-0.01125712,,,,
200863_s_at,0.90295553,-0.01375484,,,,
201765_s_at,0.90298104,-0.02047097,,,,
223994_s_at,0.90302161,0.01506164,,,,
222192_s_at,0.90303462,0.02161058,,,,
231117_at,0.90305282,0.01279599,,,,
216792_at,0.90307862,0.00630896,,,,
214740_at,0.90308697,0.01003903,,,,
1566272_at,0.90309562,0.00483977,,,,
202784_s_at,0.90309615,0.03395181,,,,
220540_at,0.90310976,-0.02224333,,,,
1568592_at,0.90311012,-0.02077464,,,,
226747_at,0.90311615,0.030235,,,,
1566403_at,0.90312273,-0.01346184,,,,
1559545_at,0.90316431,0.00641783,,,,
234041_at,0.90317268,-0.00870098,,,,
243184_at,0.90317453,0.02326285,,,,
1556228_a_at,0.90320342,-0.01772729,,,,
1559059_s_at,0.90320498,-0.00748545,,,,
225372_at,0.90320829,0.02858016,,,,
1558859_at,0.90321071,0.00805026,,,,
238336_s_at,0.90323776,0.02030884,,,,
202670_at,0.90324786,-0.01505685,,,,
1561181_at,0.90325362,-0.01101004,,,,
1553545_at,0.90329751,0.01493228,,,,
219639_x_at,0.90329936,-0.02540394,,,,
234115_s_at,0.90332413,0.00653758,,,,
201125_s_at,0.90334164,0.02151832,,,,
222446_s_at,0.90336284,0.03839952,,,,
1555167_s_at,0.90337124,-0.03394779,,,,
212489_at,0.90339557,0.04004178,,,,
225447_at,0.9034013,-0.01946216,,,,
202041_s_at,0.90341024,0.01908227,,,,
232219_x_at,0.90342715,-0.02152435,,,,
203648_at,0.90345985,-0.01594901,,,,
230651_at,0.90348064,-0.0300746,,,,
1560733_at,0.90349899,-0.00767512,,,,
203551_s_at,0.90350373,-0.01596962,,,,
242957_at,0.90353944,0.02261632,,,,
1555713_at,0.90354603,-0.0068087,,,,
224121_x_at,0.9035504,0.00840853,,,,
1565921_a_at,0.90357297,-0.0062026,,,,
202065_s_at,0.90360277,-0.01862165,,,,
224943_at,0.90360982,-0.01988564,,,,
204315_s_at,0.9036201,-0.02594845,,,,
1554487_a_at,0.90365867,-0.01882491,,,,
234123_at,0.90367095,0.00527264,,,,
230968_at,0.90367887,-0.02430022,,,,
231980_at,0.90374176,0.027006,,,,
222747_s_at,0.90379234,0.03714852,,,,
209249_s_at,0.90385938,-0.01361982,,,,
212531_at,0.90387202,-0.08540649,,,,
238886_at,0.90388724,-0.01616273,,,,
209429_x_at,0.90395085,-0.01185933,,,,
242120_at,0.9039831,0.0107113,,,,
211943_x_at,0.90402063,0.00547841,,,,
229187_at,0.9040266,0.02403447,,,,
210029_at,0.90403032,0.03950361,,,,
218177_at,0.90403875,-0.01882564,,,,
232863_at,0.90414472,-0.0095415,,,,
244252_at,0.90416228,0.00851265,,,,
204441_s_at,0.90416834,-0.01734148,,,,
221874_at,0.90418604,0.06571607,,,,
204759_at,0.90421843,0.02919703,,,,
1558757_at,0.90424278,-0.01090382,,,,
1565889_at,0.90424341,-0.01059547,,,,
234033_at,0.9042553,-0.01611149,,,,
216691_at,0.9042682,-0.00625463,,,,
216933_x_at,0.9042908,0.02010344,,,,
243002_at,0.90430032,-0.01039845,,,,
220775_s_at,0.90430067,0.01776166,,,,
219685_at,0.9043484,0.04940689,,,,
226882_x_at,0.9043503,-0.02525838,,,,
1562724_at,0.90435898,-0.00685128,,,,
1565861_at,0.90440478,-0.00664085,,,,
49051_g_at,0.90440589,0.00603616,,,,
226993_at,0.90444231,-0.01553384,,,,
1563584_at,0.90449253,0.01403317,,,,
243397_at,0.90450596,-0.01241311,,,,
41660_at,0.90451092,-0.04166814,,,,
214637_at,0.90452436,0.01059337,,,,
213072_at,0.90453413,0.02244759,,,,
203691_at,0.90456797,0.06858733,,,,
223335_at,0.9045842,-0.01714163,,,,
204319_s_at,0.90458924,-0.0310318,,,,
1560752_at,0.90460485,0.0067045,,,,
222817_at,0.90463828,-0.02504575,,,,
1552718_at,0.90463899,-0.01247191,,,,
219828_at,0.90473398,0.01831487,,,,
1561689_at,0.9047866,-0.00885033,,,,
236685_at,0.90479491,-0.01827156,,,,
1558732_at,0.90481524,-0.01964111,,,,
230741_at,0.90481713,-0.04175058,,,,
234902_s_at,0.90483737,0.01549001,,,,
222634_s_at,0.90484395,-0.02895052,,,,
213123_at,0.90486523,0.01266207,,,,
224636_at,0.90487075,0.01270522,,,,
1568884_at,0.90491695,-0.00538331,,,,
1564272_a_at,0.90496031,-0.00508068,,,,
202618_s_at,0.90496978,-0.01107121,,,,
226887_at,0.90498316,-0.01489099,,,,
209023_s_at,0.90501026,0.0298365,,,,
210528_at,0.90502964,-0.01484057,,,,
210552_s_at,0.90505268,-0.01977272,,,,
213525_at,0.90506243,0.01094078,,,,
1556630_at,0.90509739,0.01493443,,,,
237646_x_at,0.90511647,-0.01171896,,,,
209316_s_at,0.90514195,0.01736478,,,,
227482_at,0.90514306,-0.0153339,,,,
221158_at,0.90523722,0.01732027,,,,
201327_s_at,0.90525052,0.01710449,,,,
230895_at,0.90525462,0.02940541,,,,
228223_at,0.90527622,-0.01279018,,,,
205041_s_at,0.90531188,0.16227712,,,,
1561316_at,0.90531821,-0.00730841,,,,
223771_at,0.90535125,0.00759331,,,,
206259_at,0.90535556,0.06806088,,,,
208659_at,0.90536366,0.01991329,,,,
243072_at,0.9054027,0.0074062,,,,
215715_at,0.90540628,0.01426812,,,,
234948_at,0.90540869,0.0086141,,,,
218522_s_at,0.9054873,0.01452314,,,,
230007_at,0.90551062,0.01014762,,,,
218917_s_at,0.90552409,0.01734977,,,,
226254_s_at,0.90553983,0.01629838,,,,
1558801_at,0.90555053,0.02678037,,,,
237538_at,0.90557309,0.00637062,,,,
227966_s_at,0.90560512,-0.03884319,,,,
238599_at,0.90565099,-0.03801754,,,,
201031_s_at,0.90566345,-0.01329058,,,,
203119_at,0.90566797,0.02136219,,,,
221117_at,0.90567546,0.00535457,,,,
244878_at,0.90570257,0.02184161,,,,
203697_at,0.9057413,0.06275892,,,,
233985_x_at,0.90574844,0.02184857,,,,
212477_at,0.90577806,-0.02101141,,,,
231965_at,0.90578488,0.01038984,,,,
237594_at,0.90579609,-0.02519686,,,,
228900_at,0.90579899,-0.02774839,,,,
200898_s_at,0.90581639,-0.01440132,,,,
221830_at,0.9058401,-0.01956942,,,,
241993_x_at,0.90586057,-0.0146016,,,,
207289_at,0.9058938,-0.00844339,,,,
228752_at,0.9059242,-0.04236774,,,,
202662_s_at,0.90592698,0.03426328,,,,
1557703_at,0.90593358,0.00486192,,,,
223203_at,0.90595301,-0.017752,,,,
228264_at,0.90596937,-0.01812943,,,,
212176_at,0.90597403,0.02392914,,,,
240931_s_at,0.90601588,-0.00894183,,,,
200725_x_at,0.90605705,-0.00826231,,,,
234307_s_at,0.9060581,-0.0221128,,,,
1563533_at,0.90606079,-0.00639164,,,,
215138_s_at,0.90608702,-0.01714454,,,,
229936_at,0.90611982,-0.02148036,,,,
242124_at,0.90613344,-0.00761813,,,,
238420_at,0.90617118,-0.01946016,,,,
56829_at,0.90617847,0.01052136,,,,
235869_at,0.90618646,0.00742909,,,,
225599_s_at,0.90621821,-0.03198107,,,,
223476_s_at,0.90624015,-0.01837811,,,,
214410_at,0.90625872,0.00655435,,,,
211004_s_at,0.90628032,-0.0209245,,,,
219975_x_at,0.90628461,-0.00807136,,,,
230009_at,0.90628712,-0.01877399,,,,
243215_at,0.90629206,-0.01001452,,,,
230752_at,0.90630531,-0.02301985,,,,
1560794_at,0.90633734,-0.00813758,,,,
236163_at,0.90634055,0.02033486,,,,
231422_x_at,0.90634661,0.01047255,,,,
217602_at,0.90635785,0.01387452,,,,
221989_at,0.90636299,0.02720824,,,,
244522_at,0.90640196,0.00546016,,,,
227418_at,0.90642695,0.02500144,,,,
1564107_at,0.90648457,-0.00605574,,,,
204320_at,0.90649871,-0.07020662,,,,
1560023_x_at,0.90658124,-0.0156422,,,,
208041_at,0.90658162,0.00896837,,,,
1556351_at,0.90659784,0.01409404,,,,
228702_at,0.90661071,0.02994398,,,,
226826_at,0.90664674,0.02111583,,,,
238539_at,0.90664819,-0.02131881,,,,
52255_s_at,0.90665881,0.0250075,,,,
212181_s_at,0.90666238,0.02573194,,,,
231030_at,0.90667336,0.01048279,,,,
221510_s_at,0.90675255,0.02993499,,,,
217575_s_at,0.90676157,-0.00646184,,,,
1556925_at,0.90678339,0.0064701,,,,
220077_at,0.90679438,0.00939375,,,,
202460_s_at,0.90682187,-0.03074436,,,,
208731_at,0.90682567,0.01544721,,,,
213723_s_at,0.90682696,-0.00737409,,,,
215433_at,0.90683092,-0.00995613,,,,
240676_at,0.90690129,0.0057063,,,,
208431_s_at,0.90691592,0.00776168,,,,
1555358_a_at,0.9069219,0.02042522,,,,
1561192_at,0.90696685,-0.00700991,,,,
210125_s_at,0.90699102,-0.02642388,,,,
204328_at,0.90703223,0.02551031,,,,
207103_at,0.9070467,0.04385885,,,,
233381_at,0.90706068,0.00730484,,,,
232475_at,0.90710911,0.00856316,,,,
217967_s_at,0.90715479,-0.04000798,,,,
217758_s_at,0.90723896,0.01567087,,,,
222253_s_at,0.90724527,-0.01022203,,,,
1555864_s_at,0.907256,0.02070116,,,,
225918_at,0.90725658,-0.02063554,,,,
233998_x_at,0.90726914,-0.00961594,,,,
212208_at,0.90731608,0.02132966,,,,
226735_at,0.90731844,0.01566763,,,,
230170_at,0.90733976,-0.02173685,,,,
241546_at,0.90739431,0.00918761,,,,
221801_x_at,0.90743709,0.0349203,,,,
240619_at,0.90753708,-0.00448394,,,,
205452_at,0.9075554,0.01981473,,,,
227517_s_at,0.90757367,0.04450871,,,,
230831_at,0.90757999,0.04980626,,,,
235781_at,0.90766657,0.02017981,,,,
206450_at,0.90767301,0.02596341,,,,
216215_s_at,0.90767556,-0.01795061,,,,
208675_s_at,0.90770118,0.01485296,,,,
214458_at,0.90772295,0.00686013,,,,
234990_at,0.9077428,0.01901768,,,,
206495_s_at,0.90775611,-0.01401192,,,,
224949_at,0.90777247,-0.01517494,,,,
235165_at,0.90783793,-0.04568445,,,,
210213_s_at,0.90787955,-0.01741684,,,,
206254_at,0.90789282,0.04143943,,,,
207467_x_at,0.90789897,-0.02229605,,,,
215752_at,0.90792776,0.00578846,,,,
1564274_at,0.90793655,-0.00898235,,,,
230241_at,0.90797305,-0.02407905,,,,
217849_s_at,0.90797327,-0.01783641,,,,
211727_s_at,0.90802247,0.01211039,,,,
243143_at,0.9080282,-0.0055759,,,,
213395_at,0.90805901,0.02286242,,,,
239248_at,0.90806665,0.01438361,,,,
203317_at,0.90807476,-0.01935537,,,,
239568_at,0.90807943,-0.01911788,,,,
207690_at,0.90811325,-0.01011634,,,,
240153_at,0.90811887,0.00905458,,,,
239231_at,0.9081472,-0.01752041,,,,
228078_at,0.90815797,0.00969948,,,,
215631_s_at,0.90816944,-0.01524946,,,,
215222_x_at,0.90819922,0.02041293,,,,
221812_at,0.90820385,0.0145643,,,,
217336_at,0.90825835,-0.01683899,,,,
226638_at,0.90827003,0.02538357,,,,
228648_at,0.90827393,0.07346874,,,,
1553703_at,0.90827849,0.01803997,,,,
210539_at,0.90832196,0.00691631,,,,
204069_at,0.90833237,-0.04672968,,,,
1552801_at,0.90833998,0.01394413,,,,
222930_s_at,0.90835067,0.0505711,,,,
224607_s_at,0.90839929,0.0154436,,,,
238929_at,0.90841092,-0.01465121,,,,
224145_s_at,0.9084209,-0.00990859,,,,
242883_at,0.90846744,0.00747247,,,,
225579_at,0.90847622,0.02402438,,,,
219873_at,0.90850955,0.06232462,,,,
220147_s_at,0.908576,0.03708351,,,,
221957_at,0.90858659,-0.02519258,,,,
244822_at,0.90865925,0.01821396,,,,
229004_at,0.90866163,-0.05265025,,,,
235134_at,0.9086866,-0.03049044,,,,
201301_s_at,0.9087224,-0.02967652,,,,
1566581_at,0.90872291,-0.00687403,,,,
204107_at,0.90878197,0.01745145,,,,
222206_s_at,0.90878435,-0.01704906,,,,
235588_at,0.90882966,0.02298169,,,,
215879_at,0.90885009,-0.00474133,,,,
239994_at,0.90885307,-0.02926838,,,,
212025_s_at,0.90892728,-0.01894434,,,,
213149_at,0.90895443,-0.01612934,,,,
206415_at,0.90901536,0.00988878,,,,
221177_at,0.90901584,-0.01650568,,,,
1553789_a_at,0.90907982,-0.01273222,,,,
243407_at,0.90908207,-0.01654239,,,,
201937_s_at,0.90908321,-0.02059547,,,,
230548_at,0.90914367,0.01561543,,,,
236849_at,0.90916585,0.018702,,,,
202951_at,0.90921831,0.01679192,,,,
220799_at,0.90926145,-0.0063383,,,,
1570483_at,0.9092848,0.00803424,,,,
208723_at,0.90928722,0.01813803,,,,
227345_at,0.90930807,-0.03783225,,,,
235333_at,0.90931706,-0.03387929,,,,
215136_s_at,0.90932394,0.02211585,,,,
203948_s_at,0.90937662,0.00935054,,,,
223178_s_at,0.90940249,0.02385747,,,,
234692_at,0.90945356,0.00560329,,,,
207493_x_at,0.90945967,-0.02469681,,,,
1560908_at,0.90946924,0.00719933,,,,
1561704_at,0.90947768,-0.00564984,,,,
211141_s_at,0.90952927,0.00999212,,,,
1553063_at,0.90952938,-0.00856122,,,,
229308_at,0.90955144,0.04605992,,,,
225769_at,0.90955812,0.02080974,,,,
228191_at,0.90956157,-0.031304,,,,
234032_at,0.90957119,0.03181633,,,,
204208_at,0.90957715,0.01229908,,,,
210944_s_at,0.90966801,0.04493981,,,,
1555169_at,0.90967115,0.00518137,,,,
1563023_at,0.90968264,0.00709372,,,,
1557683_at,0.90972391,0.0048347,,,,
1566671_a_at,0.90972532,-0.01106046,,,,
223955_at,0.90974245,0.00930027,,,,
224637_at,0.90974465,0.0113469,,,,
1557260_a_at,0.90979228,0.02820895,,,,
202310_s_at,0.90980732,-0.04223755,,,,
227747_at,0.90982612,0.03675991,,,,
210491_at,0.90982713,0.00825637,,,,
1562722_at,0.90982977,-0.00691147,,,,
226187_at,0.90983316,0.02702954,,,,
214135_at,0.90984378,0.08023672,,,,
235867_at,0.90992681,-0.02223505,,,,
1559696_at,0.90996289,0.01063371,,,,
210359_at,0.91000581,-0.01324826,,,,
214551_s_at,0.91004784,0.01358409,,,,
244123_at,0.91007572,0.00663943,,,,
244637_at,0.91009458,0.00780063,,,,
1558965_at,0.91011855,-0.00659816,,,,
218362_s_at,0.9101326,-0.02347273,,,,
1554469_at,0.91013343,0.02142342,,,,
242418_at,0.91016648,0.02885068,,,,
225275_at,0.91018337,-0.06139272,,,,
206881_s_at,0.91018395,-0.01862774,,,,
236888_at,0.91028743,0.0062639,,,,
1566478_at,0.91034534,-0.00592211,,,,
234587_at,0.91035625,0.00501643,,,,
AFFX-HUMISGF3A/M97935_5_at,0.91036812,-0.03411117,,,,
200668_s_at,0.91037035,-0.00853329,,,,
223623_at,0.91038459,0.05274004,,,,
228309_at,0.9103921,-0.02017036,,,,
205725_at,0.91039535,0.03615073,,,,
241500_at,0.91040545,-0.01027331,,,,
232423_at,0.91041041,-0.02641625,,,,
220360_at,0.91042281,0.009718,,,,
209803_s_at,0.91042868,-0.04191623,,,,
1559664_at,0.91047699,-0.00603993,,,,
209266_s_at,0.91048809,0.01080554,,,,
220674_at,0.91048824,0.00546635,,,,
243396_at,0.91049121,0.00658053,,,,
210803_at,0.9105037,0.00871537,,,,
215369_at,0.91050386,0.00868057,,,,
210201_x_at,0.91051066,-0.0236828,,,,
230764_at,0.91052556,-0.02437789,,,,
244099_at,0.91054814,-0.0077615,,,,
220034_at,0.91055996,-0.02288275,,,,
235716_at,0.91058216,0.02683591,,,,
218735_s_at,0.91059753,0.02049823,,,,
220810_at,0.91059951,-0.00759841,,,,
209285_s_at,0.91062282,0.02036493,,,,
202595_s_at,0.91065579,-0.01680163,,,,
232278_s_at,0.91066274,-0.04283779,,,,
1564056_at,0.91069808,0.00832681,,,,
214855_s_at,0.91070098,-0.01766155,,,,
243318_at,0.91070185,0.01745673,,,,
222872_x_at,0.91071042,-0.03111675,,,,
231702_at,0.91073995,0.04836203,,,,
212138_at,0.91077205,0.01300722,,,,
238022_at,0.91080462,0.051446,,,,
238724_at,0.91081389,-0.01498463,,,,
1553998_at,0.9108331,0.02397229,,,,
242569_at,0.91083836,0.01626314,,,,
228172_at,0.91084073,-0.01384992,,,,
228133_s_at,0.91084891,0.02809711,,,,
202950_at,0.91088078,-0.03488007,,,,
217432_s_at,0.91094088,0.01298508,,,,
241884_at,0.91097376,0.01122957,,,,
215122_at,0.91097513,-0.00571348,,,,
36084_at,0.91097777,0.01133778,,,,
212749_s_at,0.91105879,-0.01583077,,,,
1566763_at,0.91107551,-0.00683789,,,,
210722_at,0.91107557,0.00614416,,,,
229057_at,0.91107853,0.02565548,,,,
207800_at,0.91108552,0.00667594,,,,
243581_at,0.91110596,-0.01055304,,,,
232221_x_at,0.91112939,-0.01068929,,,,
217229_at,0.9111419,0.00479798,,,,
221267_s_at,0.91115254,-0.01007954,,,,
238220_at,0.9111745,-0.00660547,,,,
202880_s_at,0.91118282,0.01586694,,,,
1563228_x_at,0.91119099,-0.00784449,,,,
216076_at,0.91119508,-0.00896962,,,,
224183_at,0.91122832,-0.00526046,,,,
203349_s_at,0.91123084,-0.03123775,,,,
1554148_a_at,0.91123907,0.02020002,,,,
243718_at,0.91127087,0.02695518,,,,
234210_x_at,0.91139848,0.0086276,,,,
222906_at,0.9114121,-0.03144299,,,,
226716_at,0.9114184,-0.01209194,,,,
235213_at,0.91142713,-0.02242594,,,,
241218_at,0.91146763,-0.00669222,,,,
244293_at,0.91146922,0.02168819,,,,
201830_s_at,0.9114906,-0.02601557,,,,
206316_s_at,0.91151715,-0.02288009,,,,
1553352_x_at,0.91152908,-0.01120133,,,,
1553392_at,0.91153472,-0.02133438,,,,
217811_at,0.91153705,0.01632917,,,,
233958_at,0.91154213,0.00856792,,,,
243358_at,0.91159204,-0.02043064,,,,
229610_at,0.91160756,0.03007341,,,,
239671_at,0.91164291,-0.01683146,,,,
222226_at,0.9116709,0.01346659,,,,
229355_at,0.91169185,0.0152602,,,,
234018_s_at,0.91170542,0.00917048,,,,
205696_s_at,0.91171,0.04495663,,,,
1558293_at,0.91172119,0.01984776,,,,
231235_at,0.91172709,-0.02132983,,,,
225989_at,0.911751,0.01792536,,,,
244486_at,0.91175678,-0.01227653,,,,
236346_at,0.91176364,-0.02393145,,,,
1558552_s_at,0.91180932,0.02365858,,,,
230024_at,0.91181614,0.01035756,,,,
203567_s_at,0.9118179,-0.01955984,,,,
243201_at,0.91182616,-0.00949005,,,,
230970_at,0.91186537,0.01759561,,,,
232795_at,0.91186913,0.01137977,,,,
238003_at,0.91189182,0.02401409,,,,
1569481_s_at,0.91193716,0.01418671,,,,
243649_at,0.91196164,0.01421497,,,,
209339_at,0.91196666,0.02019355,,,,
212638_s_at,0.91197816,-0.02358539,,,,
212938_at,0.91202097,-0.01338693,,,,
232226_at,0.91205244,-0.02164864,,,,
228396_at,0.91206003,-0.03375552,,,,
215684_s_at,0.91206222,-0.01586907,,,,
244755_at,0.9121008,-0.00634681,,,,
229745_x_at,0.91210623,0.00855934,,,,
224601_at,0.91215661,-0.0198977,,,,
211074_at,0.91217259,-0.03346374,,,,
225499_at,0.91218043,-0.02265681,,,,
216289_at,0.91218513,-0.00939865,,,,
210319_x_at,0.91218766,-0.04164305,,,,
231519_at,0.91221975,0.00797386,,,,
214217_at,0.91222284,-0.00791444,,,,
206837_at,0.91222893,0.02503952,,,,
227790_at,0.91226662,-0.01680981,,,,
225770_at,0.91227175,0.01220113,,,,
1564027_a_at,0.91227933,0.01320862,,,,
1568487_x_at,0.91228252,-0.0052259,,,,
240462_at,0.9122912,-0.00672096,,,,
214911_s_at,0.91231506,0.01345515,,,,
233478_at,0.91232177,0.00868122,,,,
1553959_a_at,0.9123284,0.01638476,,,,
218901_at,0.91233615,0.03297191,,,,
233555_s_at,0.91234265,0.03609302,,,,
232160_s_at,0.91240828,-0.01320853,,,,
204083_s_at,0.91241909,-0.0350968,,,,
243484_x_at,0.91243997,0.01303717,,,,
209012_at,0.912456,-0.02349167,,,,
79005_at,0.91247114,-0.0102728,,,,
219847_at,0.91250661,-0.0130156,,,,
233351_at,0.91253214,0.00527784,,,,
200051_at,0.91253947,-0.0148084,,,,
244309_at,0.91255063,0.00683958,,,,
236985_at,0.91255651,0.00794434,,,,
216006_at,0.912608,0.01784331,,,,
236559_at,0.91262841,-0.00573466,,,,
240351_at,0.91265971,-0.00520628,,,,
242871_at,0.9126669,-0.04496488,,,,
1563171_at,0.91267867,0.00784356,,,,
1568853_at,0.91268979,0.01359816,,,,
57516_at,0.91269854,0.01619482,,,,
217972_at,0.91270891,-0.01403461,,,,
226180_at,0.91273829,0.0155744,,,,
237432_at,0.91274315,-0.00686956,,,,
1561206_at,0.91275406,-0.00827417,,,,
233762_at,0.91280445,-0.00664838,,,,
1562145_at,0.91284185,-0.0045464,,,,
236992_at,0.91284661,0.01625528,,,,
228236_at,0.91285368,-0.02905314,,,,
244063_at,0.91285755,0.00819803,,,,
202480_s_at,0.91285823,-0.02016587,,,,
221648_s_at,0.91287852,0.07297957,,,,
212495_at,0.91288857,-0.01801297,,,,
210448_s_at,0.91289575,-0.02283744,,,,
236355_s_at,0.91290382,-0.01563427,,,,
218823_s_at,0.91290849,0.02396052,,,,
213207_s_at,0.91292841,0.00758113,,,,
217270_s_at,0.9129362,0.0081336,,,,
204930_s_at,0.91298198,0.01246695,,,,
231815_at,0.91298318,-0.01653659,,,,
233805_at,0.91307482,-0.00547933,,,,
1569652_at,0.91313357,0.02177058,,,,
209946_at,0.91313569,-0.0226784,,,,
217713_x_at,0.91314779,0.01177366,,,,
220431_at,0.91317523,-0.0384762,,,,
1554960_at,0.91319056,0.02075453,,,,
1563474_at,0.91321503,0.00625568,,,,
233816_at,0.91323317,0.00527477,,,,
214320_x_at,0.91323915,-0.0778215,,,,
207953_at,0.91327599,0.01134299,,,,
1569344_a_at,0.91329445,0.04434086,,,,
1553311_at,0.91330335,0.0262172,,,,
206068_s_at,0.9133236,0.05458462,,,,
243157_at,0.91336044,-0.00697627,,,,
235778_s_at,0.91341107,-0.01532238,,,,
1552649_a_at,0.91342232,0.01732557,,,,
219881_s_at,0.91345719,0.01114103,,,,
226020_s_at,0.91347308,0.01999568,,,,
244103_at,0.91348591,-0.01440022,,,,
233622_x_at,0.91348742,0.00569029,,,,
210459_at,0.91351337,0.01155133,,,,
1562270_at,0.9135224,-0.00556623,,,,
242461_at,0.91355952,-0.00688745,,,,
219052_at,0.91356258,0.0104069,,,,
214257_s_at,0.91360216,0.01331217,,,,
244395_at,0.91363047,0.01633887,,,,
236453_at,0.91364102,0.02565807,,,,
240717_at,0.91364649,0.04895252,,,,
202208_s_at,0.91366753,0.02893251,,,,
210964_s_at,0.9136681,0.03704171,,,,
1566169_at,0.91367008,-0.00514682,,,,
226393_at,0.91367444,0.01916881,,,,
1556654_at,0.91372735,0.00720299,,,,
236490_at,0.9137855,0.00713373,,,,
1554307_at,0.91379608,0.00743393,,,,
241767_at,0.91379827,0.00917501,,,,
220824_at,0.9138087,-0.00648163,,,,
201469_s_at,0.91383097,0.02452664,,,,
228221_at,0.91383418,-0.047508,,,,
221835_at,0.91384091,0.00707383,,,,
223153_x_at,0.91390389,0.01381423,,,,
236436_at,0.9139397,-0.01730957,,,,
237626_at,0.9139462,-0.02067843,,,,
232555_at,0.91404946,0.01357693,,,,
240121_x_at,0.91407796,0.02815024,,,,
207378_at,0.91407995,0.01810721,,,,
227757_at,0.91408346,-0.01793778,,,,
241968_at,0.9140899,-0.01408027,,,,
221145_at,0.91412761,-0.00472205,,,,
1569764_at,0.91415227,-0.00675108,,,,
202123_s_at,0.91416631,0.01547198,,,,
233752_s_at,0.91416881,0.00834391,,,,
234219_at,0.91418832,-0.03930031,,,,
205262_at,0.91421098,0.01923265,,,,
1555313_a_at,0.91423773,-0.00743948,,,,
239665_at,0.9142497,0.02907737,,,,
239448_at,0.91425813,-0.0166255,,,,
225328_at,0.91426254,0.0373616,,,,
1558142_at,0.91427345,-0.01400075,,,,
209338_at,0.91427643,0.01363357,,,,
209360_s_at,0.91428495,-0.02669634,,,,
230601_s_at,0.91432784,0.01328253,,,,
237920_at,0.91436336,-0.00492998,,,,
238359_at,0.9143685,0.01031353,,,,
232100_at,0.91437129,-0.0128078,,,,
239737_at,0.91438257,-0.00875345,,,,
202991_at,0.91438871,0.0117918,,,,
214849_at,0.91439386,-0.016409,,,,
1562876_s_at,0.91441541,-0.00454305,,,,
206094_x_at,0.91442129,-0.075865,,,,
233702_x_at,0.91442641,-0.01457225,,,,
210299_s_at,0.91443045,0.04994794,,,,
239007_at,0.9144526,-0.01762919,,,,
235746_s_at,0.91445325,0.02701,,,,
204892_x_at,0.91445712,-0.00433363,,,,
205709_s_at,0.91445759,0.04033828,,,,
221419_s_at,0.91449227,-0.02024809,,,,
208368_s_at,0.91449579,0.01978664,,,,
217795_s_at,0.91452387,0.02109814,,,,
235424_at,0.91452502,0.01640023,,,,
235407_at,0.9145549,0.01724545,,,,
224201_s_at,0.91459297,0.00857128,,,,
1569876_at,0.91460606,0.0059424,,,,
225816_at,0.91460827,0.02222946,,,,
200892_s_at,0.91462265,0.01350911,,,,
215059_at,0.91462675,-0.03415915,,,,
241667_x_at,0.91469153,-0.01039832,,,,
214878_at,0.91473003,-0.0146987,,,,
1561038_at,0.9147358,-0.00905256,,,,
1568971_at,0.91474615,0.0099399,,,,
234569_at,0.91480985,-0.00468545,,,,
226531_at,0.91481414,0.0236217,,,,
1554806_a_at,0.91484309,-0.01505162,,,,
207118_s_at,0.91486381,0.02225474,,,,
45687_at,0.91486591,0.01043494,,,,
210659_at,0.91487911,-0.01867922,,,,
208347_at,0.91491175,-0.00674611,,,,
205564_at,0.91494085,0.00836643,,,,
240240_at,0.91506304,-0.0069354,,,,
237068_at,0.91506518,0.00475862,,,,
228788_at,0.91509884,0.02743957,,,,
240221_at,0.91514744,-0.01888063,,,,
236730_at,0.91516977,0.00664433,,,,
210110_x_at,0.91518754,-0.01477797,,,,
239980_at,0.91519284,-0.00716231,,,,
232284_at,0.91520405,-0.00962064,,,,
205135_s_at,0.91520964,0.01932101,,,,
1557717_at,0.91521871,-0.00495632,,,,
216278_at,0.91522593,0.01448527,,,,
208160_at,0.91523443,0.00841395,,,,
234148_at,0.91527368,0.00898853,,,,
1555968_a_at,0.9152952,0.02249283,,,,
205233_s_at,0.91529916,-0.0162557,,,,
217754_at,0.91530391,0.01363925,,,,
234785_at,0.91531103,-0.01717752,,,,
230034_x_at,0.91532938,-0.02057383,,,,
1562459_at,0.91533933,-0.00395862,,,,
229091_s_at,0.91536971,0.0198337,,,,
1555146_at,0.91538705,0.0047465,,,,
221920_s_at,0.91538779,-0.03201825,,,,
228567_at,0.91539568,0.01747938,,,,
230915_at,0.91540328,0.0131806,,,,
222275_at,0.91540976,0.02238334,,,,
235105_at,0.9154355,-0.00749509,,,,
208872_s_at,0.91545798,-0.01576217,,,,
202563_at,0.91548462,0.00638891,,,,
216074_x_at,0.91549459,0.03265511,,,,
209505_at,0.915509,-0.0360998,,,,
227151_at,0.91557644,0.01310473,,,,
228010_at,0.91560006,0.06432602,,,,
212342_at,0.91561187,-0.01617494,,,,
241787_at,0.91561538,0.00905368,,,,
236211_at,0.9156367,-0.01746793,,,,
226189_at,0.91565004,-0.05349246,,,,
1560823_at,0.9156655,0.00409857,,,,
227954_at,0.91570478,-0.01916975,,,,
234222_at,0.91572622,0.01084678,,,,
238036_at,0.91574199,-0.0134987,,,,
229378_at,0.91574913,0.03240272,,,,
1552452_at,0.91575186,0.0057521,,,,
1569647_at,0.91576234,-0.00679896,,,,
1566524_a_at,0.91579902,-0.00604259,,,,
227583_at,0.91580976,-0.01315461,,,,
1557289_s_at,0.91586121,0.01081919,,,,
1559119_at,0.91588144,0.00946927,,,,
1560260_at,0.91592525,0.00687039,,,,
237527_at,0.91598916,0.00585792,,,,
213846_at,0.91601728,0.01828904,,,,
1569790_at,0.91603861,0.00458558,,,,
214491_at,0.91606364,0.00807728,,,,
210519_s_at,0.91610539,0.04918454,,,,
216103_at,0.91610876,0.01138399,,,,
204215_at,0.91621878,0.02353017,,,,
241732_at,0.91622358,-0.00544714,,,,
204109_s_at,0.91623393,0.02195443,,,,
207128_s_at,0.91623768,0.01587391,,,,
234855_at,0.91628826,0.00642052,,,,
227486_at,0.91629632,-0.03076562,,,,
232953_at,0.91633005,-0.0063535,,,,
244149_at,0.9163856,-0.00951259,,,,
226043_at,0.91638885,0.029323,,,,
213220_at,0.91639805,0.01680512,,,,
240442_at,0.91643915,0.0072708,,,,
238436_s_at,0.91644111,-0.01788527,,,,
207557_s_at,0.9164516,-0.01369735,,,,
225106_s_at,0.91645986,-0.01604106,,,,
219272_at,0.91646065,-0.01313307,,,,
238774_at,0.91646783,0.03544879,,,,
228955_at,0.91649785,-0.03736226,,,,
213919_at,0.91650033,-0.00876355,,,,
206069_s_at,0.91650771,-0.03756578,,,,
240588_at,0.91652169,0.00920864,,,,
225006_x_at,0.91654674,-0.01807483,,,,
218070_s_at,0.91661158,-0.01488468,,,,
1561909_at,0.91661402,-0.0066619,,,,
217210_at,0.91679911,-0.00666499,,,,
228750_at,0.91684497,-0.05610179,,,,
230547_at,0.91686591,0.01497889,,,,
204302_s_at,0.91687092,0.00816965,,,,
208387_s_at,0.91687191,-0.0087222,,,,
202272_s_at,0.91688979,0.01922966,,,,
224305_s_at,0.91689654,0.01008165,,,,
241321_at,0.91689726,0.01849971,,,,
235575_at,0.9169124,-0.02282445,,,,
226098_at,0.91694443,0.02190067,,,,
1559307_s_at,0.91695213,0.01252291,,,,
209509_s_at,0.91695463,0.01768265,,,,
1557813_at,0.9169795,0.01222448,,,,
214549_x_at,0.91698702,0.04849652,,,,
1552960_at,0.9170083,-0.00820836,,,,
1568801_at,0.91702453,0.00840883,,,,
207385_at,0.91710385,-0.01841403,,,,
201390_s_at,0.91712792,-0.01498706,,,,
242460_at,0.91713238,-0.00722064,,,,
217485_x_at,0.91723398,0.0131494,,,,
218263_s_at,0.91725325,0.0162359,,,,
234559_at,0.91726068,0.00704933,,,,
225556_at,0.91732146,-0.01366138,,,,
208859_s_at,0.91732879,0.02255945,,,,
235720_at,0.91737158,0.00873211,,,,
220763_at,0.91737212,0.00693182,,,,
200852_x_at,0.91738863,-0.01376,,,,
1552928_s_at,0.91741062,-0.01918506,,,,
1553517_at,0.91746245,-0.00757516,,,,
230403_at,0.91747453,0.03218899,,,,
215130_s_at,0.91747593,-0.01427095,,,,
209624_s_at,0.91748021,-0.02674576,,,,
1554719_at,0.91750847,0.01217724,,,,
237976_at,0.9175135,0.00722249,,,,
227813_at,0.91756703,-0.01280091,,,,
220865_s_at,0.91757168,0.02505258,,,,
218082_s_at,0.91757874,0.01173875,,,,
240032_at,0.91758413,-0.01224897,,,,
224380_s_at,0.91759372,-0.00595138,,,,
212361_s_at,0.91759434,0.01489573,,,,
1567032_s_at,0.91764361,-0.02028369,,,,
227655_at,0.9176457,0.03720279,,,,
203897_at,0.91766542,0.01804007,,,,
230712_at,0.91769174,-0.02258932,,,,
205022_s_at,0.91770302,-0.01825075,,,,
219319_at,0.91772378,-0.01045494,,,,
1552399_a_at,0.91775997,0.01126747,,,,
1561919_at,0.91780838,-0.00469216,,,,
211072_x_at,0.9178186,-0.01041769,,,,
1560443_at,0.91785042,-0.00653295,,,,
1554106_at,0.91785287,-0.01641445,,,,
241509_at,0.9178667,0.00883543,,,,
240305_at,0.91795264,0.00692859,,,,
207044_at,0.91796384,-0.0100049,,,,
231607_at,0.91797983,0.00585566,,,,
229820_at,0.91798398,0.01413224,,,,
208905_at,0.91801607,-0.01411896,,,,
222779_s_at,0.91803952,-0.01224333,,,,
239937_at,0.91804002,0.01669909,,,,
204038_s_at,0.91804466,0.02092071,,,,
220796_x_at,0.91805697,0.01290262,,,,
213173_at,0.91809884,0.01252997,,,,
215976_at,0.91811687,-0.00636796,,,,
1559792_at,0.918131,0.00511722,,,,
231497_at,0.91814904,0.00646804,,,,
207358_x_at,0.91815595,-0.01861939,,,,
1564192_at,0.91818674,-0.00423639,,,,
239901_at,0.91819881,-0.00933095,,,,
1559227_s_at,0.91820917,0.01272837,,,,
240407_at,0.91826494,0.01848195,,,,
219449_s_at,0.91828135,0.01391707,,,,
1569402_at,0.9182908,0.0070951,,,,
219089_s_at,0.91831128,-0.00706146,,,,
228728_at,0.91831787,0.0420906,,,,
1552978_a_at,0.91832315,0.0220282,,,,
217355_at,0.91834105,0.00701874,,,,
218328_at,0.91834998,-0.01375548,,,,
202807_s_at,0.91843209,0.01383335,,,,
219842_at,0.91849271,0.02208773,,,,
204824_at,0.91849712,0.01844427,,,,
217796_s_at,0.91855867,-0.01386233,,,,
203713_s_at,0.91855936,-0.03061672,,,,
1554794_a_at,0.91856985,0.02020632,,,,
224983_at,0.91858371,-0.01280236,,,,
213669_at,0.91864175,-0.01591466,,,,
205300_s_at,0.91865685,0.01344388,,,,
237135_at,0.91866061,0.00458663,,,,
230161_at,0.91868555,-0.02123207,,,,
206005_s_at,0.91875854,-0.0122606,,,,
205428_s_at,0.91877372,0.03555244,,,,
242908_x_at,0.91878371,0.00793655,,,,
227255_at,0.91878915,-0.01475003,,,,
225853_at,0.91887554,-0.01983134,,,,
209468_at,0.91890058,0.03117279,,,,
214606_at,0.91892354,0.01283177,,,,
225818_s_at,0.91892479,0.01961729,,,,
214493_s_at,0.91893785,0.02084318,,,,
244488_at,0.91893799,0.00826128,,,,
1558740_s_at,0.91894375,-0.01567739,,,,
214381_at,0.91895592,-0.01459179,,,,
244762_at,0.91901464,-0.00685761,,,,
228014_at,0.91903861,0.01446439,,,,
221780_s_at,0.91910261,0.01477034,,,,
1570043_at,0.91911057,0.00523834,,,,
1559800_a_at,0.91911653,0.00787781,,,,
1554290_at,0.91915348,0.01281706,,,,
223567_at,0.91915861,-0.00834835,,,,
243276_at,0.91916505,0.02166471,,,,
226107_at,0.91918284,-0.0200237,,,,
231838_at,0.91919214,0.02276625,,,,
209024_s_at,0.91920108,0.01968767,,,,
231161_x_at,0.9192024,0.00836237,,,,
220959_s_at,0.91930283,0.02181289,,,,
229513_at,0.91931136,-0.02765131,,,,
224488_s_at,0.91932186,-0.0190489,,,,
201792_at,0.91933112,0.03455018,,,,
217998_at,0.91933575,-0.01459113,,,,
238426_at,0.91937116,-0.02227403,,,,
234124_at,0.91938172,0.01608877,,,,
202971_s_at,0.91941811,-0.02811123,,,,
1552320_a_at,0.91944358,-0.0056017,,,,
231907_at,0.91944821,0.01736239,,,,
236864_at,0.91948182,-0.00601945,,,,
224559_at,0.91949671,0.02852125,,,,
241399_at,0.91952315,-0.02169055,,,,
223464_at,0.91954557,-0.01734277,,,,
218329_at,0.91960084,0.01072632,,,,
201135_at,0.91961306,0.02565709,,,,
242329_at,0.91961825,0.01732377,,,,
204853_at,0.91962919,-0.01627301,,,,
205534_at,0.91964144,0.044205,,,,
216222_s_at,0.91964731,-0.02884894,,,,
235711_at,0.91964791,-0.0157563,,,,
205573_s_at,0.91968123,-0.01982839,,,,
243371_at,0.91970609,0.01321419,,,,
223894_s_at,0.91972938,-0.01387882,,,,
233176_at,0.91973682,0.02655017,,,,
215601_at,0.91980493,0.00417749,,,,
1566540_at,0.91981636,0.0052042,,,,
1552747_a_at,0.91981843,0.00474193,,,,
1560207_at,0.91989232,0.00812285,,,,
1562546_at,0.91989364,0.00774166,,,,
244706_at,0.9199009,-0.01502316,,,,
1563241_at,0.91990186,-0.00502974,,,,
201952_at,0.91993623,-0.03079339,,,,
237288_at,0.92004266,0.00546355,,,,
225932_s_at,0.92011738,-0.01759739,,,,
206557_at,0.920124,0.02962796,,,,
210280_at,0.9201421,-0.01818915,,,,
238795_at,0.92014325,0.01131171,,,,
227558_at,0.92014426,0.02012199,,,,
225666_at,0.92014527,0.02515195,,,,
229159_at,0.92020617,-0.02346882,,,,
213418_at,0.92021976,-0.04002717,,,,
1553984_s_at,0.92023907,0.01759943,,,,
225843_at,0.92024452,0.01556376,,,,
231730_at,0.92024579,-0.02070767,,,,
235068_at,0.92025995,-0.02647595,,,,
214457_at,0.92027121,0.02082548,,,,
216665_s_at,0.92029846,-0.0087627,,,,
1569053_at,0.92032988,0.00749765,,,,
205660_at,0.92033157,0.03141321,,,,
200611_s_at,0.92035584,-0.01919645,,,,
231208_at,0.92036486,-0.00817733,,,,
202888_s_at,0.92040191,-0.05411332,,,,
234669_x_at,0.92047519,-0.01073567,,,,
207326_at,0.92049669,-0.02318959,,,,
213942_at,0.92056588,0.01463853,,,,
218392_x_at,0.92057575,0.01961788,,,,
223228_at,0.92058096,0.01477408,,,,
229214_at,0.92060999,0.00527159,,,,
235259_at,0.92061932,0.02078753,,,,
210263_at,0.92067001,0.01129259,,,,
237290_at,0.92071175,-0.00766728,,,,
1570176_at,0.92071776,0.00410352,,,,
1569124_at,0.92071883,0.0039592,,,,
1565692_at,0.92076185,-0.01113938,,,,
214403_x_at,0.92080001,0.00645051,,,,
219734_at,0.92080812,0.03934791,,,,
1558698_at,0.92081125,0.00854276,,,,
239394_at,0.92082119,0.00763823,,,,
1553351_at,0.92088359,-0.01144447,,,,
228546_at,0.92088379,-0.02545582,,,,
212488_at,0.92090268,0.02945525,,,,
213077_at,0.92096304,-0.01518973,,,,
224090_s_at,0.92098533,0.01037517,,,,
242067_at,0.92104468,-0.00498338,,,,
217694_at,0.92104701,-0.00425429,,,,
1562472_at,0.92105125,-0.01586267,,,,
1563581_at,0.92105535,-0.0046278,,,,
230640_at,0.92106434,-0.01796888,,,,
1560941_a_at,0.92106929,0.00472123,,,,
214587_at,0.92107006,0.02784794,,,,
232415_at,0.92109679,0.01474585,,,,
210129_s_at,0.92111012,0.01219538,,,,
239299_at,0.921115,-0.00524074,,,,
208668_x_at,0.92112686,0.01354312,,,,
225079_at,0.92115055,-0.0276864,,,,
243978_at,0.92115721,0.005372,,,,
202085_at,0.92115858,-0.02755893,,,,
1565671_a_at,0.92116455,0.00884388,,,,
243476_at,0.9211865,-0.00934514,,,,
241429_at,0.92119544,0.01316482,,,,
239951_at,0.92119995,-0.02236918,,,,
1570326_at,0.92120607,-0.00695099,,,,
213900_at,0.92123279,-0.02706914,,,,
230972_at,0.92124031,-0.01971916,,,,
209783_at,0.92124387,0.00769199,,,,
224388_s_at,0.92126082,-0.00705135,,,,
225677_at,0.92130694,0.01529295,,,,
209460_at,0.92133037,0.05612006,,,,
218690_at,0.92133373,-0.00781686,,,,
224676_at,0.921335,0.01338789,,,,
208459_s_at,0.92134248,-0.02171041,,,,
228961_at,0.92138042,0.01574339,,,,
228045_at,0.92147973,-0.02635401,,,,
226481_at,0.92158738,-0.00944192,,,,
203421_at,0.92160008,0.0128942,,,,
238204_at,0.92162231,0.00542505,,,,
227694_at,0.92167846,0.01237635,,,,
243200_at,0.92169447,0.01784297,,,,
1556620_at,0.92169484,-0.00635448,,,,
243074_at,0.92172151,-0.00909877,,,,
232870_at,0.92173365,0.00782596,,,,
237548_at,0.92176426,-0.00582144,,,,
239111_at,0.9217794,-0.00715602,,,,
243039_at,0.92179106,0.01444075,,,,
239160_at,0.92185532,-0.00670343,,,,
226725_at,0.92186053,0.02479093,,,,
231795_at,0.9218619,0.00833617,,,,
1559993_at,0.92186504,-0.02134054,,,,
226629_at,0.92186846,0.01448216,,,,
228287_at,0.92188771,0.01850565,,,,
231318_at,0.92190467,0.00691321,,,,
230163_at,0.92191042,0.03651826,,,,
219671_at,0.92194416,0.00692924,,,,
202617_s_at,0.9219474,-0.01328661,,,,
223436_s_at,0.92198192,-0.014166,,,,
1560656_at,0.92201356,-0.00685262,,,,
1558699_a_at,0.92201456,0.01354492,,,,
221537_at,0.92201912,-0.0091546,,,,
1559946_s_at,0.92202096,0.01300267,,,,
221487_s_at,0.92202128,0.023132,,,,
235904_at,0.92202416,0.06014106,,,,
242268_at,0.9220632,-0.02455323,,,,
202158_s_at,0.92208916,0.04425932,,,,
220685_at,0.9220928,-0.0105247,,,,
219754_at,0.92210566,-0.01373399,,,,
1569234_at,0.92210773,-0.00902156,,,,
230641_at,0.92212658,-0.02885446,,,,
217186_at,0.9221413,-0.00593314,,,,
228777_at,0.92215005,-0.02010209,,,,
213882_at,0.92215369,0.02466634,,,,
229524_at,0.9221634,-0.00740287,,,,
242789_at,0.9221709,0.01859602,,,,
222111_at,0.92218993,-0.01979823,,,,
234977_at,0.9221908,-0.01498026,,,,
231411_at,0.92220369,-0.02771605,,,,
228065_at,0.92220425,-0.01312069,,,,
203698_s_at,0.92220687,0.04846267,,,,
1562790_at,0.92222777,-0.00537335,,,,
1557472_a_at,0.92223229,-0.00431066,,,,
1563076_x_at,0.9222537,-0.00931206,,,,
1552287_s_at,0.92225465,-0.01990449,,,,
233161_at,0.92229672,-0.0075646,,,,
237041_x_at,0.92231953,0.01031737,,,,
238981_at,0.92232189,0.00650735,,,,
229367_s_at,0.92233179,0.02631234,,,,
241329_s_at,0.92237261,-0.006083,,,,
219516_at,0.92237327,-0.01710508,,,,
1555117_at,0.92239685,-0.00642823,,,,
1557077_a_at,0.92241127,-0.01524922,,,,
1554375_a_at,0.9224312,0.06736974,,,,
214823_at,0.92244325,0.03038145,,,,
222863_at,0.92244615,-0.02868071,,,,
203408_s_at,0.92250064,0.02977652,,,,
225636_at,0.92251882,-0.01395118,,,,
208024_s_at,0.9225287,0.0180191,,,,
239046_at,0.92256147,0.02011536,,,,
240507_at,0.92257819,0.0096563,,,,
1560315_at,0.92258418,-0.00718601,,,,
220085_at,0.92260423,-0.02907719,,,,
205609_at,0.9226063,-0.03942505,,,,
228732_at,0.92262285,0.02156773,,,,
235239_at,0.92263244,0.01304696,,,,
235732_at,0.92264406,0.01939912,,,,
227161_at,0.92265676,-0.01426062,,,,
205897_at,0.92269271,-0.00787431,,,,
203941_at,0.92269681,0.01629987,,,,
1557776_at,0.92274757,-0.01592865,,,,
239276_at,0.92275666,0.00890161,,,,
219076_s_at,0.92276681,0.03267297,,,,
209928_s_at,0.92278463,0.01464232,,,,
224650_at,0.92281923,-0.05848474,,,,
221685_s_at,0.92284319,0.01760559,,,,
220052_s_at,0.92285564,-0.0141783,,,,
239707_at,0.92285663,0.0061615,,,,
215627_at,0.92290089,0.00627983,,,,
213292_s_at,0.92295078,0.01612746,,,,
240824_at,0.92308136,0.01431798,,,,
203179_at,0.92308558,-0.02124315,,,,
1558586_at,0.9230934,0.01893672,,,,
201407_s_at,0.92312917,0.01545354,,,,
242417_at,0.92313742,0.02140796,,,,
243041_s_at,0.92318565,0.03384904,,,,
229455_at,0.92318672,-0.02682121,,,,
220168_at,0.92320822,-0.01987255,,,,
239558_at,0.92322771,-0.00447081,,,,
218190_s_at,0.92323311,0.01179515,,,,
233996_x_at,0.92324963,-0.00457421,,,,
217923_at,0.92325001,0.01286039,,,,
242995_at,0.92325229,-0.00597584,,,,
209065_at,0.9232861,-0.01922863,,,,
211103_at,0.92330173,0.01439521,,,,
37950_at,0.92331244,-0.01998381,,,,
233545_at,0.9233195,-0.00745941,,,,
241643_at,0.92332819,-0.00350619,,,,
207204_at,0.92337406,0.00833673,,,,
228874_at,0.92338251,0.00758889,,,,
201127_s_at,0.92338644,0.01263044,,,,
214629_x_at,0.9233958,0.008759,,,,
214261_s_at,0.92339771,-0.06871538,,,,
1552498_at,0.92340518,-0.00449205,,,,
1552360_a_at,0.9234266,-0.01661765,,,,
225389_at,0.92344112,0.01594836,,,,
234726_s_at,0.9234918,-0.02075368,,,,
1560019_at,0.9235119,0.0237726,,,,
238511_at,0.92355654,-0.01362961,,,,
206509_at,0.92356354,0.0478411,,,,
1555869_a_at,0.92360996,0.01133452,,,,
209652_s_at,0.92361646,0.0329956,,,,
234473_at,0.923624,0.00485067,,,,
221228_s_at,0.92363157,-0.00438082,,,,
1561240_at,0.92363445,0.00371343,,,,
233041_x_at,0.92365496,0.01218098,,,,
227978_s_at,0.92366875,-0.01750092,,,,
203709_at,0.92367786,0.01210676,,,,
222750_s_at,0.92372534,-0.02370664,,,,
212427_at,0.92373237,-0.02387168,,,,
221056_x_at,0.9237916,-0.01297149,,,,
208426_x_at,0.92379811,-0.00895848,,,,
221408_x_at,0.92380052,0.01410328,,,,
200971_s_at,0.9238115,-0.01036773,,,,
232484_at,0.92384403,-0.01523139,,,,
38157_at,0.92385393,-0.01463962,,,,
1564905_at,0.9238577,0.00570215,,,,
226633_at,0.92387576,-0.01950025,,,,
204607_at,0.92393172,0.08466947,,,,
217048_at,0.92393968,0.00797582,,,,
239734_at,0.92396647,-0.01384448,,,,
201812_s_at,0.92397208,-0.01006611,,,,
216752_at,0.92399663,0.00318943,,,,
225988_at,0.92400374,-0.01487912,,,,
235667_at,0.92403349,0.01402016,,,,
212271_at,0.92404085,0.01492989,,,,
207160_at,0.92404958,0.00986832,,,,
202750_s_at,0.92410357,-0.01044126,,,,
202812_at,0.92410875,0.019413,,,,
219936_s_at,0.9241319,0.06638524,,,,
52975_at,0.92416028,-0.01389895,,,,
1554923_at,0.924174,0.00810559,,,,
229082_at,0.92426747,0.02274274,,,,
210758_at,0.92427004,-0.02405022,,,,
1562590_at,0.92428541,-0.00577649,,,,
244235_at,0.92430168,-0.01413944,,,,
244067_x_at,0.92434638,0.00392714,,,,
1554030_at,0.92437878,0.01107783,,,,
238462_at,0.92441314,0.03449909,,,,
235824_at,0.92443852,-0.0052204,,,,
217872_at,0.92445009,0.00909052,,,,
230733_at,0.92446735,0.02133716,,,,
213889_at,0.92449087,0.01579165,,,,
237144_at,0.92449561,0.00672098,,,,
200645_at,0.9245014,0.00829255,,,,
1564075_a_at,0.92452576,-0.00563587,,,,
208173_at,0.92455393,0.00616167,,,,
227277_at,0.92459392,0.01392427,,,,
217582_at,0.92461113,-0.00530021,,,,
204780_s_at,0.92463573,0.03160017,,,,
219661_at,0.92463718,0.01696893,,,,
244569_at,0.9246469,-0.01780887,,,,
1570465_at,0.92466162,0.00414537,,,,
218802_at,0.9246769,0.02429043,,,,
243781_at,0.92468079,0.00560087,,,,
1557257_at,0.92469251,-0.02013563,,,,
235118_at,0.92471699,-0.00824658,,,,
223846_at,0.92476245,-0.01623469,,,,
1569008_at,0.92477222,-0.00567702,,,,
233885_at,0.9247774,0.00606892,,,,
216796_s_at,0.9247953,-0.0049955,,,,
200664_s_at,0.92482639,-0.02217826,,,,
226200_at,0.92483776,0.01406653,,,,
234541_s_at,0.92486302,-0.00569649,,,,
209437_s_at,0.92489001,0.03991211,,,,
206677_at,0.92489796,0.00833221,,,,
221878_at,0.92491242,0.01586599,,,,
1562067_at,0.92493582,0.00512176,,,,
214408_s_at,0.92494133,-0.00755411,,,,
230563_at,0.92496508,-0.04665927,,,,
243054_at,0.92496966,-0.00862753,,,,
224310_s_at,0.92497542,-0.01155926,,,,
218095_s_at,0.92499275,-0.01534563,,,,
235017_s_at,0.92499698,0.02475644,,,,
208166_at,0.9250497,0.00523224,,,,
226745_at,0.92507155,0.0326972,,,,
225478_at,0.92507796,-0.02197503,,,,
1568488_at,0.92509423,0.00595672,,,,
228174_at,0.92510115,0.02355095,,,,
206872_at,0.92512047,0.0246874,,,,
AFFX-M27830_5_at,0.92512211,-0.01035951,,,,
1553137_s_at,0.925127,0.01358153,,,,
202411_at,0.92512988,-0.04151598,,,,
202016_at,0.92513655,-0.03882402,,,,
34408_at,0.92518097,-0.02202135,,,,
1553435_at,0.92522392,0.00576861,,,,
1553799_at,0.9252452,-0.00541648,,,,
203364_s_at,0.92527961,-0.00926147,,,,
230553_at,0.92528967,-0.00549835,,,,
210586_x_at,0.92529948,-0.01066141,,,,
233841_s_at,0.92530573,0.0150806,,,,
223573_s_at,0.92532993,0.01383201,,,,
206667_s_at,0.92534801,-0.02467594,,,,
219591_at,0.92536204,-0.00844162,,,,
1554210_at,0.92536944,0.00579441,,,,
1564435_a_at,0.92537451,-0.0051899,,,,
221656_s_at,0.92538173,0.0156272,,,,
235944_at,0.92539101,-0.04292316,,,,
225876_at,0.92548893,-0.01606945,,,,
207383_s_at,0.92550838,0.01076549,,,,
240655_at,0.92551018,-0.01755534,,,,
215272_at,0.92551068,0.00750967,,,,
208302_at,0.92551558,-0.01475096,,,,
212150_at,0.92552544,-0.01473704,,,,
1562942_at,0.92552924,0.00596918,,,,
211826_s_at,0.92554569,0.00972776,,,,
1555579_s_at,0.92557805,-0.02738657,,,,
214753_at,0.9256142,0.01797557,,,,
1557293_at,0.92561865,0.0242202,,,,
206891_at,0.92563394,0.01798321,,,,
207365_x_at,0.92564313,0.01110804,,,,
229784_at,0.92566752,-0.01057377,,,,
202676_x_at,0.92567664,-0.00862235,,,,
216875_x_at,0.92568386,-0.00681381,,,,
212251_at,0.92569971,-0.0114812,,,,
228520_s_at,0.92570651,0.01890874,,,,
223689_at,0.92570745,-0.00915934,,,,
237341_at,0.92570901,0.00529039,,,,
226712_at,0.92571775,-0.01411368,,,,
240288_at,0.92573131,-0.00906984,,,,
227525_at,0.92576943,-0.02126863,,,,
230357_at,0.92578209,-0.01490622,,,,
200709_at,0.92578487,0.01265455,,,,
201703_s_at,0.92578985,0.00980258,,,,
202797_at,0.92580851,0.01080703,,,,
1569263_at,0.92581699,-0.01138385,,,,
222954_at,0.92584982,0.01455728,,,,
225602_at,0.92587044,-0.02774142,,,,
244004_at,0.92589183,-0.00358716,,,,
201535_at,0.92590844,0.01681691,,,,
224167_at,0.9259306,0.00490033,,,,
1556064_at,0.92593099,0.01847434,,,,
205626_s_at,0.9259863,-0.06933611,,,,
236380_at,0.92599634,-0.01279865,,,,
238231_at,0.92601844,-0.00675151,,,,
234433_at,0.9260266,-0.00357519,,,,
208526_at,0.92603883,-0.00640607,,,,
215630_at,0.9260623,0.00857706,,,,
225813_at,0.92607191,0.01015314,,,,
222683_at,0.92608235,0.01003992,,,,
236290_at,0.9261319,-0.01319843,,,,
215594_at,0.92613674,-0.01285663,,,,
201270_x_at,0.92617171,0.0086784,,,,
218439_s_at,0.92618883,0.01526194,,,,
221319_at,0.92619167,-0.0201528,,,,
227192_at,0.92619612,0.0204463,,,,
1553156_at,0.92620258,-0.00623526,,,,
204478_s_at,0.92624659,-0.01439735,,,,
218340_s_at,0.92625863,0.02064823,,,,
233884_at,0.92630059,-0.00743705,,,,
204833_at,0.92639851,0.0138812,,,,
1557369_a_at,0.92645352,0.00439059,,,,
212615_at,0.92645668,0.01570408,,,,
215843_s_at,0.92645871,0.01459604,,,,
212770_at,0.92648564,-0.01556901,,,,
222020_s_at,0.92649998,-0.03130783,,,,
226399_at,0.92650722,-0.01473822,,,,
212225_at,0.92652324,-0.00948731,,,,
236071_at,0.92653415,-0.00726573,,,,
244356_at,0.92659482,0.01813542,,,,
223437_at,0.92660725,0.02515038,,,,
228460_at,0.9266436,-0.00957172,,,,
239442_at,0.92668034,-0.0157565,,,,
225334_at,0.92668932,0.01681217,,,,
231837_at,0.92672431,0.01499704,,,,
202052_s_at,0.92674511,-0.01831594,,,,
220516_at,0.92675149,-0.0081006,,,,
233091_at,0.92676518,-0.0070032,,,,
227213_at,0.9267866,-0.01843548,,,,
213939_s_at,0.9268233,-0.02503392,,,,
242613_at,0.92684,-0.00854566,,,,
202860_at,0.92684051,-0.01102524,,,,
236957_at,0.92688,0.01610359,,,,
233559_s_at,0.92689838,-0.01854379,,,,
244016_at,0.92690485,0.00460097,,,,
231149_s_at,0.926967,0.0114752,,,,
230960_at,0.92698416,-0.00945255,,,,
213811_x_at,0.92699187,-0.01330696,,,,
227626_at,0.92700327,-0.03382663,,,,
203635_at,0.92702142,-0.01180598,,,,
222989_s_at,0.92706125,0.01557546,,,,
227823_at,0.92706662,0.01241769,,,,
232714_at,0.92706666,0.00584616,,,,
244017_at,0.9270886,-0.00485092,,,,
203270_at,0.92710792,0.01776339,,,,
236302_at,0.92711686,0.03164575,,,,
212404_s_at,0.92712583,-0.01683761,,,,
221207_s_at,0.92713343,0.03169295,,,,
235697_at,0.92715571,0.01453098,,,,
203820_s_at,0.92716855,-0.05636691,,,,
201912_s_at,0.92721427,0.01634616,,,,
242930_at,0.92721443,0.00532529,,,,
220770_s_at,0.92721501,0.02346239,,,,
1563839_at,0.92729742,-0.00679552,,,,
216065_at,0.9273102,0.0093965,,,,
231262_at,0.92731059,-0.02275223,,,,
235388_at,0.92732671,-0.01742839,,,,
222564_at,0.92734094,-0.00900731,,,,
240386_at,0.92736509,0.00890251,,,,
212811_x_at,0.92736741,-0.02203837,,,,
203699_s_at,0.92737966,-0.04001555,,,,
1566402_at,0.92738946,-0.00887231,,,,
1556999_at,0.92743947,-0.00684049,,,,
207664_at,0.92744939,-0.0042834,,,,
236961_at,0.92745939,-0.01564806,,,,
237515_at,0.9274606,0.04922843,,,,
209396_s_at,0.92747283,-0.05748013,,,,
200788_s_at,0.92751174,-0.01533531,,,,
213751_at,0.92756137,0.00786347,,,,
242058_at,0.92756241,-0.00761427,,,,
216664_at,0.92760025,0.00377744,,,,
218306_s_at,0.92767363,0.0120951,,,,
220846_s_at,0.92767692,0.00641301,,,,
1555044_a_at,0.9277006,-0.00863065,,,,
1553579_a_at,0.9277408,0.00351506,,,,
242868_at,0.92775023,0.0167221,,,,
236327_at,0.92779787,0.0130727,,,,
225108_at,0.92781717,-0.02297763,,,,
231918_s_at,0.92785846,-0.01812237,,,,
219108_x_at,0.92786265,-0.01313384,,,,
240047_at,0.92786432,0.00426964,,,,
1563057_at,0.92791785,-0.00808092,,,,
238885_at,0.92794149,-0.01609966,,,,
231324_at,0.92794237,-0.00644972,,,,
214490_at,0.92801443,-0.00922332,,,,
220287_at,0.92802534,0.00812712,,,,
203793_x_at,0.92804771,0.01112577,,,,
223936_s_at,0.92807244,0.01035271,,,,
1557233_at,0.92810503,-0.00388051,,,,
233429_at,0.92812334,0.00456343,,,,
201641_at,0.92814654,0.03402232,,,,
233309_at,0.92818443,0.01066783,,,,
202681_at,0.92818486,0.00861097,,,,
242435_at,0.92820631,0.00829006,,,,
243654_at,0.92820658,-0.00383976,,,,
1567539_at,0.92820828,-0.00478194,,,,
221650_s_at,0.92822017,0.01041732,,,,
1558631_at,0.92822297,-0.01780017,,,,
243713_at,0.92822303,-0.01095979,,,,
228902_at,0.9282346,-0.012138,,,,
231538_at,0.92824906,0.01881718,,,,
210643_at,0.92825099,0.03632416,,,,
226237_at,0.92828239,0.04617467,,,,
230964_at,0.92832011,0.03333884,,,,
239045_at,0.92833959,0.01041739,,,,
209215_at,0.92835734,-0.01372283,,,,
228982_s_at,0.92835849,0.01266832,,,,
228499_at,0.92837233,0.0161789,,,,
226759_at,0.92839235,-0.01378673,,,,
53071_s_at,0.92841669,0.01714368,,,,
231171_at,0.92841698,-0.01479032,,,,
228505_s_at,0.92842243,0.015129,,,,
235741_at,0.9284603,-0.00558588,,,,
213411_at,0.92849235,-0.02200374,,,,
233051_at,0.92850705,-0.01674658,,,,
242194_at,0.92853043,0.01043445,,,,
206091_at,0.92853971,-0.03820424,,,,
208102_s_at,0.92859027,0.00835349,,,,
213353_at,0.92863784,0.03101318,,,,
1566761_a_at,0.92865374,0.00722908,,,,
206133_at,0.92867221,0.02693726,,,,
212162_at,0.92868659,0.01146961,,,,
244432_at,0.92870217,0.00464268,,,,
238757_at,0.92875148,-0.00928422,,,,
1562234_a_at,0.92875388,-0.0113626,,,,
241135_at,0.92878304,0.00409673,,,,
204159_at,0.92879138,0.02605036,,,,
241495_at,0.92881129,0.00726168,,,,
242290_at,0.92881625,0.01223958,,,,
1565799_at,0.92884228,0.0037348,,,,
222262_s_at,0.92885512,-0.02026864,,,,
224591_at,0.92891119,0.01100836,,,,
1564670_at,0.9289114,-0.00701857,,,,
240430_at,0.92900253,0.01241358,,,,
1559069_at,0.92902024,0.00698837,,,,
232941_at,0.92906462,0.01324022,,,,
1553207_at,0.92908731,0.00721205,,,,
214378_at,0.92909266,0.01854307,,,,
213996_at,0.92910574,0.01915259,,,,
209850_s_at,0.92914967,0.01289027,,,,
203983_at,0.92919582,0.01427035,,,,
242832_at,0.92919699,0.00649798,,,,
218421_at,0.92920268,0.01438879,,,,
241475_at,0.92921273,-0.00630216,,,,
221834_at,0.92921432,0.01547595,,,,
238492_at,0.92923441,0.01089517,,,,
222798_at,0.92925442,0.02365726,,,,
209378_s_at,0.92926568,0.01263525,,,,
1552939_at,0.92927093,0.0034608,,,,
48031_r_at,0.92927186,-0.01944936,,,,
204225_at,0.92928969,0.01705186,,,,
211488_s_at,0.92932409,-0.02851822,,,,
206598_at,0.92933503,-0.00456781,,,,
235900_at,0.92940036,0.01131795,,,,
201913_s_at,0.92944292,0.01137428,,,,
222348_at,0.9294736,0.01562128,,,,
223662_x_at,0.92951117,0.01132424,,,,
225495_x_at,0.92956055,-0.0071699,,,,
227705_at,0.9295742,-0.0358795,,,,
1560049_at,0.9296288,0.01959673,,,,
1570621_at,0.92962897,-0.00417958,,,,
1556409_a_at,0.92965823,0.01504141,,,,
1553593_a_at,0.92969575,-0.00857307,,,,
1563315_s_at,0.92973484,0.00985634,,,,
1569960_at,0.92977157,0.00445523,,,,
217650_x_at,0.92978871,0.01129453,,,,
231013_at,0.92978933,0.02375339,,,,
229246_at,0.92978939,-0.01611875,,,,
214647_s_at,0.92983408,0.02064258,,,,
1553112_s_at,0.92986417,-0.01954231,,,,
222818_at,0.92986514,0.008048,,,,
242591_at,0.92987136,0.00492047,,,,
227484_at,0.92997763,0.02212241,,,,
218784_s_at,0.93001167,0.01460348,,,,
244757_at,0.93011751,0.00429347,,,,
202155_s_at,0.93011986,0.00972076,,,,
218388_at,0.93014598,-0.01403136,,,,
1555998_at,0.93018992,-0.00679612,,,,
228921_at,0.93022869,0.00914579,,,,
202847_at,0.93024104,0.03214925,,,,
241093_at,0.93025792,0.00668748,,,,
227377_at,0.9302649,0.01643743,,,,
207458_at,0.93026985,-0.00870494,,,,
226932_at,0.93027585,-0.03534531,,,,
201550_x_at,0.93028214,-0.00544169,,,,
222284_at,0.93029825,0.01048814,,,,
223500_at,0.93030708,0.0280005,,,,
233046_at,0.93032092,0.0043901,,,,
211075_s_at,0.93034308,0.01835294,,,,
223092_at,0.93036265,-0.0199026,,,,
215679_at,0.93038406,0.00625684,,,,
208494_at,0.9304088,-0.00512991,,,,
224262_at,0.93049432,0.00852665,,,,
230611_at,0.93049711,-0.01324836,,,,
1556743_at,0.93049943,0.01398827,,,,
1561417_x_at,0.93050391,-0.00370843,,,,
211792_s_at,0.9305097,-0.01893174,,,,
232490_s_at,0.9305541,-0.01751065,,,,
217347_at,0.93058325,0.01038426,,,,
1562857_at,0.93059266,-0.00421072,,,,
212939_at,0.93064307,-0.0037112,,,,
234620_at,0.93065961,-0.00546111,,,,
228951_at,0.93068398,-0.01049868,,,,
230362_at,0.93069236,0.01091993,,,,
237103_at,0.93073186,-0.00753324,,,,
203600_s_at,0.93076994,0.01328396,,,,
219099_at,0.9307901,0.02101029,,,,
1569638_at,0.93081197,-0.00424878,,,,
208433_s_at,0.93084881,-0.03111761,,,,
208707_at,0.93086141,-0.01163639,,,,
207025_at,0.9308925,0.00668334,,,,
229706_at,0.93092862,0.00809909,,,,
234619_at,0.93101005,0.00449361,,,,
208616_s_at,0.93101716,-0.01146975,,,,
216742_at,0.93102557,-0.0043251,,,,
231585_at,0.93108781,-0.00863773,,,,
210172_at,0.93109466,0.01595393,,,,
242485_at,0.93109557,-0.00954753,,,,
243704_at,0.93110493,-0.01726077,,,,
218672_at,0.93110533,-0.01172688,,,,
230388_s_at,0.93116029,0.02455344,,,,
230891_at,0.93117025,0.00349986,,,,
240813_at,0.9311752,0.00553044,,,,
1557360_at,0.93119109,-0.01746139,,,,
219250_s_at,0.93120472,0.03860395,,,,
202380_s_at,0.93120768,-0.01187022,,,,
224645_at,0.93125969,0.01365546,,,,
200054_at,0.93127146,-0.01041936,,,,
214683_s_at,0.93128037,-0.02104876,,,,
1562573_at,0.93128775,-0.00377686,,,,
230932_at,0.93130772,0.01690821,,,,
1559806_at,0.93135977,0.00591428,,,,
203088_at,0.93136497,0.03370741,,,,
207755_at,0.931375,0.00587166,,,,
220462_at,0.93141897,-0.01131972,,,,
1555948_s_at,0.93146069,-0.01156129,,,,
209939_x_at,0.9314781,0.01685222,,,,
216119_s_at,0.93149594,-0.0083392,,,,
206136_at,0.93149663,-0.01596917,,,,
206376_at,0.93150085,0.03520649,,,,
51200_at,0.93153035,0.0111549,,,,
217941_s_at,0.93155052,-0.01635296,,,,
205841_at,0.93156749,0.01641792,,,,
1553678_a_at,0.93162337,0.01136591,,,,
239795_at,0.93162691,0.00554602,,,,
1558557_at,0.93163225,-0.0037729,,,,
226008_at,0.93163491,0.00882988,,,,
1556607_at,0.93164036,0.00649287,,,,
217665_at,0.93164549,0.02432263,,,,
218661_at,0.93164589,0.00945553,,,,
244720_at,0.93164615,0.00424601,,,,
1561114_a_at,0.93168786,-0.0056047,,,,
1559916_a_at,0.93169057,-0.00591214,,,,
222186_at,0.93170095,-0.01431309,,,,
209279_s_at,0.9317287,0.01632399,,,,
202095_s_at,0.93173976,0.02795854,,,,
1558905_at,0.93175264,-0.00447602,,,,
212844_at,0.93178427,0.00777999,,,,
1567558_at,0.93180099,-0.00508054,,,,
227202_at,0.93180248,0.04144672,,,,
219387_at,0.93182677,-0.03153602,,,,
222914_s_at,0.93182692,-0.01586978,,,,
215348_at,0.93183585,0.00592674,,,,
237847_at,0.93183919,0.00568859,,,,
1558619_at,0.93187576,-0.00590812,,,,
1568661_at,0.93190463,-0.00511769,,,,
226957_x_at,0.93193282,0.01116224,,,,
209676_at,0.93193568,0.0377613,,,,
239638_at,0.93196931,-0.00907242,,,,
1556017_at,0.93198226,0.00608983,,,,
207726_at,0.93203526,0.00595914,,,,
241935_at,0.93205014,-0.01900717,,,,
1561553_at,0.93207435,-0.00332304,,,,
232469_x_at,0.93208457,0.01116498,,,,
201210_at,0.93209735,-0.00748026,,,,
242816_at,0.9321064,0.00444434,,,,
219564_at,0.93213063,0.0310405,,,,
208931_s_at,0.93213298,-0.01525126,,,,
215401_at,0.93214821,-0.00711614,,,,
1566842_at,0.93215441,0.00449617,,,,
206863_x_at,0.93216925,0.00641772,,,,
217850_at,0.93218567,-0.01516994,,,,
216925_s_at,0.932201,-0.00630656,,,,
213705_at,0.93221558,0.01451558,,,,
220333_at,0.93222407,0.01251326,,,,
224897_at,0.93222878,0.01097061,,,,
226628_at,0.93225428,-0.0131593,,,,
239130_at,0.93227852,-0.0183015,,,,
1552633_at,0.93227927,0.00878189,,,,
209122_at,0.93228613,0.02882184,,,,
227403_at,0.93230375,0.02095309,,,,
239095_at,0.93232252,-0.00558756,,,,
242625_at,0.93237001,-0.03585661,,,,
242470_at,0.93241963,-0.02180481,,,,
221824_s_at,0.93245389,0.01108961,,,,
206018_at,0.93246599,-0.03666244,,,,
208633_s_at,0.93247401,-0.01442526,,,,
AFFX-ThrX-5_at,0.93248037,-0.024679,,,,
217479_at,0.93252007,-0.00388768,,,,
219260_s_at,0.93255347,0.02195223,,,,
212561_at,0.9325573,-0.01464635,,,,
1565851_at,0.93255788,-0.00324694,,,,
228897_at,0.93260596,0.01383698,,,,
241109_at,0.9326201,-0.00397845,,,,
212686_at,0.9326305,0.03237284,,,,
222197_s_at,0.93263164,0.00973152,,,,
205608_s_at,0.9326398,-0.02476222,,,,
223354_x_at,0.932708,-0.01207986,,,,
223523_at,0.93270835,-0.02529539,,,,
204664_at,0.93271161,-0.01930949,,,,
224113_at,0.93271362,0.00529028,,,,
1564548_at,0.93273122,-0.00557136,,,,
206355_at,0.93277629,-0.02299179,,,,
228173_at,0.93278703,-0.0205534,,,,
227141_at,0.93278867,-0.01090266,,,,
238080_at,0.93281623,-0.00963979,,,,
231734_at,0.93283664,0.0265898,,,,
244614_at,0.93285056,-0.00624441,,,,
226623_at,0.93292002,-0.02126737,,,,
240935_at,0.93292213,-0.01051375,,,,
205881_at,0.93292294,-0.0133292,,,,
221805_at,0.93293201,-0.04558968,,,,
229223_at,0.93295213,0.02815195,,,,
243341_at,0.93295757,0.00729905,,,,
203788_s_at,0.93297996,0.03389268,,,,
227456_s_at,0.93298958,-0.01451652,,,,
244751_at,0.93302615,-0.00733513,,,,
1558501_at,0.93314486,-0.02025444,,,,
213498_at,0.93315301,-0.01097634,,,,
1568609_s_at,0.93315345,-0.02245644,,,,
1557422_at,0.93320528,-0.01574462,,,,
205239_at,0.9332078,-0.06593507,,,,
1569240_at,0.93321076,-0.0063765,,,,
223190_s_at,0.93322706,0.01257914,,,,
220621_at,0.93324389,-0.00699381,,,,
224389_s_at,0.93326482,0.00355431,,,,
1562028_at,0.93329191,-0.00937188,,,,
202590_s_at,0.93331399,-0.0116954,,,,
233403_x_at,0.93331414,0.01353708,,,,
219104_at,0.93332634,-0.01542501,,,,
1564795_at,0.93338547,0.00394668,,,,
210472_at,0.93339341,-0.00578222,,,,
221933_at,0.93341562,-0.04056534,,,,
209891_at,0.93342748,0.02744223,,,,
211058_x_at,0.93343713,-0.00851865,,,,
229556_at,0.93347055,-0.01010667,,,,
239837_at,0.9334777,0.00960973,,,,
232592_at,0.9334786,-0.0098949,,,,
200762_at,0.93349689,0.02304725,,,,
1560130_at,0.93349811,-0.00315405,,,,
218547_at,0.93354807,0.00808438,,,,
1554482_a_at,0.93356334,-0.0173007,,,,
1563553_at,0.93356983,-0.00461158,,,,
1557753_at,0.93357464,-0.00456613,,,,
1552777_a_at,0.93358529,-0.01429961,,,,
239281_at,0.93362814,-0.00572371,,,,
212017_at,0.93363452,0.00811442,,,,
207038_at,0.93365324,-0.02733122,,,,
222943_at,0.93365653,0.05989259,,,,
204338_s_at,0.93370966,-0.03016299,,,,
217911_s_at,0.93374448,0.01530621,,,,
228202_at,0.93376066,-0.03866606,,,,
227110_at,0.93378235,0.00989153,,,,
208831_x_at,0.93381107,-0.01053399,,,,
233811_at,0.93381354,0.00789949,,,,
230904_at,0.93382519,0.02201384,,,,
242045_at,0.93386224,0.01070222,,,,
238190_at,0.933868,-0.00914031,,,,
215250_at,0.93388254,-0.01163033,,,,
225779_at,0.93389042,0.01389921,,,,
236775_s_at,0.9339328,0.00632787,,,,
1565829_at,0.93397979,0.00639018,,,,
203452_at,0.93401217,-0.01220615,,,,
1565628_at,0.93402654,-0.01248292,,,,
1554128_at,0.93406368,0.00938594,,,,
237998_at,0.93408035,0.00443588,,,,
210561_s_at,0.93410782,-0.01284091,,,,
211142_x_at,0.9341296,-0.00444287,,,,
213797_at,0.93413983,0.03264158,,,,
206866_at,0.9341662,0.01096549,,,,
237133_at,0.93416996,-0.01080026,,,,
222436_s_at,0.93423136,0.01184004,,,,
226184_at,0.93425124,-0.02015951,,,,
1564166_s_at,0.93431516,0.00740852,,,,
241352_at,0.93434372,0.01881448,,,,
238671_at,0.93435306,0.00569598,,,,
1563397_at,0.93435989,-0.00445237,,,,
1561392_at,0.93436425,0.00500621,,,,
202363_at,0.9344029,0.04192326,,,,
240985_at,0.93445904,0.00404605,,,,
206834_at,0.93448627,-0.01959132,,,,
204121_at,0.9345008,-0.01422873,,,,
218056_at,0.93450522,-0.01178349,,,,
218379_at,0.93452768,-0.01121475,,,,
224969_at,0.93462505,0.00674498,,,,
241207_at,0.93471132,-0.00365541,,,,
232778_at,0.9347182,0.0119021,,,,
202761_s_at,0.93479762,-0.01777174,,,,
1560513_at,0.93481214,0.00813425,,,,
1552334_at,0.93486281,-0.01316877,,,,
225330_at,0.93487873,-0.02805122,,,,
204280_at,0.93490992,0.01120374,,,,
228680_at,0.93492068,0.01856374,,,,
1557647_a_at,0.9349375,-0.00387711,,,,
1554974_at,0.9349422,-0.01919945,,,,
1566843_at,0.93495658,-0.00393896,,,,
208611_s_at,0.93496976,-0.01550415,,,,
223916_s_at,0.93497575,0.01236173,,,,
237211_x_at,0.93503825,0.00717748,,,,
237433_at,0.93504226,0.00353766,,,,
1568635_at,0.93504634,-0.00437766,,,,
223811_s_at,0.9350524,-0.01416719,,,,
224419_x_at,0.93506313,-0.00485638,,,,
1562989_at,0.93507423,0.004123,,,,
227379_at,0.93508175,-0.02185132,,,,
1553271_at,0.93509343,0.00417039,,,,
1552814_a_at,0.93511355,-0.00393875,,,,
1560996_at,0.93512307,0.003074,,,,
211744_s_at,0.93513286,0.02171117,,,,
241302_at,0.9351472,0.0228514,,,,
219341_at,0.93515318,0.01454641,,,,
242012_at,0.93516339,0.00938807,,,,
1566242_at,0.93516625,-0.0043881,,,,
203036_s_at,0.9351684,0.01651374,,,,
210202_s_at,0.93516856,-0.01918088,,,,
229460_at,0.93519491,0.01208306,,,,
205591_at,0.93519897,-0.03042396,,,,
216043_x_at,0.935223,0.00443387,,,,
204877_s_at,0.9353033,0.00918852,,,,
234238_at,0.9353892,-0.00569699,,,,
236210_at,0.93541209,0.01055266,,,,
227115_at,0.9354133,0.01070929,,,,
204301_at,0.9354393,0.028554,,,,
223451_s_at,0.93546688,-0.01071431,,,,
1552857_a_at,0.93548047,0.00551294,,,,
200028_s_at,0.93548475,-0.00968026,,,,
242421_at,0.93551039,-0.006897,,,,
227624_at,0.93552049,0.01699141,,,,
241547_at,0.93554177,0.05966156,,,,
242491_at,0.93554338,0.01489605,,,,
1569713_at,0.93557221,0.00901576,,,,
221890_at,0.9355792,-0.00572931,,,,
223540_at,0.93561447,0.02901946,,,,
201746_at,0.93562826,-0.02359671,,,,
227426_at,0.93563869,-0.0144222,,,,
208742_s_at,0.93563921,-0.01080991,,,,
204355_at,0.93566484,0.00997858,,,,
237822_at,0.93567216,-0.0040045,,,,
216653_at,0.93568148,-0.00417469,,,,
212115_at,0.93572942,0.01461393,,,,
1558821_s_at,0.93577989,-0.00513936,,,,
226782_at,0.93580846,-0.01814695,,,,
202083_s_at,0.93583381,-0.02063195,,,,
225267_at,0.93585452,0.0131976,,,,
217899_at,0.93594295,-0.01007472,,,,
1560187_at,0.93595382,-0.00366931,,,,
218094_s_at,0.93595797,-0.02117571,,,,
206076_at,0.93596756,-0.01185539,,,,
217259_at,0.93596905,-0.00583173,,,,
1561180_at,0.93598684,-0.01924951,,,,
222324_at,0.93598848,-0.00760678,,,,
1555264_a_at,0.93602053,-0.00398562,,,,
1567139_at,0.93606712,-0.00448188,,,,
1563083_s_at,0.9360698,0.00355026,,,,
225226_at,0.93607253,-0.00755715,,,,
209870_s_at,0.93611157,-0.01185535,,,,
1555299_s_at,0.93611434,-0.00410606,,,,
1569121_at,0.9361281,-0.00640413,,,,
244735_at,0.93612911,-0.00493503,,,,
206884_s_at,0.93618112,-0.04947482,,,,
1570361_a_at,0.93618446,0.00439121,,,,
235603_at,0.93621914,0.01808979,,,,
1562297_at,0.93624312,-0.0047973,,,,
1552323_s_at,0.93624815,0.01334218,,,,
233085_s_at,0.93626521,-0.02353942,,,,
230458_at,0.93630414,-0.00759589,,,,
220220_at,0.93638964,-0.01552673,,,,
230626_at,0.93640998,-0.03180775,,,,
244858_at,0.93642423,0.00516654,,,,
201455_s_at,0.936437,-0.01067978,,,,
210198_s_at,0.93645684,0.05213351,,,,
227438_at,0.93650129,-0.01243696,,,,
240146_at,0.93655463,-0.02071801,,,,
238064_at,0.93657578,0.01051874,,,,
234577_at,0.93657847,0.00370067,,,,
213379_at,0.93658246,-0.01230563,,,,
1563724_at,0.93660754,0.00375688,,,,
238510_at,0.93661032,-0.01082874,,,,
215639_at,0.93662826,-0.00378276,,,,
222577_at,0.93664343,-0.00797304,,,,
226495_at,0.93667664,0.0099914,,,,
228536_at,0.93668379,-0.01146882,,,,
1556588_at,0.93670466,0.01475048,,,,
222199_s_at,0.93674966,-0.01070378,,,,
1555772_a_at,0.9367606,0.0176462,,,,
1565558_at,0.93679834,-0.0082797,,,,
204505_s_at,0.93680686,0.01112806,,,,
214989_x_at,0.93681061,-0.00768395,,,,
235502_at,0.9368136,-0.01278333,,,,
205602_x_at,0.93688679,0.00724093,,,,
233167_at,0.93692602,-0.01767211,,,,
215801_at,0.93694477,-0.00319376,,,,
1560137_at,0.93698136,-0.00698804,,,,
235651_at,0.93703583,0.03777586,,,,
242517_at,0.93707305,0.03280078,,,,
206543_at,0.93707954,-0.01206647,,,,
230573_at,0.93708524,-0.03732118,,,,
209583_s_at,0.93709392,0.03420133,,,,
236349_at,0.93712631,-0.00388418,,,,
224618_at,0.93714106,0.0167017,,,,
240909_at,0.93714464,-0.00456347,,,,
230274_s_at,0.93720238,0.01276233,,,,
1569536_at,0.93727628,0.00661668,,,,
212976_at,0.93729967,0.01673552,,,,
226978_at,0.93731818,0.0204639,,,,
230276_at,0.93731977,0.019085,,,,
1553249_at,0.9373709,0.00441153,,,,
228209_at,0.93738382,0.01023341,,,,
216562_at,0.93740058,0.00658445,,,,
235846_at,0.93740565,0.01424372,,,,
239782_at,0.93740904,-0.00618735,,,,
237879_at,0.93742474,-0.00365907,,,,
227090_at,0.937441,0.00544928,,,,
212688_at,0.93744137,-0.01350349,,,,
233410_at,0.93744148,0.00490228,,,,
213485_s_at,0.93746185,0.01388279,,,,
1565868_at,0.9374712,0.0127158,,,,
235174_s_at,0.93749082,0.01862281,,,,
232662_x_at,0.93752723,0.01226958,,,,
241754_at,0.93759133,-0.0112488,,,,
203781_at,0.93759812,-0.00977426,,,,
210828_s_at,0.93762863,0.01362449,,,,
230130_at,0.9376452,-0.03061708,,,,
206021_at,0.93765347,-0.00766967,,,,
228408_s_at,0.93766613,-0.00793254,,,,
216661_x_at,0.93772485,-0.06066608,,,,
236147_at,0.93773186,0.01100822,,,,
234709_at,0.93773467,0.02829456,,,,
225276_at,0.93780582,-0.01157932,,,,
232611_at,0.93780737,-0.01026452,,,,
243899_at,0.9378273,-0.00938664,,,,
214842_s_at,0.93786524,0.06864148,,,,
219610_at,0.9378738,0.01385415,,,,
1557799_at,0.93790925,0.01053129,,,,
210834_s_at,0.93791963,0.01099303,,,,
206389_s_at,0.9379305,-0.01505842,,,,
240422_at,0.93798352,-0.0470075,,,,
223145_s_at,0.93802341,-0.00996828,,,,
230416_at,0.93804454,-0.0227675,,,,
237751_x_at,0.93806296,0.00314186,,,,
211025_x_at,0.9380642,-0.01036436,,,,
216750_at,0.93808036,-0.00585271,,,,
242110_at,0.93808621,0.02280976,,,,
1562604_at,0.93811007,0.0044171,,,,
1561407_at,0.93811458,-0.00408525,,,,
202506_at,0.93814354,-0.01681826,,,,
1562165_at,0.93815015,-0.00378777,,,,
210839_s_at,0.93817851,0.03061729,,,,
222142_at,0.93819881,0.00758095,,,,
243404_at,0.93820569,0.00785346,,,,
1564658_at,0.93821638,0.00769815,,,,
1562292_at,0.9382422,0.01240417,,,,
217342_x_at,0.93825621,0.00480572,,,,
237039_at,0.93831387,0.0064733,,,,
1552424_at,0.93832202,0.00308536,,,,
1559745_at,0.93833922,-0.00436592,,,,
36475_at,0.93835837,0.01659091,,,,
243272_at,0.93839413,0.00630108,,,,
217784_at,0.93840769,0.01190107,,,,
1561085_at,0.93841038,-0.00441489,,,,
218274_s_at,0.93841947,-0.00992669,,,,
240901_at,0.93844341,0.00507425,,,,
221064_s_at,0.93847091,0.00883069,,,,
206392_s_at,0.93850967,-0.04155918,,,,
1007_s_at,0.93853664,-0.01937587,,,,
203233_at,0.93865531,-0.01639929,,,,
224755_at,0.93868582,0.01749424,,,,
216687_x_at,0.93868783,0.06251929,,,,
221659_s_at,0.93869551,0.00997923,,,,
1562923_at,0.93870967,0.00390797,,,,
241403_at,0.93871407,0.01448663,,,,
1552722_at,0.93874069,0.00349911,,,,
1557641_at,0.93879366,0.00437807,,,,
203439_s_at,0.93879533,-0.02511964,,,,
202487_s_at,0.93880399,0.01144754,,,,
212819_at,0.93880898,0.01203788,,,,
217627_at,0.9388345,-0.01396782,,,,
218957_s_at,0.93884567,-0.01114488,,,,
244478_at,0.93885716,0.0058994,,,,
211343_s_at,0.93885845,0.02236922,,,,
229627_at,0.93888892,-0.00745876,,,,
226905_at,0.93889143,0.02133988,,,,
211109_at,0.93889933,0.00455667,,,,
209686_at,0.93890537,-0.03898608,,,,
217760_at,0.93894118,0.00977367,,,,
207370_at,0.93895664,-0.0084084,,,,
205476_at,0.9390057,-0.04884574,,,,
208778_s_at,0.93904196,0.01024221,,,,
208513_at,0.93908031,-0.00557701,,,,
241331_at,0.93908496,-0.00661048,,,,
201744_s_at,0.93908633,0.02401825,,,,
238927_at,0.93914592,-0.00776673,,,,
232669_at,0.93916187,-0.00547908,,,,
236039_at,0.93924196,-0.01715428,,,,
1555487_a_at,0.93927144,0.01916829,,,,
1562057_at,0.93930254,0.00501334,,,,
236250_at,0.93935571,0.00930807,,,,
212259_s_at,0.93939076,0.011707,,,,
205282_at,0.9393932,-0.02199332,,,,
236925_at,0.93939537,-0.00486602,,,,
201649_at,0.93946974,-0.0214594,,,,
231806_s_at,0.93949631,-0.01341425,,,,
206629_at,0.93950497,-0.01467902,,,,
1554268_at,0.93951687,0.00558667,,,,
236845_at,0.93951955,0.0065643,,,,
223334_at,0.93955693,0.00982823,,,,
243538_at,0.93956471,-0.00471357,,,,
208017_s_at,0.93961116,0.010045,,,,
231014_at,0.93972521,0.00510953,,,,
1555685_at,0.93975175,0.00443009,,,,
240348_at,0.93975384,-0.00316097,,,,
231801_at,0.93977263,0.00584056,,,,
230680_at,0.93981424,0.01958481,,,,
228733_at,0.93983884,0.01290073,,,,
201246_s_at,0.93988597,-0.01204544,,,,
239857_at,0.93991241,-0.00814002,,,,
44040_at,0.93994093,0.01424643,,,,
243973_at,0.93994778,-0.01146367,,,,
219965_s_at,0.93995061,0.0074342,,,,
218073_s_at,0.93996092,0.01668902,,,,
216819_at,0.93996439,0.00384049,,,,
229848_at,0.94001881,-0.01289665,,,,
219962_at,0.94002032,-0.03813379,,,,
243734_x_at,0.94002852,0.00329688,,,,
1561584_at,0.94003017,-0.00318657,,,,
1552588_a_at,0.94003561,0.00337671,,,,
212830_at,0.94003685,-0.01711158,,,,
207208_at,0.94005456,-0.00471958,,,,
225237_s_at,0.94007549,-0.0224382,,,,
214782_at,0.94007721,-0.01495295,,,,
235788_at,0.94010931,0.00824677,,,,
208367_x_at,0.9401477,-0.05023625,,,,
213614_x_at,0.94019234,-0.00256206,,,,
226108_at,0.94019629,-0.01003393,,,,
224635_s_at,0.94020484,-0.00895941,,,,
229431_at,0.94022423,0.01942728,,,,
208588_at,0.94023009,0.0070053,,,,
1552770_s_at,0.94023277,-0.00542761,,,,
214678_x_at,0.94025257,-0.0100368,,,,
213616_at,0.94025446,0.01176796,,,,
230420_at,0.94025911,0.00528283,,,,
215434_x_at,0.94026557,0.01456169,,,,
212111_at,0.94027679,0.00990604,,,,
216282_x_at,0.94033193,0.00456499,,,,
225715_at,0.9403498,0.00901948,,,,
243592_at,0.94036245,0.00749233,,,,
239537_at,0.94037071,0.01609924,,,,
1569156_at,0.94038897,-0.00873997,,,,
237900_at,0.94041366,0.00528702,,,,
AFFX-r2-Bs-thr-5_s_at,0.94043359,-0.02623321,,,,
206574_s_at,0.94045289,-0.02261409,,,,
239131_at,0.94046623,0.00614408,,,,
222753_s_at,0.94048394,0.01150649,,,,
204993_at,0.94049842,-0.01300206,,,,
1553603_s_at,0.94053857,0.01349703,,,,
202622_s_at,0.94056505,-0.00843203,,,,
226766_at,0.94058035,-0.02794441,,,,
1559169_at,0.94063777,-0.00530842,,,,
1570517_at,0.94068214,-0.00413858,,,,
223754_at,0.94069915,-0.02137157,,,,
1554703_at,0.94070139,0.01891243,,,,
228656_at,0.94070324,0.04438363,,,,
227325_at,0.94074355,0.01185043,,,,
232042_at,0.94079702,-0.00610795,,,,
222103_at,0.9408024,0.01066694,,,,
201124_at,0.94083485,-0.01732785,,,,
207169_x_at,0.94086523,-0.02555206,,,,
1561756_at,0.94086893,-0.00499517,,,,
209571_at,0.94088481,0.00873294,,,,
207525_s_at,0.94089508,-0.01141521,,,,
210170_at,0.94093134,-0.02117324,,,,
239993_at,0.94093407,0.00518484,,,,
205700_at,0.94095521,0.05750733,,,,
214547_at,0.94100219,0.00378826,,,,
224689_at,0.94101946,0.00865845,,,,
214880_x_at,0.94102153,0.00744418,,,,
1560136_at,0.94106523,-0.00456059,,,,
1556950_s_at,0.94108216,0.01184592,,,,
233367_at,0.94113439,0.0051222,,,,
210537_s_at,0.94117154,-0.00999204,,,,
1560769_at,0.94117598,0.00386691,,,,
242798_at,0.94118402,0.0042594,,,,
238680_at,0.94120264,0.00627856,,,,
201120_s_at,0.94120666,-0.01826336,,,,
232983_s_at,0.94125757,-0.00967409,,,,
210378_s_at,0.94126455,0.00973807,,,,
239622_at,0.94128287,-0.00308763,,,,
244167_at,0.94128322,-0.00401007,,,,
223002_s_at,0.94133051,0.0102189,,,,
207982_at,0.94133408,0.00602292,,,,
1560297_at,0.94137237,0.01271926,,,,
235817_at,0.94137311,-0.00675479,,,,
214046_at,0.94143517,-0.03386148,,,,
220975_s_at,0.94145179,-0.01162983,,,,
210650_s_at,0.94145197,0.01789165,,,,
201115_at,0.94152967,0.01253742,,,,
241019_at,0.94153587,-0.00432821,,,,
202068_s_at,0.94154397,0.02714922,,,,
218462_at,0.94156572,0.00770187,,,,
1557329_at,0.94157604,-0.00464188,,,,
228354_at,0.94158292,-0.01248999,,,,
207327_at,0.94159109,0.02417239,,,,
235605_at,0.94160045,-0.00785929,,,,
220546_at,0.94160257,-0.00724389,,,,
230319_at,0.94161502,-0.04396407,,,,
233081_at,0.94161638,-0.00543994,,,,
201970_s_at,0.94162364,-0.01401832,,,,
229423_at,0.94162734,-0.01185617,,,,
241893_at,0.94176068,-0.02271368,,,,
217094_s_at,0.9417819,-0.01172076,,,,
212804_s_at,0.94178275,0.00993812,,,,
201467_s_at,0.94179513,0.03239026,,,,
1570454_at,0.94183334,0.01098966,,,,
218958_at,0.94186392,-0.00862209,,,,
239038_at,0.94190479,0.01207382,,,,
212508_at,0.94190496,-0.01064328,,,,
1559421_at,0.94192772,-0.00535767,,,,
244656_at,0.94193953,0.00690911,,,,
1555397_at,0.94197401,-0.00392459,,,,
241213_x_at,0.94197506,-0.0052688,,,,
231974_at,0.94198991,0.00724553,,,,
201282_at,0.9419923,-0.00796654,,,,
239955_at,0.9419941,-0.01129451,,,,
218656_s_at,0.94200837,0.02262734,,,,
1561511_at,0.94201222,-0.00343397,,,,
226851_at,0.9420313,-0.01335074,,,,
209938_at,0.94203482,-0.00764131,,,,
1559763_at,0.9420511,0.00333724,,,,
219307_at,0.94207267,0.01388958,,,,
224715_at,0.94209453,-0.01434278,,,,
237215_s_at,0.94211729,0.02218936,,,,
200650_s_at,0.9421297,-0.00783434,,,,
225414_at,0.94216795,-0.0085457,,,,
229277_at,0.9422185,-0.00536623,,,,
237124_at,0.94223655,-0.00383364,,,,
228959_at,0.94226067,0.01835521,,,,
244536_at,0.94230166,-0.00636604,,,,
223622_s_at,0.94230231,0.01472939,,,,
204476_s_at,0.94234704,0.02818762,,,,
207788_s_at,0.94237376,0.00811939,,,,
221029_s_at,0.9423972,0.02533065,,,,
1563087_at,0.94240212,-0.0037772,,,,
209162_s_at,0.94246195,0.01278443,,,,
228894_at,0.94246244,0.00995691,,,,
236272_at,0.94246253,-0.00462919,,,,
1553229_at,0.94248351,0.01266263,,,,
240610_at,0.94259882,0.00486934,,,,
218790_s_at,0.94261657,0.01049066,,,,
235996_at,0.94264561,-0.00517783,,,,
241394_at,0.94269109,-0.01384598,,,,
58367_s_at,0.9426952,0.0082882,,,,
208353_x_at,0.94270177,-0.01127983,,,,
239544_at,0.94270181,0.00810247,,,,
215028_at,0.94271441,-0.01928977,,,,
238642_at,0.94274642,0.0096264,,,,
202616_s_at,0.94276395,0.00989976,,,,
237734_s_at,0.9428192,-0.00397146,,,,
1555819_s_at,0.94282359,0.00636652,,,,
1557996_at,0.94282471,0.01595949,,,,
208442_s_at,0.94285157,-0.01348943,,,,
214561_at,0.9428767,-0.00416221,,,,
217216_x_at,0.94289378,0.00968482,,,,
221664_s_at,0.94294912,-0.0222035,,,,
1558938_at,0.94300424,0.00529546,,,,
204581_at,0.94300737,0.00955647,,,,
200911_s_at,0.94301024,-0.01542065,,,,
225846_at,0.94301161,-0.0477808,,,,
239523_at,0.9430293,0.00803313,,,,
45633_at,0.94303611,-0.0167275,,,,
202606_s_at,0.94307314,0.00915263,,,,
212665_at,0.9431084,-0.01464022,,,,
AFFX-r2-Bs-dap-5_at,0.94311278,0.02678683,,,,
241763_s_at,0.94315069,0.01955372,,,,
221310_at,0.94315794,0.0076822,,,,
1555790_a_at,0.94316525,-0.01428929,,,,
229782_at,0.94319326,-0.00728723,,,,
218579_s_at,0.94319654,0.01152025,,,,
1554641_a_at,0.94320897,-0.00362806,,,,
242520_s_at,0.94320965,-0.00580286,,,,
216247_at,0.94322658,-0.01459926,,,,
240316_at,0.9432384,-0.00421801,,,,
238135_at,0.94325111,-0.01124775,,,,
213264_at,0.94326193,0.01284863,,,,
217454_at,0.9433161,-0.00402682,,,,
205779_at,0.94333574,-0.01000937,,,,
221502_at,0.94336138,-0.00909771,,,,
220120_s_at,0.94336875,0.01408872,,,,
232169_x_at,0.94338153,-0.01085025,,,,
225824_at,0.94345563,0.00866858,,,,
1569538_at,0.94350584,0.0053604,,,,
237965_at,0.94351301,0.00565429,,,,
202594_at,0.94351917,0.01108811,,,,
233036_at,0.94354398,0.01737359,,,,
204474_at,0.94354544,0.0071407,,,,
1566833_x_at,0.94358333,-0.00349531,,,,
234189_at,0.94360344,0.00514056,,,,
223786_at,0.94362019,-0.01470645,,,,
220734_s_at,0.94362538,-0.00905369,,,,
202434_s_at,0.94365021,-0.01300092,,,,
209529_at,0.94367063,0.03774631,,,,
205444_at,0.94371045,0.01312345,,,,
231491_at,0.94371507,-0.00724583,,,,
209361_s_at,0.94372002,0.00999701,,,,
236737_at,0.94372382,0.00513511,,,,
230687_at,0.94374007,-0.01177372,,,,
215075_s_at,0.94375836,0.0119094,,,,
229283_at,0.94375893,-0.01734031,,,,
223745_at,0.94383392,-0.00491682,,,,
216555_at,0.94385426,0.00866439,,,,
231973_s_at,0.94387106,-0.01242378,,,,
219677_at,0.94387609,-0.01318184,,,,
206385_s_at,0.94388238,-0.02517054,,,,
200013_at,0.94389104,0.00502603,,,,
213393_at,0.94390424,0.01571178,,,,
200099_s_at,0.94395112,0.00407154,,,,
204595_s_at,0.94396322,0.01872288,,,,
1563072_at,0.94397892,-0.00244511,,,,
244377_at,0.94401062,0.00631559,,,,
213720_s_at,0.9440114,-0.01206952,,,,
214942_at,0.94404898,0.00836005,,,,
1556285_s_at,0.94405923,0.01193721,,,,
217377_x_at,0.94405977,0.01192014,,,,
209993_at,0.94406507,0.03664748,,,,
219361_s_at,0.94407778,0.00899012,,,,
227766_at,0.94411204,-0.01384443,,,,
227425_at,0.94411763,-0.02588163,,,,
213282_at,0.94417172,0.01223536,,,,
1558760_at,0.94417431,0.01099955,,,,
201875_s_at,0.94422397,0.01352064,,,,
226965_at,0.94427424,0.00939224,,,,
240335_at,0.94427424,-0.00318575,,,,
216585_at,0.94427731,0.00537873,,,,
231880_at,0.94428862,-0.01044136,,,,
211955_at,0.94448411,-0.01289577,,,,
227679_at,0.94453198,0.01182479,,,,
215288_at,0.94459582,0.00478683,,,,
238440_at,0.94461077,0.02435809,,,,
203499_at,0.94462321,-0.02069871,,,,
1559064_at,0.94463779,0.00855931,,,,
234662_at,0.94470916,-0.00322104,,,,
232747_at,0.94474001,0.00396575,,,,
227413_at,0.94474982,-0.01121246,,,,
200796_s_at,0.94477275,0.02103635,,,,
236150_at,0.94479901,0.00947749,,,,
227532_at,0.94480463,-0.02643265,,,,
226353_at,0.94480903,-0.01082439,,,,
237863_at,0.9448113,-0.00337729,,,,
1566991_at,0.94485148,-0.00588958,,,,
201863_at,0.94486598,0.00601988,,,,
243417_at,0.94487261,-0.01335295,,,,
1552689_at,0.94488239,-0.007706,,,,
210749_x_at,0.94488523,-0.02112878,,,,
234882_at,0.94496108,0.00578922,,,,
236739_at,0.94497335,0.00310167,,,,
242519_at,0.94498409,-0.00521251,,,,
221881_s_at,0.94498465,-0.01695966,,,,
1555826_at,0.94500702,0.01526212,,,,
222256_s_at,0.94504957,-0.01066572,,,,
226694_at,0.94506241,0.01454625,,,,
227068_at,0.94508419,0.01263964,,,,
216642_at,0.94512796,0.00405045,,,,
215980_s_at,0.94513363,0.00559616,,,,
201260_s_at,0.94516,0.00918499,,,,
244418_at,0.94516325,0.00955644,,,,
216924_s_at,0.94518292,0.00742627,,,,
223957_at,0.94520829,0.0044593,,,,
227731_at,0.94523768,0.00668578,,,,
236399_at,0.94524275,0.00628114,,,,
1556597_a_at,0.94525192,-0.00755159,,,,
217551_at,0.94531351,0.02283772,,,,
1555052_a_at,0.94534227,-0.00973682,,,,
232574_at,0.94535824,-0.00522856,,,,
243657_at,0.9454013,-0.00333016,,,,
240199_x_at,0.94540454,0.00474922,,,,
202207_at,0.94540513,0.02119664,,,,
204646_at,0.94545018,-0.02233321,,,,
238108_at,0.9454711,-0.00852025,,,,
205863_at,0.94548111,0.02820492,,,,
204452_s_at,0.94548885,0.01405753,,,,
1563174_at,0.94552947,0.0035365,,,,
1569044_at,0.94553286,-0.00719202,,,,
229365_at,0.94559936,-0.00539865,,,,
234455_at,0.94564875,0.00271875,,,,
230633_at,0.9456683,0.00998618,,,,
212646_at,0.94567686,-0.01694293,,,,
235030_at,0.94572212,-0.01188605,,,,
243042_at,0.94575347,0.01046553,,,,
236860_at,0.94576892,-0.01372614,,,,
1558336_at,0.94577532,0.00364728,,,,
209447_at,0.94577814,0.01969038,,,,
222708_s_at,0.9457801,-0.01071532,,,,
226341_at,0.94578467,-0.01199795,,,,
235140_at,0.94581131,-0.00724995,,,,
217861_s_at,0.94584006,-0.0068589,,,,
220246_at,0.94594639,0.01356013,,,,
1569482_at,0.94598787,0.00868949,,,,
200632_s_at,0.9460122,-0.02276612,,,,
1553512_at,0.94603917,-0.00573424,,,,
204032_at,0.94605343,-0.01620673,,,,
241368_at,0.94608231,-0.01411095,,,,
230704_s_at,0.94609185,-0.00566447,,,,
215109_at,0.94610055,-0.00500977,,,,
228324_at,0.94611919,-0.01352316,,,,
209859_at,0.94614258,0.02361872,,,,
233655_s_at,0.94615038,0.01315712,,,,
214765_s_at,0.94616579,-0.01803598,,,,
241101_at,0.9461967,0.00298113,,,,
207436_x_at,0.94620259,-0.00772755,,,,
232496_at,0.94627043,0.00398597,,,,
200824_at,0.94627142,0.02116666,,,,
234872_at,0.94628675,0.00309642,,,,
239625_at,0.94629905,0.00458036,,,,
218856_at,0.94631884,-0.01792264,,,,
219617_at,0.94632995,0.01295225,,,,
1561045_a_at,0.94633102,-0.00346113,,,,
231986_at,0.94633957,0.01216098,,,,
239297_at,0.94638621,-0.01519458,,,,
222327_x_at,0.94642277,0.0071918,,,,
216983_s_at,0.94643117,0.00726717,,,,
243029_at,0.94643479,-0.00558836,,,,
200948_at,0.94646873,0.01106884,,,,
209982_s_at,0.94647583,0.01672844,,,,
205646_s_at,0.94651065,-0.01926533,,,,
1570202_a_at,0.9465552,0.00441734,,,,
1554213_at,0.946556,-0.0057439,,,,
225790_at,0.94656656,0.02139928,,,,
240015_at,0.94660495,0.00719975,,,,
225101_s_at,0.94660821,-0.0111043,,,,
1555250_a_at,0.94660965,0.01057408,,,,
223024_at,0.94662836,-0.01142922,,,,
243051_at,0.94664016,-0.00692477,,,,
226396_at,0.94664354,0.01007052,,,,
238062_at,0.94668578,0.01106248,,,,
232118_at,0.94672584,-0.00947994,,,,
233144_s_at,0.94673707,-0.00712779,,,,
1555827_at,0.94674606,0.00904617,,,,
205393_s_at,0.94675177,0.02166322,,,,
213070_at,0.94675439,0.01062119,,,,
210560_at,0.94676715,-0.00429832,,,,
202479_s_at,0.94678175,0.01624885,,,,
210139_s_at,0.946786,-0.02264128,,,,
235136_at,0.9467981,-0.0162475,,,,
241074_at,0.94681311,-0.00685594,,,,
239952_at,0.94684577,0.01106485,,,,
239594_at,0.94686684,-0.026604,,,,
239173_at,0.94686703,-0.01013904,,,,
217510_at,0.94688312,0.0042257,,,,
231498_at,0.94688561,-0.00422393,,,,
224670_at,0.94690797,0.00779489,,,,
200708_at,0.94693441,0.01235782,,,,
228861_at,0.9469419,-0.01020427,,,,
220169_at,0.94694225,-0.00986142,,,,
239261_s_at,0.94695632,-0.01214093,,,,
213801_x_at,0.94695863,0.00668851,,,,
205064_at,0.94696938,0.04661237,,,,
1563107_at,0.94697296,0.00594646,,,,
218481_at,0.94699835,-0.01069785,,,,
1554415_at,0.94699878,-0.01207762,,,,
221700_s_at,0.94702646,-0.0046945,,,,
1564474_at,0.94709444,-0.00920723,,,,
1556413_a_at,0.94710699,0.0049047,,,,
235509_at,0.94715253,-0.01560583,,,,
206709_x_at,0.94716124,-0.01149051,,,,
242398_x_at,0.94716772,-0.00753561,,,,
236179_at,0.94717249,-0.03308701,,,,
1554212_s_at,0.94717577,-0.00631282,,,,
244502_at,0.94722678,-0.01171453,,,,
223681_s_at,0.94722949,0.02518461,,,,
228646_at,0.94724544,0.01272654,,,,
211797_s_at,0.94724955,-0.0140541,,,,
238638_at,0.94725339,0.01557116,,,,
203544_s_at,0.94725583,0.01185757,,,,
214579_at,0.94727929,-0.00886363,,,,
232904_at,0.94728956,0.00423441,,,,
231501_at,0.94729934,-0.00574237,,,,
1554239_s_at,0.94730415,0.0086414,,,,
1552664_at,0.94732104,0.01080254,,,,
213360_s_at,0.94733102,0.00737717,,,,
243053_x_at,0.94734206,-0.00348201,,,,
239025_at,0.94734968,0.00552653,,,,
206735_at,0.94736464,-0.00530563,,,,
217497_at,0.94736999,-0.01826037,,,,
1568615_a_at,0.94740906,-0.00411019,,,,
1552995_at,0.94742148,-0.00575972,,,,
211715_s_at,0.94746844,0.02761285,,,,
1558368_s_at,0.94748046,0.00726403,,,,
1557693_at,0.94750343,-0.0038308,,,,
235565_at,0.94755813,0.00414764,,,,
235699_at,0.94757924,0.00675082,,,,
222761_at,0.94758158,-0.01274822,,,,
225371_at,0.94763403,-0.00845982,,,,
242641_at,0.94764355,-0.01158685,,,,
236069_at,0.94766303,0.00616692,,,,
212035_s_at,0.94767942,0.00588699,,,,
1569409_x_at,0.94768464,-0.00707782,,,,
215589_at,0.94768569,0.00584461,,,,
230406_at,0.94770155,0.01965539,,,,
210836_x_at,0.9477127,0.0086212,,,,
206277_at,0.94772459,0.01868565,,,,
213146_at,0.94773794,-0.00817175,,,,
212218_s_at,0.94774098,-0.02278148,,,,
200000_s_at,0.94782251,-0.00945409,,,,
211939_x_at,0.94785798,-0.00600203,,,,
212698_s_at,0.9479075,0.00862201,,,,
233755_at,0.94790909,-0.00353168,,,,
214189_s_at,0.94792298,0.00485263,,,,
233872_x_at,0.94792967,0.00304836,,,,
231703_s_at,0.9479452,0.02535181,,,,
243790_at,0.94794572,-0.01141038,,,,
221513_s_at,0.94799505,-0.01068234,,,,
210380_s_at,0.94800004,0.00602927,,,,
1558447_at,0.94802093,-0.00985106,,,,
225941_at,0.94804885,0.01633303,,,,
228629_s_at,0.94805484,0.00481013,,,,
217381_s_at,0.94809768,0.00582116,,,,
1558053_s_at,0.94812047,-0.0058672,,,,
213192_at,0.94816976,0.00658578,,,,
209471_s_at,0.9481712,0.00806962,,,,
203692_s_at,0.94817717,0.01498837,,,,
202866_at,0.94817933,0.0065983,,,,
215526_at,0.94818716,-0.00418018,,,,
226566_at,0.94821921,0.00871455,,,,
230981_at,0.94822376,-0.00703333,,,,
222706_at,0.9482564,-0.00656966,,,,
201872_s_at,0.94826612,-0.01042668,,,,
219520_s_at,0.94827281,-0.0106283,,,,
209688_s_at,0.94829352,-0.00812684,,,,
1559641_at,0.94837005,0.00397758,,,,
220903_at,0.94843143,-0.00373697,,,,
234122_at,0.94844039,-0.00501589,,,,
227368_at,0.94852748,-0.01889998,,,,
234793_at,0.9485496,0.00283456,,,,
200035_at,0.94855548,0.0076023,,,,
202589_at,0.94862025,-0.02206823,,,,
219665_at,0.94867938,-0.00933819,,,,
207191_s_at,0.94871036,-0.02446655,,,,
215741_x_at,0.94878085,-0.00497623,,,,
1558743_at,0.94879079,0.00272822,,,,
1561331_at,0.94882294,-0.00616439,,,,
238939_at,0.94883139,-0.00614778,,,,
219944_at,0.94887065,0.01779979,,,,
222518_at,0.94888997,-0.01052617,,,,
244864_at,0.94889177,-0.0107776,,,,
215120_s_at,0.94890475,-0.00757516,,,,
227615_at,0.9489273,0.00788907,,,,
235467_s_at,0.9489571,-0.01281139,,,,
214572_s_at,0.94896492,0.01595672,,,,
244857_at,0.94896669,-0.0038387,,,,
217282_at,0.94898999,0.00490595,,,,
211612_s_at,0.9490003,0.01511648,,,,
217948_at,0.94904034,0.01153017,,,,
218411_s_at,0.94904565,0.01352168,,,,
223915_at,0.94905054,-0.01350589,,,,
223655_at,0.94907163,-0.0196635,,,,
219664_s_at,0.94917521,-0.01348978,,,,
206654_s_at,0.94922464,-0.00730111,,,,
236571_at,0.94926002,0.00947775,,,,
242912_at,0.94928641,0.01422188,,,,
206159_at,0.94931109,-0.01966055,,,,
235126_at,0.94933296,0.01396668,,,,
240095_at,0.94937134,-0.00988219,,,,
209944_at,0.94938538,-0.00813704,,,,
1557701_s_at,0.94940506,-0.01192246,,,,
215154_at,0.94941442,0.00750845,,,,
244134_at,0.94941837,-0.00382748,,,,
1553750_a_at,0.94947133,0.01059651,,,,
1562416_at,0.94948634,-0.00545512,,,,
240817_at,0.94954352,0.00372916,,,,
217066_s_at,0.94955263,-0.00430079,,,,
207663_x_at,0.9495704,0.02402046,,,,
220337_at,0.94958683,0.00460218,,,,
241432_at,0.94959793,-0.00309875,,,,
204494_s_at,0.9496371,-0.00727898,,,,
209991_x_at,0.9496414,-0.00946838,,,,
1561493_at,0.94965913,0.0027153,,,,
232380_at,0.94973346,-0.00360116,,,,
206368_at,0.94976432,-0.00509004,,,,
242130_at,0.94976622,-0.00310102,,,,
242338_at,0.94981662,0.01642617,,,,
202475_at,0.94981675,-0.00876584,,,,
1563209_a_at,0.94981726,-0.02981204,,,,
207489_at,0.94983382,0.00312302,,,,
205257_s_at,0.94984509,-0.02036055,,,,
204293_at,0.94988225,0.01073655,,,,
228450_at,0.94988386,0.01527728,,,,
37512_at,0.94990592,0.04974445,,,,
228933_at,0.94991453,0.02477867,,,,
241630_at,0.94995505,0.00459816,,,,
214012_at,0.94996392,0.021103,,,,
216431_at,0.94996832,-0.00442906,,,,
233693_at,0.95000317,0.0040142,,,,
241578_x_at,0.95004052,-0.0031836,,,,
204837_at,0.95006045,-0.01022842,,,,
225405_at,0.95006091,0.00775813,,,,
214710_s_at,0.95006581,0.01858417,,,,
211503_s_at,0.9502033,0.0087508,,,,
233417_at,0.95021586,-0.00633716,,,,
217874_at,0.95022346,0.00743529,,,,
213433_at,0.95022757,0.00594639,,,,
235639_at,0.9502405,0.01963947,,,,
238460_at,0.9502637,0.03527204,,,,
224414_s_at,0.95028211,-0.01743604,,,,
213872_at,0.95032002,-0.01512723,,,,
216204_at,0.95032222,0.00402201,,,,
228799_at,0.9503241,0.01038666,,,,
1558226_a_at,0.95033719,-0.00255011,,,,
231472_at,0.95036624,0.01145082,,,,
213224_s_at,0.95036877,-0.01083476,,,,
220108_at,0.95037793,0.01893264,,,,
214234_s_at,0.95041524,0.04329183,,,,
220166_at,0.95046088,0.00674885,,,,
241818_at,0.95046132,-0.00484684,,,,
217718_s_at,0.95047678,-0.0061023,,,,
238390_at,0.95050341,0.00311184,,,,
223011_s_at,0.9505035,0.00656793,,,,
229463_at,0.95051852,0.00491428,,,,
200955_at,0.950534,0.00631701,,,,
225838_at,0.95054819,-0.006755,,,,
215192_at,0.95057261,0.00738057,,,,
218582_at,0.95058258,-0.00946626,,,,
218667_at,0.95059991,-0.00912144,,,,
217135_x_at,0.95063263,0.00629408,,,,
236751_at,0.95064881,-0.00579713,,,,
211451_s_at,0.95067228,0.00512037,,,,
237248_at,0.95069321,0.01712547,,,,
216993_s_at,0.95069383,-0.00514358,,,,
42361_g_at,0.95071609,0.01093259,,,,
235797_x_at,0.95071737,-0.00372393,,,,
219066_at,0.95072235,-0.00705989,,,,
202931_x_at,0.95072715,-0.01291939,,,,
243025_at,0.9507371,0.00356743,,,,
208335_s_at,0.95074235,0.03304275,,,,
1570122_at,0.95076068,-0.00323213,,,,
219556_at,0.95083932,-0.00710971,,,,
216158_at,0.95088902,-0.00270254,,,,
1567986_at,0.95094267,-0.00370445,,,,
1555734_x_at,0.95096733,-0.01253847,,,,
230862_at,0.95097328,-0.00369595,,,,
1566337_x_at,0.95098383,-0.00291862,,,,
232037_at,0.95098931,0.00499973,,,,
237156_at,0.95100615,-0.00379535,,,,
228049_x_at,0.95105129,0.01879331,,,,
244700_at,0.95106088,0.00710673,,,,
235452_at,0.9510918,-0.01149922,,,,
204705_x_at,0.95111509,0.05899729,,,,
232836_at,0.9511988,-0.00614729,,,,
228517_at,0.95121388,0.00914213,,,,
204227_s_at,0.9512487,0.00910662,,,,
235000_at,0.95125946,-0.0130888,,,,
230321_at,0.95128457,0.00523737,,,,
218111_s_at,0.95131717,-0.01307698,,,,
207484_s_at,0.95133417,-0.00572214,,,,
208687_x_at,0.95138643,0.0051013,,,,
1562941_at,0.95138678,-0.00362757,,,,
242303_at,0.9514012,-0.0090009,,,,
1562260_at,0.95141165,-0.00293758,,,,
1570110_at,0.95145885,0.0028156,,,,
232317_at,0.95148171,0.01369148,,,,
1554514_at,0.95154591,-0.01134865,,,,
236537_at,0.95155794,-0.00747957,,,,
240899_at,0.95155938,-0.00645577,,,,
217786_at,0.9516578,0.00931149,,,,
1554158_at,0.95169099,-0.00784388,,,,
207495_at,0.95172923,0.00925318,,,,
1563274_at,0.95173865,0.00428993,,,,
1560833_at,0.95174267,0.00380707,,,,
1558831_x_at,0.9517864,0.00795843,,,,
220219_s_at,0.95179117,-0.0058592,,,,
206759_at,0.9518265,0.00493321,,,,
221674_s_at,0.95183673,0.00321851,,,,
230443_at,0.95187891,0.01107219,,,,
208327_at,0.95190045,0.00978056,,,,
236647_at,0.95190581,-0.0054903,,,,
201095_at,0.95191507,0.01045255,,,,
202196_s_at,0.95193087,0.02253233,,,,
1554988_at,0.95197285,0.00342533,,,,
220106_at,0.95198673,0.02016777,,,,
204613_at,0.9520135,0.01209659,,,,
226757_at,0.9520286,-0.02036179,,,,
205926_at,0.95204919,0.0107064,,,,
202048_s_at,0.95207377,0.01134467,,,,
241159_x_at,0.95207544,-0.00592749,,,,
1556820_a_at,0.95210239,-0.01096258,,,,
1565651_at,0.95211842,-0.00746324,,,,
202599_s_at,0.95212042,-0.01342028,,,,
206984_s_at,0.9521237,-0.00344195,,,,
1554438_at,0.95212525,0.01313418,,,,
215964_at,0.95212578,0.00427525,,,,
1568644_at,0.95215586,-0.00406097,,,,
1562630_at,0.95219211,0.00380139,,,,
225185_at,0.9522231,0.01334709,,,,
243935_at,0.95222661,-0.00306147,,,,
234234_at,0.95226021,0.0042652,,,,
207628_s_at,0.95226024,-0.00847121,,,,
208906_at,0.95229084,-0.00960921,,,,
1561307_at,0.95232717,-0.00373427,,,,
203833_s_at,0.95240423,0.00994608,,,,
206023_at,0.95240456,-0.03050063,,,,
232833_at,0.95247389,-0.00941963,,,,
201381_x_at,0.95252525,-0.00936711,,,,
1569312_at,0.95252634,0.0075615,,,,
205593_s_at,0.95253365,-0.02143421,,,,
226583_at,0.95255274,-0.00972429,,,,
237608_at,0.9525626,-0.00284717,,,,
236836_at,0.95257108,0.01097789,,,,
230735_at,0.95259262,0.0076825,,,,
222900_at,0.95266262,0.0139756,,,,
235143_at,0.95269415,0.00852038,,,,
228975_at,0.95271139,0.01060533,,,,
201640_x_at,0.9527434,-0.00698441,,,,
218240_at,0.95276379,-0.00607668,,,,
230367_at,0.95276457,-0.0054724,,,,
240053_x_at,0.95277614,0.00293404,,,,
226534_at,0.95278412,0.02171386,,,,
242463_x_at,0.95278613,-0.01384307,,,,
218510_x_at,0.95279287,0.02760957,,,,
1570115_at,0.95283859,0.00245111,,,,
210861_s_at,0.95288972,-0.0259133,,,,
208907_s_at,0.95289963,0.00755826,,,,
227324_at,0.95292555,0.0052701,,,,
227685_at,0.95294243,0.0100413,,,,
235306_at,0.9529572,-0.01705176,,,,
234916_at,0.95298328,0.00378195,,,,
1555973_at,0.95309116,0.01208772,,,,
208886_at,0.95314221,-0.01434811,,,,
226801_s_at,0.95316282,-0.00755594,,,,
1560185_at,0.95320448,0.00244478,,,,
238297_at,0.95321597,0.00434229,,,,
1570345_at,0.95325579,0.00280785,,,,
213448_at,0.95327452,-0.00773995,,,,
209371_s_at,0.95328641,0.00827918,,,,
226873_at,0.95331009,0.01356943,,,,
231113_at,0.95333863,-0.00431501,,,,
222146_s_at,0.95338944,-0.02055816,,,,
226309_at,0.95341029,-0.00912681,,,,
220162_s_at,0.95341855,-0.01048881,,,,
241343_at,0.9534365,-0.00880815,,,,
244793_at,0.95345015,0.00294712,,,,
223380_s_at,0.95348948,-0.01053001,,,,
230269_at,0.95349175,-0.01709867,,,,
202512_s_at,0.95352672,-0.01020129,,,,
208605_s_at,0.95352741,-0.01506506,,,,
216836_s_at,0.95356573,-0.0148511,,,,
219490_s_at,0.95356996,0.0074452,,,,
211000_s_at,0.95357053,-0.01711976,,,,
1562694_at,0.95357593,0.00261932,,,,
218954_s_at,0.95362988,-0.00889315,,,,
1558523_at,0.95364102,0.00769053,,,,
223546_x_at,0.95365631,-0.00889973,,,,
215682_at,0.95371401,0.00462629,,,,
1559053_at,0.95377673,0.00329742,,,,
AFFX-PheX-3_at,0.9537833,0.01498499,,,,
219963_at,0.95383765,-0.00857796,,,,
214139_at,0.95384227,0.00709266,,,,
226185_at,0.95386663,-0.02235929,,,,
216459_x_at,0.95389603,0.00314666,,,,
226051_at,0.95390847,-0.02027136,,,,
1562739_at,0.95392794,0.00403741,,,,
232796_at,0.95396408,0.00625674,,,,
228986_at,0.95400363,-0.01143373,,,,
233744_at,0.95400741,-0.00296957,,,,
210759_s_at,0.95401481,0.00755717,,,,
244877_at,0.95409556,0.00486273,,,,
229678_at,0.9541051,0.01078382,,,,
210691_s_at,0.95410668,0.01115135,,,,
243639_at,0.95412326,0.00577499,,,,
208575_at,0.95416352,0.00341574,,,,
1569302_at,0.95420124,0.00994764,,,,
207922_s_at,0.95425337,-0.00807922,,,,
232218_at,0.95432301,-0.00871454,,,,
1555884_at,0.95435992,0.00342022,,,,
219170_at,0.95436339,-0.0096617,,,,
237604_at,0.95438596,-0.00418649,,,,
1553396_a_at,0.95439262,-0.00878219,,,,
212626_x_at,0.95440772,0.00551072,,,,
219714_s_at,0.95442596,-0.01262118,,,,
213010_at,0.95443635,-0.01993695,,,,
236017_at,0.95443766,-0.00724715,,,,
1569516_at,0.9544497,-0.00403403,,,,
206391_at,0.95452883,-0.02756211,,,,
240178_at,0.95453447,0.00328965,,,,
230867_at,0.95457354,-0.02881531,,,,
209751_s_at,0.95458143,-0.01040357,,,,
206373_at,0.95458528,-0.03160112,,,,
222767_s_at,0.95459397,-0.00913317,,,,
240521_at,0.95469158,0.00435277,,,,
211440_x_at,0.95470315,0.0117045,,,,
214835_s_at,0.95473619,-0.01246004,,,,
220830_at,0.95476318,0.00298152,,,,
1552696_at,0.9547768,-0.01080107,,,,
236240_at,0.95482857,-0.00673408,,,,
1569122_at,0.95485531,0.00257196,,,,
240224_at,0.95486431,0.00460848,,,,
202511_s_at,0.9548645,-0.00892195,,,,
1569826_at,0.95493449,-0.00288526,,,,
200886_s_at,0.9549385,0.00730227,,,,
232652_x_at,0.95493889,-0.0073141,,,,
210623_at,0.95494243,-0.00507414,,,,
1552542_s_at,0.95494382,0.0079426,,,,
216840_s_at,0.95502562,0.01964767,,,,
217348_x_at,0.95504169,0.00433799,,,,
232531_at,0.95506245,-0.01670505,,,,
216568_x_at,0.95506463,-0.01327852,,,,
212507_at,0.95506994,-0.00627535,,,,
230726_at,0.95510665,-0.00367165,,,,
1566840_at,0.95511193,-0.00341107,,,,
212901_s_at,0.95514119,0.01050327,,,,
203710_at,0.95515038,-0.01473926,,,,
227724_at,0.95516239,0.01122427,,,,
244331_at,0.95516748,0.00281507,,,,
224124_at,0.95517343,-0.00349075,,,,
227905_s_at,0.9552025,0.00864974,,,,
1552714_at,0.95523205,0.00613964,,,,
240205_x_at,0.95525908,-0.00689459,,,,
1563961_at,0.9552754,0.00377897,,,,
235876_at,0.95527864,-0.00541074,,,,
239298_at,0.95530446,-0.00309722,,,,
214240_at,0.95534445,0.02438782,,,,
212867_at,0.95535774,0.00842368,,,,
226607_at,0.95536863,0.0123388,,,,
244512_at,0.95537048,-0.00538129,,,,
212909_at,0.95537947,-0.02101004,,,,
233715_at,0.95538823,-0.00305612,,,,
236766_at,0.95542971,-0.00737088,,,,
217197_x_at,0.95543993,0.01226364,,,,
220208_at,0.95544491,0.00428334,,,,
206445_s_at,0.95548614,0.00916098,,,,
228653_at,0.95552983,0.02796953,,,,
1559237_a_at,0.95554523,-0.00429837,,,,
230532_at,0.95555707,0.0090948,,,,
238513_at,0.95559513,0.02268533,,,,
241868_at,0.95560168,-0.00494523,,,,
239744_at,0.95561225,-0.01061359,,,,
1553813_s_at,0.95561729,0.00641316,,,,
211930_at,0.95562528,0.00845231,,,,
226685_at,0.95563297,-0.01134342,,,,
220506_at,0.95563725,-0.00451431,,,,
208779_x_at,0.95565707,-0.0172928,,,,
202145_at,0.95565724,-0.01594265,,,,
219337_at,0.95568965,0.00583979,,,,
212458_at,0.95569132,0.00931761,,,,
201482_at,0.95571818,0.00976526,,,,
213558_at,0.95572624,0.01962229,,,,
220143_x_at,0.95578308,-0.00820729,,,,
209941_at,0.95579727,0.00801345,,,,
1559661_at,0.95585015,-0.00668288,,,,
222231_s_at,0.95585168,0.00813404,,,,
209635_at,0.95587361,0.00927542,,,,
216558_x_at,0.95587396,-0.0055515,,,,
211962_s_at,0.95588143,0.00881494,,,,
230256_at,0.9559257,-0.01189667,,,,
211051_s_at,0.9559284,0.00605973,,,,
233652_at,0.95593939,-0.00356215,,,,
214952_at,0.95596374,0.00391098,,,,
33814_at,0.95597754,-0.00660649,,,,
212471_at,0.95603042,0.01034689,,,,
210541_s_at,0.95603831,0.00815801,,,,
237660_at,0.95604917,0.00255671,,,,
219175_s_at,0.95611376,0.0079533,,,,
1494_f_at,0.9561536,0.03437359,,,,
204984_at,0.95616421,-0.02085489,,,,
225663_at,0.95622384,-0.00956154,,,,
222837_s_at,0.95622537,0.00845147,,,,
212422_at,0.95623203,0.00849288,,,,
210098_s_at,0.95625091,-0.01266332,,,,
242252_at,0.95627911,0.00231338,,,,
227427_at,0.95628887,0.00666798,,,,
1561140_at,0.95629397,-0.00300412,,,,
1563217_at,0.95630429,-0.01358711,,,,
1561004_at,0.95634734,0.00519067,,,,
203391_at,0.95636305,0.00773054,,,,
203276_at,0.95636882,-0.01481545,,,,
232293_at,0.95639786,-0.00936448,,,,
1567272_at,0.95641066,0.0029562,,,,
207916_at,0.95643587,0.00292377,,,,
1552651_a_at,0.95643922,-0.00783408,,,,
1568286_at,0.95653071,-0.00222779,,,,
222977_at,0.95654499,-0.00932622,,,,
242692_at,0.95655223,0.00449533,,,,
244551_at,0.95655922,-0.00920897,,,,
221575_at,0.95657078,0.01126987,,,,
236030_at,0.95658317,-0.0072895,,,,
243073_at,0.95661807,-0.00450817,,,,
215265_at,0.95663991,0.00332835,,,,
209111_at,0.95668606,0.00887979,,,,
204417_at,0.95672226,0.0103141,,,,
206808_at,0.95672337,0.00265153,,,,
214797_s_at,0.95674172,0.00780555,,,,
240174_at,0.95675481,0.00962708,,,,
223247_at,0.95676535,0.0075697,,,,
223756_at,0.95686048,-0.00458997,,,,
228585_at,0.95691715,-0.01282875,,,,
223929_s_at,0.95696417,-0.00564207,,,,
211933_s_at,0.95697132,-0.00520047,,,,
220757_s_at,0.9570149,-0.00562065,,,,
1570274_at,0.9570433,-0.00272796,,,,
222675_s_at,0.9570887,0.01161728,,,,
215730_at,0.95709551,0.00310968,,,,
229539_at,0.95710329,-0.00547405,,,,
1565638_at,0.95714581,-0.00385505,,,,
226132_s_at,0.95718686,0.02190657,,,,
1557135_at,0.95722135,-0.00674936,,,,
209422_at,0.95722342,0.00746264,,,,
227753_at,0.95725015,-0.0248183,,,,
223330_s_at,0.95730114,0.00798165,,,,
1553808_a_at,0.95732118,0.01595238,,,,
204577_s_at,0.95736146,0.01090572,,,,
1560725_at,0.95737893,0.00321696,,,,
220209_at,0.95742139,0.00549293,,,,
1568858_at,0.9574455,0.00387512,,,,
1562715_at,0.95749079,0.00242565,,,,
240084_at,0.95750178,0.01090575,,,,
235274_at,0.95751563,-0.01707812,,,,
244435_at,0.95756611,0.01400014,,,,
211731_x_at,0.95760176,0.00563842,,,,
200856_x_at,0.95763073,-0.00796596,,,,
1566046_at,0.95766616,-0.00275068,,,,
1561042_at,0.95767687,-0.01157837,,,,
232745_x_at,0.95767939,0.00358795,,,,
1559195_at,0.95767974,0.00296393,,,,
213155_at,0.95768631,0.01522488,,,,
243881_at,0.95768652,0.00382357,,,,
1554789_a_at,0.95769973,-0.00936033,,,,
234113_at,0.95770009,-0.00498471,,,,
219497_s_at,0.95775202,-0.02788516,,,,
240322_at,0.95775936,-0.00624127,,,,
202782_s_at,0.95777554,0.00653973,,,,
242810_x_at,0.95779927,-0.0046045,,,,
221810_at,0.9578018,-0.01191018,,,,
239946_at,0.95780968,-0.0088632,,,,
203455_s_at,0.95781202,0.0075155,,,,
224807_at,0.95783128,0.00660785,,,,
243470_at,0.95783618,0.00283615,,,,
1556029_s_at,0.95785579,-0.0133272,,,,
239613_at,0.9578609,0.00342583,,,,
241063_at,0.95787748,-0.00316868,,,,
240665_at,0.9578861,-0.00935164,,,,
210148_at,0.95791394,0.01296318,,,,
210387_at,0.95791665,0.02659825,,,,
237675_at,0.95792538,0.00689298,,,,
204240_s_at,0.95803756,0.01128739,,,,
238630_at,0.95803951,0.00687373,,,,
237109_at,0.95804346,0.00452068,,,,
240061_at,0.95809945,0.01148893,,,,
1562053_at,0.95812506,0.00438949,,,,
235907_at,0.95815304,0.00800468,,,,
236873_at,0.95817338,0.00386127,,,,
1567252_at,0.95819863,-0.00263213,,,,
202705_at,0.95821226,0.01532398,,,,
238070_at,0.95824069,-0.00715177,,,,
242207_at,0.95829657,0.00656285,,,,
207644_at,0.9583304,0.00649325,,,,
213518_at,0.95837184,0.01150672,,,,
1554295_x_at,0.95837674,0.0040905,,,,
203132_at,0.95839262,0.00968278,,,,
237525_at,0.95840853,-0.00376035,,,,
236079_at,0.95843433,-0.00868758,,,,
211204_at,0.9584365,-0.00300357,,,,
238559_at,0.95846038,0.00942215,,,,
207826_s_at,0.95846555,0.01334366,,,,
210410_s_at,0.95847752,0.00990831,,,,
225829_at,0.95848828,-0.01146417,,,,
232551_at,0.95850908,0.00626617,,,,
200016_x_at,0.95853707,-0.00347586,,,,
1564301_a_at,0.95857462,-0.00273643,,,,
226259_at,0.95857658,-0.00982491,,,,
238412_at,0.95862421,0.00735045,,,,
223147_s_at,0.95864442,0.00576362,,,,
231600_at,0.95864526,0.0073637,,,,
236118_at,0.95865083,-0.01425839,,,,
231165_at,0.95871507,-0.0049723,,,,
213428_s_at,0.95871873,0.01947947,,,,
241422_at,0.95872078,0.00460388,,,,
228761_at,0.95874089,0.00269285,,,,
236816_at,0.95886132,0.01167573,,,,
211537_x_at,0.95893096,0.00837273,,,,
219392_x_at,0.95899905,-0.00721229,,,,
217085_at,0.95900545,0.01134784,,,,
244008_at,0.95900577,0.01853981,,,,
214485_at,0.95901174,0.00564355,,,,
219956_at,0.9590147,-0.02413184,,,,
227824_at,0.95904323,-0.00386445,,,,
231106_at,0.95904706,-0.0055295,,,,
1566427_at,0.95907526,0.00363774,,,,
1557128_at,0.95909001,-0.00809349,,,,
228832_at,0.95910899,0.00966571,,,,
212593_s_at,0.95914148,0.01155194,,,,
235072_s_at,0.95917508,-0.0096673,,,,
1561405_s_at,0.95918589,0.00500364,,,,
202845_s_at,0.95919054,-0.00836841,,,,
1552661_at,0.95921922,-0.00191839,,,,
207746_at,0.95922167,0.00693838,,,,
201480_s_at,0.95922496,-0.00528099,,,,
224809_x_at,0.95925584,-0.00641544,,,,
201348_at,0.9592602,-0.023642,,,,
205322_s_at,0.9592667,0.00646235,,,,
218924_s_at,0.95931479,-0.00891621,,,,
242292_at,0.95933091,0.01355142,,,,
232536_at,0.95933589,-0.00684756,,,,
239817_at,0.95934773,-0.0099038,,,,
220464_at,0.95936172,-0.00413799,,,,
227195_at,0.95936183,0.01528854,,,,
209153_s_at,0.95937158,0.01023743,,,,
212815_at,0.9593796,-0.00810245,,,,
217704_x_at,0.95938917,0.00494738,,,,
1554606_at,0.95942764,0.00935341,,,,
219224_x_at,0.9594326,0.00451465,,,,
232148_at,0.95943402,0.00651362,,,,
235246_at,0.95944859,-0.0036501,,,,
236476_at,0.95945185,-0.00857338,,,,
211481_at,0.95948217,0.00384223,,,,
215042_at,0.95949529,-0.00500894,,,,
218038_at,0.95950228,-0.00583889,,,,
222002_at,0.9595323,0.00251798,,,,
218068_s_at,0.95954218,-0.00540621,,,,
223162_s_at,0.95954514,-0.01081825,,,,
224480_s_at,0.95960073,-0.01752476,,,,
212644_s_at,0.95961973,0.00581199,,,,
229587_at,0.9596233,0.00625578,,,,
204637_at,0.95974832,0.01277652,,,,
222938_x_at,0.959769,-0.01553953,,,,
219821_s_at,0.95978781,0.01049889,,,,
1564777_at,0.95982265,-0.00218375,,,,
1556410_a_at,0.95984659,0.01060683,,,,
209755_at,0.95986578,0.01527409,,,,
210315_at,0.95995598,-0.00674834,,,,
1554878_a_at,0.95996123,0.01622209,,,,
1553582_a_at,0.96004019,-0.00540762,,,,
214180_at,0.9600526,0.01380831,,,,
217799_x_at,0.96005717,-0.00908852,,,,
221348_at,0.96007728,-0.00501422,,,,
201779_s_at,0.96010578,-0.00592791,,,,
206946_at,0.96011736,0.00303911,,,,
235286_at,0.96011749,0.01158115,,,,
215039_at,0.96012169,0.01744199,,,,
223047_at,0.96012761,0.0067782,,,,
240396_at,0.96015747,0.00517448,,,,
235496_at,0.96017319,-0.01189472,,,,
244045_at,0.96018323,0.00668413,,,,
204289_at,0.96019257,0.00544739,,,,
1560734_at,0.96019414,0.00288555,,,,
202640_s_at,0.9601957,0.00385996,,,,
237762_at,0.96020218,-0.00218598,,,,
1553020_at,0.96021017,0.00274157,,,,
1561467_at,0.96025175,0.00242433,,,,
241444_at,0.96027532,0.00455717,,,,
205800_at,0.9602864,-0.00243792,,,,
243147_x_at,0.96029177,0.00546701,,,,
203180_at,0.960329,0.02086122,,,,
219550_at,0.96034139,0.00873275,,,,
233690_at,0.96042267,0.01163746,,,,
1566694_at,0.96043924,-0.00205061,,,,
211946_s_at,0.96043937,-0.00589315,,,,
242327_x_at,0.96044217,-0.00471062,,,,
232433_at,0.96045583,0.00408867,,,,
228127_at,0.9604633,0.00465584,,,,
220785_at,0.96051496,0.00699802,,,,
213527_s_at,0.96052816,0.00607012,,,,
210816_s_at,0.96053838,0.01120286,,,,
223981_at,0.9605598,0.0059934,,,,
231843_at,0.96056575,-0.00749947,,,,
243800_at,0.96056627,-0.00207265,,,,
239976_at,0.96062312,-0.00418938,,,,
1560189_at,0.96065651,0.00304815,,,,
1559419_at,0.96069226,0.00304222,,,,
235924_at,0.96071032,-0.01794927,,,,
223582_at,0.96072728,-0.01983627,,,,
209621_s_at,0.96075328,-0.01450956,,,,
231288_at,0.96076518,-0.00456995,,,,
208273_at,0.96076567,0.00372693,,,,
204075_s_at,0.96078184,-0.0065385,,,,
242893_at,0.96078447,0.00281549,,,,
244304_at,0.96079517,0.00756018,,,,
203792_x_at,0.96079698,-0.00599677,,,,
1563154_at,0.96080553,-0.00227777,,,,
212842_x_at,0.96080876,-0.00676045,,,,
210648_x_at,0.96083409,-0.00477139,,,,
1568820_a_at,0.96086104,0.00555461,,,,
207175_at,0.96088454,-0.03017503,,,,
207608_x_at,0.96089165,0.03204524,,,,
239930_at,0.96097615,0.0065707,,,,
202351_at,0.96099679,0.00889195,,,,
234400_at,0.96099776,-0.00309226,,,,
204980_at,0.96102262,-0.00556986,,,,
221942_s_at,0.96103887,-0.01530454,,,,
238437_at,0.9610536,0.0078234,,,,
224647_at,0.96106473,-0.00663213,,,,
211091_s_at,0.96107245,0.01143701,,,,
241895_at,0.96108111,0.00403881,,,,
230974_at,0.96109089,0.00568401,,,,
218192_at,0.96109981,-0.00663644,,,,
1553590_at,0.96110059,0.0034902,,,,
224717_s_at,0.96111954,0.00596351,,,,
202220_at,0.96114682,0.00889801,,,,
227789_at,0.9611547,-0.00734348,,,,
230231_at,0.96116844,0.00561169,,,,
222727_s_at,0.96118954,-0.00921655,,,,
232797_at,0.96121688,-0.01277221,,,,
242534_at,0.96122396,-0.00238307,,,,
204439_at,0.96129509,0.02215004,,,,
216226_at,0.96132492,-0.00922505,,,,
229278_at,0.9613324,0.01493517,,,,
1554706_at,0.96134009,0.00206932,,,,
219790_s_at,0.96138406,-0.0066458,,,,
206948_at,0.96138802,0.00364139,,,,
200615_s_at,0.96139784,-0.00839581,,,,
223633_s_at,0.96140033,0.0114105,,,,
234286_at,0.96143365,-0.00428601,,,,
1555705_a_at,0.96144402,-0.01107689,,,,
219686_at,0.96146477,0.01147527,,,,
227100_at,0.96147261,-0.01065443,,,,
212931_at,0.96148926,-0.00549483,,,,
240980_at,0.96151493,0.00220594,,,,
225083_at,0.96152815,-0.00849671,,,,
200067_x_at,0.96155487,-0.00504648,,,,
204484_at,0.96158509,0.01027746,,,,
1557409_at,0.96163456,-0.0039828,,,,
239680_at,0.96166406,-0.01231196,,,,
214421_x_at,0.96166625,0.04250962,,,,
202372_at,0.96169315,0.00581246,,,,
228734_at,0.96169489,-0.00912869,,,,
216860_s_at,0.96170143,0.01049285,,,,
238149_at,0.96171065,0.01520773,,,,
208164_s_at,0.96171068,0.00310532,,,,
225258_at,0.9617143,0.00956576,,,,
233216_at,0.9617208,-0.00367227,,,,
1559766_at,0.96173442,0.00457031,,,,
203882_at,0.96174159,0.00975512,,,,
1552473_at,0.96181831,-0.00722991,,,,
238780_s_at,0.96182048,0.01517484,,,,
238021_s_at,0.96185474,0.02549787,,,,
218866_s_at,0.96186273,-0.00863942,,,,
206856_at,0.96186971,0.01536357,,,,
213090_s_at,0.9618745,0.0071234,,,,
223492_s_at,0.96188504,-0.01082684,,,,
1558549_s_at,0.96192747,-0.02676026,,,,
235759_at,0.96193816,0.01890201,,,,
201213_at,0.96202473,-0.00461028,,,,
230525_at,0.96202525,-0.00540833,,,,
220768_s_at,0.96204986,-0.00775957,,,,
222853_at,0.96205069,0.02305124,,,,
201951_at,0.96213082,-0.01391639,,,,
227506_at,0.96213271,-0.0174957,,,,
241655_at,0.96213885,-0.00193402,,,,
234452_at,0.9621439,0.00564819,,,,
210230_at,0.96214898,0.01241349,,,,
231011_at,0.96215299,-0.01173732,,,,
243265_at,0.96218143,-0.00256727,,,,
237509_at,0.96220164,0.0023135,,,,
242154_x_at,0.96222097,0.00284759,,,,
221860_at,0.96225754,0.00956258,,,,
233192_s_at,0.96226457,-0.0063127,,,,
204746_s_at,0.96228395,-0.00334873,,,,
216025_x_at,0.96229152,0.03870586,,,,
239052_at,0.9623025,-0.00275382,,,,
1558794_at,0.96232594,0.01047399,,,,
241836_x_at,0.96239148,-0.00363237,,,,
233765_at,0.96241551,0.00317441,,,,
236621_at,0.9624171,-0.00363435,,,,
223146_at,0.96245303,-0.00466005,,,,
201511_at,0.96245946,0.00591025,,,,
215707_s_at,0.96246977,-0.01235435,,,,
236814_at,0.96249076,-0.00826396,,,,
234218_at,0.9625084,-0.00239816,,,,
231740_at,0.96250959,0.0057009,,,,
1552774_a_at,0.96253053,-0.0061078,,,,
203201_at,0.96256034,-0.00692033,,,,
1566678_at,0.96256436,-0.00228047,,,,
237499_at,0.96256538,0.00533102,,,,
219719_at,0.96256909,0.00696916,,,,
209653_at,0.96260375,-0.01195772,,,,
227020_at,0.96261857,-0.00622365,,,,
226004_at,0.96262729,-0.00819822,,,,
234712_at,0.9626308,-0.00318053,,,,
202341_s_at,0.96264887,-0.01765777,,,,
1555244_at,0.96265234,-0.00269207,,,,
235029_at,0.96265645,0.00439255,,,,
1559254_at,0.96267616,0.00659639,,,,
230462_at,0.96272305,-0.00622776,,,,
216563_at,0.96274896,0.01224351,,,,
208650_s_at,0.96283186,0.03241711,,,,
212558_at,0.96283764,-0.01073464,,,,
216866_s_at,0.96286003,0.00795713,,,,
233447_at,0.96287172,-0.00269201,,,,
232818_at,0.96288175,-0.00340986,,,,
227049_at,0.9629561,0.00742191,,,,
223709_s_at,0.9629656,0.01094217,,,,
1566866_at,0.96298484,-0.00280584,,,,
209092_s_at,0.9629921,-0.00523573,,,,
213464_at,0.9629989,-0.01148899,,,,
1554540_at,0.96300459,0.00222991,,,,
213740_s_at,0.96300491,0.00369123,,,,
225229_at,0.96301569,0.00544398,,,,
238042_at,0.96305138,-0.00445401,,,,
206520_x_at,0.96309571,-0.00363921,,,,
1555731_a_at,0.96310127,-0.01769176,,,,
221481_x_at,0.96310347,-0.00469014,,,,
230843_at,0.96313575,-0.00352563,,,,
206671_at,0.96314858,-0.0036727,,,,
232861_at,0.96320678,-0.00826285,,,,
1562587_at,0.96322167,-0.00231113,,,,
1558875_at,0.96322595,-0.00496932,,,,
227959_at,0.96323053,0.01046461,,,,
202236_s_at,0.96324219,-0.01307614,,,,
209426_s_at,0.96324349,-0.01601821,,,,
236724_at,0.96327196,-0.00402727,,,,
216683_at,0.96327555,0.0030135,,,,
216524_x_at,0.96329993,-0.00470618,,,,
242772_x_at,0.96331997,0.00670315,,,,
226518_at,0.96333989,0.00638671,,,,
224476_s_at,0.96334729,0.01122526,,,,
214978_s_at,0.96335273,-0.00833486,,,,
243613_at,0.96341784,0.00497828,,,,
208726_s_at,0.96342149,0.00650711,,,,
1555711_x_at,0.96343681,-0.00252252,,,,
244368_x_at,0.96343735,-0.00637135,,,,
239472_at,0.96343906,0.00330974,,,,
225567_at,0.96345139,-0.00768063,,,,
242189_at,0.9634599,-0.00252018,,,,
222388_s_at,0.96347949,-0.00619084,,,,
226336_at,0.96350403,0.00669879,,,,
244379_at,0.96352328,-0.00490133,,,,
228789_at,0.96352999,0.00717669,,,,
224668_at,0.96355244,0.00527053,,,,
205796_at,0.96367471,-0.0100807,,,,
239889_at,0.9636823,-0.00353186,,,,
1553581_s_at,0.96368465,-0.00693278,,,,
244853_at,0.9636877,-0.00523324,,,,
242317_at,0.96369576,0.01047489,,,,
226610_at,0.96370224,-0.02113877,,,,
216089_at,0.9637184,0.00224424,,,,
236144_at,0.96373136,-0.01055283,,,,
213835_x_at,0.96374583,-0.00442288,,,,
201389_at,0.96375411,0.00935953,,,,
202338_at,0.96378942,0.01157742,,,,
238905_at,0.96381595,-0.00843448,,,,
227431_at,0.96382276,0.01074996,,,,
214053_at,0.9638318,-0.02642803,,,,
233599_at,0.96384014,0.00835913,,,,
206220_s_at,0.96385088,0.00500515,,,,
221752_at,0.96390754,0.00617198,,,,
1559840_s_at,0.96392259,-0.00909502,,,,
234361_at,0.96392911,-0.01635155,,,,
209180_at,0.96394893,-0.00678837,,,,
219435_at,0.9639589,0.00506475,,,,
238549_at,0.963981,-0.0130618,,,,
216584_at,0.9640233,-0.00301203,,,,
241967_at,0.96405442,-0.00208445,,,,
240261_at,0.96406004,-0.00863404,,,,
203712_at,0.9640767,0.00881554,,,,
243237_at,0.96408142,0.00795145,,,,
236949_at,0.96408352,0.00366133,,,,
1553322_s_at,0.96414143,-0.00908358,,,,
212047_s_at,0.96414402,0.00379927,,,,
212163_at,0.96414755,0.00651477,,,,
230415_at,0.96415016,-0.00469815,,,,
223684_s_at,0.96415105,0.00670237,,,,
218497_s_at,0.96416053,0.00579676,,,,
209610_s_at,0.96423824,0.01172813,,,,
206633_at,0.9642397,-0.01654802,,,,
208760_at,0.96425228,-0.00823329,,,,
212845_at,0.96425668,0.01077502,,,,
1554493_s_at,0.96426137,0.00653375,,,,
244842_x_at,0.96433276,-0.00465271,,,,
237627_at,0.96439271,0.00515071,,,,
227507_at,0.96440879,0.00454326,,,,
1552885_a_at,0.96445575,-0.00279463,,,,
216225_at,0.96446988,0.00229843,,,,
208874_x_at,0.96448169,-0.00663869,,,,
206103_at,0.96448691,-0.0117937,,,,
209651_at,0.96449364,-0.01210318,,,,
1562228_s_at,0.96450021,-0.00377307,,,,
213947_s_at,0.96451231,-0.01096638,,,,
209963_s_at,0.96452675,0.0042492,,,,
219702_at,0.96455145,-0.00920129,,,,
231396_s_at,0.9645596,-0.01296944,,,,
210306_at,0.96459037,0.00998246,,,,
238694_at,0.96459347,-0.00931779,,,,
234265_at,0.96466521,-0.00294003,,,,
206912_at,0.96468141,0.01392827,,,,
208696_at,0.96470969,0.00721531,,,,
241385_at,0.96471246,-0.00737882,,,,
226784_at,0.96476329,-0.00815642,,,,
1555777_at,0.96478775,0.00546084,,,,
236457_at,0.96479009,0.00364112,,,,
216297_at,0.96482189,-0.00294235,,,,
233204_at,0.96482291,0.00741507,,,,
232700_at,0.96485328,-0.00355627,,,,
216975_x_at,0.96485815,0.003876,,,,
243591_at,0.96486724,0.01037206,,,,
243140_at,0.96493886,-0.00627118,,,,
221516_s_at,0.96495254,-0.00560924,,,,
226438_at,0.96498142,0.0152416,,,,
232108_at,0.96498275,0.00289237,,,,
213907_at,0.96500875,0.0098967,,,,
202779_s_at,0.96501065,-0.01297971,,,,
220086_at,0.96503789,-0.00637884,,,,
219684_at,0.96505778,0.014682,,,,
1554522_at,0.9650691,-0.00752656,,,,
1553556_at,0.96508518,-0.00190224,,,,
235463_s_at,0.96511599,0.0109662,,,,
208338_at,0.9651371,0.00283675,,,,
1556168_s_at,0.96518486,-0.00880276,,,,
212795_at,0.96518673,0.00668178,,,,
1561844_at,0.96520491,0.00315322,,,,
1560286_s_at,0.96520927,0.00334365,,,,
217876_at,0.96523475,-0.00545416,,,,
239926_at,0.96525257,0.00520478,,,,
1556913_a_at,0.96531466,-0.002976,,,,
1556161_a_at,0.96533494,-0.00503899,,,,
218762_at,0.96535275,0.00520153,,,,
241970_at,0.96538963,0.0061161,,,,
236809_at,0.96539643,-0.00384477,,,,
201222_s_at,0.96541956,-0.0055166,,,,
220739_s_at,0.96542948,-0.00743268,,,,
212605_s_at,0.96546868,0.00790954,,,,
204842_x_at,0.96548459,0.00315631,,,,
240693_at,0.96549167,0.0023406,,,,
218966_at,0.96549694,0.01524758,,,,
216589_at,0.96551754,-0.00369758,,,,
228415_at,0.9655198,-0.0157467,,,,
218473_s_at,0.96552933,0.00606831,,,,
215167_at,0.96557664,-0.006704,,,,
201001_s_at,0.96558535,-0.00704886,,,,
233131_at,0.96559039,-0.00266529,,,,
227668_at,0.96562079,-0.00575596,,,,
235007_at,0.96566737,0.01031615,,,,
242899_at,0.96569217,0.010539,,,,
230248_x_at,0.96569645,-0.0070777,,,,
239290_at,0.96571165,0.00632949,,,,
220232_at,0.96573439,0.00511085,,,,
207645_s_at,0.96575209,0.01031662,,,,
227228_s_at,0.96579167,-0.00901892,,,,
241682_at,0.96581273,0.01261546,,,,
213326_at,0.9658569,0.00786887,,,,
201991_s_at,0.96586244,0.00566966,,,,
233006_at,0.96588489,-0.00547559,,,,
1555931_at,0.96599108,0.00290351,,,,
1555132_at,0.96610499,0.00327345,,,,
240250_at,0.96610558,-0.00231447,,,,
240838_s_at,0.96611068,0.01540916,,,,
241599_at,0.96613335,0.00722139,,,,
219942_at,0.96615635,-0.00325506,,,,
1562979_at,0.96617111,-0.00282578,,,,
212848_s_at,0.96617232,-0.01051675,,,,
1554664_at,0.96617853,-0.00250605,,,,
239555_at,0.96620194,-0.00315843,,,,
240094_at,0.96626439,0.00533728,,,,
1555461_at,0.96638454,0.00833686,,,,
1557733_a_at,0.9664061,0.00273683,,,,
212759_s_at,0.96641275,0.00675533,,,,
211389_x_at,0.96641552,-0.00291917,,,,
228977_at,0.96644105,-0.01570525,,,,
223045_at,0.96648815,-0.00531425,,,,
233594_at,0.9665083,0.00215676,,,,
239032_at,0.96651334,-0.0025448,,,,
239911_at,0.96652458,0.02134862,,,,
231917_at,0.96654764,0.00599223,,,,
236506_at,0.96655943,0.00873008,,,,
244631_at,0.96656827,-0.01168768,,,,
238321_at,0.9665737,0.00340738,,,,
227236_at,0.96661802,-0.01502381,,,,
228470_at,0.96662916,0.00283979,,,,
230637_at,0.96663152,-0.0053388,,,,
1555773_at,0.96668247,-0.0078637,,,,
205834_s_at,0.96668331,-0.00525587,,,,
213778_x_at,0.96668442,0.00386778,,,,
208891_at,0.9666864,0.00977645,,,,
1570596_at,0.96669714,-0.0023024,,,,
217453_at,0.96672555,-0.0027676,,,,
218267_at,0.96675152,0.00478079,,,,
203498_at,0.96675466,-0.01744861,,,,
1560547_at,0.96676431,0.00194071,,,,
1564758_at,0.96678131,-0.00218761,,,,
222059_at,0.96679997,0.00287018,,,,
205570_at,0.96682207,0.00723745,,,,
202071_at,0.96687893,0.01364782,,,,
243977_at,0.96690135,0.00310025,,,,
238666_at,0.96691061,0.00572299,,,,
225231_at,0.9669342,-0.00683908,,,,
208185_x_at,0.96693508,0.00258234,,,,
208464_at,0.9669425,-0.00291436,,,,
225345_s_at,0.96697616,0.013819,,,,
203359_s_at,0.96697706,-0.00773607,,,,
239348_at,0.96697905,0.00825884,,,,
1563012_x_at,0.96699706,-0.00273435,,,,
202029_x_at,0.96701769,0.0027487,,,,
1562000_at,0.96702795,0.0016778,,,,
232661_s_at,0.96710386,-0.00593502,,,,
200696_s_at,0.96710708,-0.01136979,,,,
204345_at,0.9671229,0.01150335,,,,
203652_at,0.96712564,0.00417606,,,,
232119_at,0.96713019,0.00528895,,,,
216874_at,0.96713476,0.00652704,,,,
1557541_at,0.96720355,-0.00288735,,,,
231617_at,0.96722496,-0.0020141,,,,
207614_s_at,0.96725421,0.00526511,,,,
225093_at,0.9672809,-0.00814,,,,
1569856_at,0.96729134,-0.00285488,,,,
1568639_a_at,0.96730369,-0.00575765,,,,
240736_at,0.96736891,0.00297014,,,,
223042_s_at,0.96737173,-0.00590681,,,,
228095_at,0.96737885,-0.00761508,,,,
238812_at,0.96740001,0.00549725,,,,
229980_s_at,0.96744191,0.00478769,,,,
1566969_at,0.96749813,0.00154174,,,,
226431_at,0.96750364,0.01001791,,,,
234825_at,0.96751211,-0.0018558,,,,
229620_at,0.96753197,-0.01557364,,,,
1566952_at,0.96753943,-0.00187158,,,,
228552_s_at,0.96754895,-0.00348237,,,,
243509_at,0.9675513,0.00809391,,,,
244202_at,0.96757822,0.00254342,,,,
225277_at,0.96759841,-0.00529374,,,,
212833_at,0.96762891,0.00505145,,,,
207000_s_at,0.96764236,-0.0060038,,,,
1557617_at,0.96768062,-0.00295048,,,,
233630_at,0.96769233,-0.00290341,,,,
241954_at,0.96771709,0.0052294,,,,
217175_at,0.96771942,0.00728852,,,,
206042_x_at,0.96772454,0.0123298,,,,
210179_at,0.96772503,0.0117443,,,,
232354_at,0.96778221,-0.0022371,,,,
207351_s_at,0.9677886,0.01059078,,,,
225844_at,0.96784012,-0.00467382,,,,
1558262_at,0.96786218,-0.00206867,,,,
240283_at,0.96788183,0.00272457,,,,
209712_at,0.96790612,-0.01127661,,,,
219352_at,0.9679181,0.01317955,,,,
237685_at,0.967923,0.00280675,,,,
215742_at,0.96792751,0.00262205,,,,
1563629_a_at,0.96793169,-0.00781932,,,,
230926_s_at,0.96794404,0.00725553,,,,
1556580_a_at,0.9679491,0.0026296,,,,
1564654_at,0.96802626,-0.00221446,,,,
243363_at,0.96803773,0.00295437,,,,
1557248_at,0.96806135,-0.00442061,,,,
1566881_at,0.9681447,0.00168194,,,,
219382_at,0.96815209,0.00790663,,,,
218722_s_at,0.96816856,0.00588356,,,,
220478_at,0.96818904,0.0021857,,,,
241036_at,0.96820434,0.01090351,,,,
227889_at,0.96828347,-0.01272908,,,,
219041_s_at,0.9682883,0.00736754,,,,
218102_at,0.96831949,0.00694998,,,,
210347_s_at,0.96832392,-0.01669394,,,,
1568926_x_at,0.96833012,0.00158126,,,,
204030_s_at,0.96833042,0.01227527,,,,
227818_at,0.96841539,-0.0055297,,,,
1555991_s_at,0.96842188,0.00204081,,,,
1554961_at,0.96843123,0.00286989,,,,
203190_at,0.96844532,-0.00627158,,,,
1553409_at,0.96849576,0.00195012,,,,
216182_at,0.96851168,0.0033112,,,,
237506_at,0.96853159,0.00309273,,,,
213750_at,0.96853461,0.00873184,,,,
226228_at,0.96853676,0.02186146,,,,
213227_at,0.96853939,0.0063937,,,,
235073_at,0.96855452,-0.00361806,,,,
1556851_at,0.96856893,-0.00275793,,,,
208610_s_at,0.96860258,-0.00704679,,,,
225596_at,0.9686585,-0.0062442,,,,
240529_at,0.9687073,0.00414626,,,,
204097_s_at,0.96871203,0.00495465,,,,
227682_at,0.96871686,0.00637198,,,,
202114_at,0.96871894,-0.00469326,,,,
218542_at,0.96872569,0.01247961,,,,
202477_s_at,0.96873884,-0.0050183,,,,
212977_at,0.96874627,-0.01613825,,,,
221386_at,0.9687697,0.0019632,,,,
238500_at,0.96877321,-0.00738454,,,,
226079_at,0.96880292,0.00580647,,,,
1553591_at,0.96880486,0.00249441,,,,
225568_at,0.96880612,0.00869839,,,,
221976_s_at,0.96885436,-0.00871181,,,,
233717_x_at,0.96887853,-0.00244518,,,,
230912_at,0.96889758,0.00499994,,,,
211318_s_at,0.96891556,-0.00643617,,,,
202131_s_at,0.96893704,-0.00696153,,,,
219552_at,0.96895348,0.00532436,,,,
231097_at,0.96898258,-0.00299128,,,,
201284_s_at,0.96898861,-0.00607005,,,,
226283_at,0.96901011,0.00810556,,,,
239579_at,0.96901237,-0.01698834,,,,
230211_at,0.96903974,0.00698001,,,,
217000_at,0.96904562,0.00330223,,,,
1557801_x_at,0.96905682,0.00595786,,,,
243975_at,0.96905809,0.00463444,,,,
1559848_at,0.96907179,-0.00218232,,,,
230571_at,0.96910551,-0.00478974,,,,
233142_at,0.96911465,-0.00629144,,,,
201484_at,0.96911671,-0.00502354,,,,
240633_at,0.96914226,-0.00741951,,,,
227960_s_at,0.96916105,-0.00607253,,,,
200068_s_at,0.96923271,0.00362241,,,,
218554_s_at,0.96924797,-0.00655585,,,,
1558428_at,0.96929736,0.00627934,,,,
237005_at,0.96930668,-0.00710922,,,,
225840_at,0.969332,-0.00726867,,,,
230523_at,0.96935045,-0.01278104,,,,
236287_at,0.9693528,0.00390368,,,,
1562372_at,0.96945187,-0.0021219,,,,
228369_at,0.9694736,0.00738402,,,,
244015_at,0.96949909,-0.00598747,,,,
1554306_at,0.96950307,0.00440141,,,,
210052_s_at,0.96951851,-0.0140112,,,,
211280_s_at,0.96952408,0.00303013,,,,
209545_s_at,0.96955734,0.00698833,,,,
232718_at,0.96956033,-0.0028933,,,,
220245_at,0.9696212,0.01286314,,,,
215117_at,0.9696385,-0.00153777,,,,
1558714_at,0.9696514,0.00791239,,,,
233538_s_at,0.96975657,0.0054373,,,,
230378_at,0.96977193,0.01754568,,,,
1565918_a_at,0.96978228,-0.00185325,,,,
217367_s_at,0.96979516,-0.00544807,,,,
200738_s_at,0.96981366,-0.00535617,,,,
208767_s_at,0.96983859,-0.01245509,,,,
201798_s_at,0.96986944,-0.01253493,,,,
228551_at,0.96987903,-0.01077572,,,,
223587_s_at,0.96988057,0.01376238,,,,
242424_at,0.96990294,-0.00470963,,,,
243938_x_at,0.96992717,0.00669616,,,,
236277_at,0.96995419,0.01504105,,,,
1555559_s_at,0.96998873,-0.00775525,,,,
217238_s_at,0.9699939,-0.043574,,,,
233479_at,0.97005911,0.00229359,,,,
240314_at,0.97007667,0.00589639,,,,
228039_at,0.97008582,-0.005991,,,,
205391_x_at,0.97009427,-0.00559747,,,,
203005_at,0.97010121,0.00555515,,,,
1554821_a_at,0.97012855,0.00772295,,,,
1557675_at,0.97017032,-0.00427625,,,,
235515_at,0.97021986,0.01324172,,,,
231749_at,0.97023468,0.00176848,,,,
238629_x_at,0.97025149,-0.00913617,,,,
207573_x_at,0.97027322,-0.00393442,,,,
207244_x_at,0.97027407,0.01914882,,,,
230439_at,0.97027684,0.00350271,,,,
214346_at,0.97030505,-0.00274114,,,,
210456_at,0.97036723,-0.00196267,,,,
1554112_a_at,0.97036815,0.00817104,,,,
232865_at,0.97037088,-0.00762127,,,,
204447_at,0.97038297,0.00851237,,,,
228500_at,0.97044476,0.004836,,,,
231384_at,0.97046071,0.00985656,,,,
226134_s_at,0.97047497,0.01003394,,,,
207928_s_at,0.97051735,-0.00156707,,,,
241976_at,0.97052205,-0.00486156,,,,
219454_at,0.97058231,-0.0187647,,,,
203151_at,0.97061572,-0.00774908,,,,
201430_s_at,0.97062117,-0.0157462,,,,
228537_at,0.97070353,0.00802166,,,,
217742_s_at,0.97071338,-0.00345585,,,,
239393_at,0.97076207,-0.00840395,,,,
207579_at,0.97076264,0.0019555,,,,
1569783_at,0.97079082,0.00158963,,,,
228812_at,0.97079627,0.0077221,,,,
219921_s_at,0.9708119,0.00693912,,,,
219027_s_at,0.97081282,0.00530782,,,,
202142_at,0.97082357,-0.00465899,,,,
202156_s_at,0.97088323,0.01445903,,,,
222246_at,0.97089895,0.00160743,,,,
200916_at,0.97097691,0.00721029,,,,
204781_s_at,0.9709863,0.01133164,,,,
1556309_s_at,0.97104076,-0.00495427,,,,
213454_at,0.97105873,0.00652594,,,,
209779_at,0.97106543,0.00244674,,,,
209883_at,0.97108957,0.00720371,,,,
232816_s_at,0.97111056,-0.00668776,,,,
1554758_a_at,0.97111803,-0.00445969,,,,
240072_at,0.97113104,0.00344304,,,,
201905_s_at,0.97116497,-0.00598504,,,,
229981_at,0.97122384,-0.0039682,,,,
201034_at,0.97126617,-0.00891927,,,,
227970_at,0.97126984,0.0093579,,,,
1558372_at,0.97129719,-0.00151363,,,,
224050_s_at,0.97130358,0.00172666,,,,
235661_at,0.97131877,0.00392219,,,,
206555_s_at,0.97135745,-0.0046565,,,,
219026_s_at,0.97136431,0.0095938,,,,
220992_s_at,0.97137873,-0.00584509,,,,
1564931_at,0.97140029,-0.00270271,,,,
205547_s_at,0.97142329,-0.01327965,,,,
233141_s_at,0.97142772,0.00469191,,,,
214427_at,0.97145252,0.0057244,,,,
202373_s_at,0.97147212,0.0043692,,,,
1556468_at,0.9715895,0.00183377,,,,
230103_at,0.97166896,0.00182001,,,,
231989_s_at,0.97167706,-0.00638197,,,,
235937_at,0.97169686,0.01142539,,,,
1561666_a_at,0.97171416,-0.00575503,,,,
219299_at,0.97173613,0.00817327,,,,
228403_at,0.97174609,-0.00470969,,,,
237637_at,0.97175455,0.00160426,,,,
1564131_a_at,0.9717625,-0.00267089,,,,
1553338_at,0.9717733,0.00650764,,,,
242851_at,0.97184879,0.00615173,,,,
225743_at,0.97188071,0.00607796,,,,
208272_at,0.97197558,-0.00258581,,,,
238224_at,0.97205753,0.00207539,,,,
208923_at,0.97208604,0.00357562,,,,
230213_at,0.97208784,0.00409187,,,,
243528_at,0.97209327,-0.0050965,,,,
209877_at,0.97213156,-0.00595602,,,,
224447_s_at,0.97213441,-0.00535462,,,,
229823_at,0.97215684,-0.01835044,,,,
237308_at,0.97219488,0.00263716,,,,
229901_at,0.97220389,0.00433287,,,,
238564_at,0.97224257,0.00313648,,,,
235061_at,0.97225666,0.01212956,,,,
228931_at,0.97226607,0.00680254,,,,
229671_s_at,0.97230199,0.0059459,,,,
211869_at,0.97232445,-0.00218425,,,,
206781_at,0.97236619,0.00376771,,,,
212881_at,0.97242509,0.00436873,,,,
218693_at,0.97243817,-0.01038606,,,,
230131_x_at,0.97250833,-0.00943603,,,,
212924_s_at,0.97253568,0.00362233,,,,
229162_s_at,0.97258305,0.00220973,,,,
224464_s_at,0.97261156,0.00487659,,,,
231327_at,0.97261742,-0.00287675,,,,
238457_at,0.97261965,0.00365692,,,,
230434_at,0.97262607,-0.00833989,,,,
244848_at,0.97263145,0.00466212,,,,
215838_at,0.97263568,-0.00848147,,,,
1560435_at,0.97271205,-0.00197104,,,,
226456_at,0.9727358,0.00827985,,,,
230696_at,0.97275057,-0.0063375,,,,
234121_at,0.97275698,0.00196858,,,,
236614_at,0.97276833,-0.00276002,,,,
1559728_at,0.97277374,0.00244314,,,,
234741_at,0.97277677,0.00187995,,,,
216378_at,0.97278078,-0.00185231,,,,
219594_at,0.97280289,-0.01053941,,,,
1558724_at,0.97283429,-0.00169477,,,,
240775_at,0.97284384,-0.00226733,,,,
229379_at,0.97285058,0.00257815,,,,
238894_at,0.97289956,-0.00290927,,,,
227464_at,0.97291743,-0.00299213,,,,
1552563_a_at,0.97292257,-0.00375439,,,,
203584_at,0.97297373,-0.00512801,,,,
220345_at,0.97297662,0.00658593,,,,
208498_s_at,0.97300285,0.01344423,,,,
241513_at,0.97300637,0.00293061,,,,
227904_at,0.97309899,0.0055522,,,,
1558186_s_at,0.97309982,-0.002655,,,,
228587_at,0.97310594,-0.00532735,,,,
240932_at,0.97312918,-0.00189815,,,,
212394_at,0.97314435,-0.0039923,,,,
200621_at,0.9731572,-0.00544892,,,,
217675_at,0.97318318,0.00362277,,,,
221900_at,0.97318455,0.01358478,,,,
218175_at,0.97318887,0.0045771,,,,
225825_at,0.9732241,0.00672524,,,,
1555371_at,0.97331565,-0.00315944,,,,
208225_at,0.97332054,-0.00314077,,,,
218928_s_at,0.97332442,-0.00759329,,,,
218449_at,0.973327,0.00437959,,,,
214649_s_at,0.97333324,0.00642044,,,,
215656_at,0.97336468,-0.00220659,,,,
222716_s_at,0.97336536,0.00739581,,,,
1569846_at,0.97337209,0.00215234,,,,
236771_at,0.97339354,0.00313782,,,,
223286_at,0.97342118,-0.00534527,,,,
230442_at,0.97344959,-0.00276833,,,,
235127_at,0.97348105,-0.00665921,,,,
212032_s_at,0.97348145,-0.00515622,,,,
200844_s_at,0.97349877,-0.00484404,,,,
211241_at,0.97355781,-0.00425103,,,,
214897_at,0.9735606,-0.00334197,,,,
1552793_at,0.97356783,0.00506651,,,,
224777_s_at,0.97362973,-0.00364729,,,,
203723_at,0.97364925,-0.00872785,,,,
1570192_at,0.97369886,0.00335235,,,,
235927_at,0.97370825,0.00786166,,,,
209020_at,0.97371123,0.00451378,,,,
202115_s_at,0.97371179,-0.00421387,,,,
222663_at,0.97373895,-0.00707328,,,,
204786_s_at,0.97374347,0.0057936,,,,
209848_s_at,0.97376483,-0.01386964,,,,
218158_s_at,0.97382197,0.00455563,,,,
213626_at,0.9738856,-0.00869488,,,,
224095_at,0.97390719,0.00154651,,,,
233617_at,0.97391056,-0.00219697,,,,
220341_s_at,0.97398116,-0.00388274,,,,
239389_at,0.97400179,0.00326746,,,,
200733_s_at,0.97400217,-0.00527433,,,,
228753_at,0.97402277,0.00477811,,,,
216258_s_at,0.97403545,0.0107128,,,,
229331_at,0.97403549,-0.01328081,,,,
202223_at,0.97404339,-0.00561347,,,,
1570061_at,0.97404679,0.00281139,,,,
231928_at,0.97405765,-0.00944135,,,,
1561625_at,0.97414387,0.00344029,,,,
232419_at,0.97414507,0.00240575,,,,
1555878_at,0.97416951,-0.01149562,,,,
243353_at,0.97417427,-0.00170536,,,,
240718_at,0.97418218,0.00183221,,,,
1570360_s_at,0.97420647,-0.01222304,,,,
205392_s_at,0.97422496,0.0149141,,,,
207417_s_at,0.97423511,-0.00816911,,,,
205465_x_at,0.97427725,0.00423856,,,,
226248_s_at,0.97427934,-0.02105536,,,,
208979_at,0.97428104,0.0042067,,,,
219179_at,0.97432538,0.01097084,,,,
231858_x_at,0.9743971,-0.00215922,,,,
233408_at,0.97440755,-0.00358094,,,,
219355_at,0.97441506,0.01046762,,,,
215064_at,0.97445681,-0.00575884,,,,
1564479_a_at,0.97449139,0.00962491,,,,
225704_at,0.97449773,0.00397794,,,,
222060_at,0.9745093,-0.00382467,,,,
234681_s_at,0.97454524,0.00268429,,,,
230348_at,0.97455435,0.00293079,,,,
231417_at,0.97460265,-0.00163912,,,,
213481_at,0.97461538,0.00396747,,,,
1559785_at,0.9746343,0.00237755,,,,
210403_s_at,0.9746546,-0.00186315,,,,
222958_s_at,0.97465599,0.01175035,,,,
1557382_x_at,0.97471387,0.00253786,,,,
224516_s_at,0.97474454,0.01038129,,,,
242647_at,0.97474846,-0.00425841,,,,
235902_at,0.97477011,-0.0071407,,,,
224980_at,0.97481957,-0.00376997,,,,
1561069_at,0.97483192,-0.00115464,,,,
214091_s_at,0.9748524,0.01416973,,,,
1556192_x_at,0.97489451,0.00177435,,,,
1569630_a_at,0.97490302,0.00161845,,,,
239677_at,0.97490808,0.00257482,,,,
227009_at,0.97491883,-0.00399112,,,,
210300_at,0.97496575,0.00293895,,,,
235125_x_at,0.97500009,0.00481433,,,,
213879_at,0.97500247,-0.00402117,,,,
230909_at,0.97504576,0.00187303,,,,
242958_x_at,0.97505509,0.00223762,,,,
202311_s_at,0.9750723,0.01205358,,,,
227893_at,0.97510668,0.00569271,,,,
232764_at,0.97519829,0.00188415,,,,
212969_x_at,0.9752035,0.00295118,,,,
222472_at,0.97521824,0.00422047,,,,
220817_at,0.97527441,0.00490243,,,,
244327_at,0.97531682,0.00213738,,,,
227595_at,0.9753281,0.00507488,,,,
229458_s_at,0.97533035,-0.00199582,,,,
217440_at,0.97533069,-0.00126626,,,,
1556921_at,0.97536583,0.00184562,,,,
55692_at,0.97537069,0.00471576,,,,
231438_x_at,0.97537426,0.00242824,,,,
213496_at,0.9753792,-0.01234541,,,,
222432_s_at,0.97538275,0.00426797,,,,
214141_x_at,0.97539072,0.00379737,,,,
1554987_at,0.97539635,-0.00211124,,,,
1561778_at,0.97544425,0.00166239,,,,
231026_at,0.97546331,-0.00333089,,,,
205026_at,0.97548416,0.00399177,,,,
238654_at,0.97549817,-0.00589306,,,,
1561741_at,0.9755152,0.00253576,,,,
202322_s_at,0.97553336,-0.00522064,,,,
216369_at,0.97554214,0.00141423,,,,
217566_s_at,0.97554441,0.00302388,,,,
1552803_a_at,0.97554861,0.00236033,,,,
241926_s_at,0.9755615,0.00717653,,,,
232120_at,0.97560505,0.00418037,,,,
241116_at,0.97563641,-0.00220185,,,,
201664_at,0.97566543,0.00588164,,,,
219749_at,0.9756675,-0.00648693,,,,
240149_at,0.97570747,0.00257405,,,,
203451_at,0.97575973,0.00443484,,,,
221773_at,0.97577067,-0.00719079,,,,
242394_at,0.97577704,0.00459648,,,,
228642_at,0.97579325,0.0103453,,,,
239892_at,0.97580136,0.00442282,,,,
219246_s_at,0.97580574,0.0026487,,,,
1558343_at,0.97580788,0.00172042,,,,
232487_at,0.97587148,0.00238812,,,,
201802_at,0.97588264,-0.00465903,,,,
206298_at,0.97593266,-0.00590247,,,,
216702_x_at,0.97596699,0.00135841,,,,
221436_s_at,0.97601284,0.00777477,,,,
231657_s_at,0.97603129,0.00190861,,,,
211986_at,0.97605132,-0.00735723,,,,
1560455_at,0.97605981,-0.00214381,,,,
203489_at,0.97606774,0.00465502,,,,
202234_s_at,0.9760723,0.00961358,,,,
1553304_at,0.9760794,0.00620409,,,,
227422_at,0.97612219,0.00420346,,,,
214407_x_at,0.9761547,0.00199252,,,,
230114_at,0.97617574,-0.00228866,,,,
231766_s_at,0.97619104,-0.01506854,,,,
208098_at,0.97620765,-0.00145665,,,,
204542_at,0.97625081,0.01408649,,,,
218202_x_at,0.97627353,-0.0043044,,,,
242138_at,0.97636687,-0.01342104,,,,
236203_at,0.97637173,-0.01383783,,,,
205937_at,0.97639496,-0.00675599,,,,
202360_at,0.97641285,-0.00316394,,,,
209181_s_at,0.97641555,0.00401627,,,,
223856_at,0.97642831,0.00334258,,,,
231270_at,0.97644353,-0.01150916,,,,
241811_x_at,0.97645021,-0.00178507,,,,
219651_at,0.97645412,-0.00143176,,,,
238186_at,0.97648235,-0.00327884,,,,
229109_s_at,0.97652595,0.00748767,,,,
208211_s_at,0.9765708,0.00254192,,,,
202887_s_at,0.97657992,0.00761086,,,,
223208_at,0.97663123,0.00384549,,,,
1558967_s_at,0.97665785,-0.00277363,,,,
240038_at,0.97669653,-0.0050621,,,,
232163_at,0.97673892,-0.00200123,,,,
207546_at,0.97674412,0.00202284,,,,
218968_s_at,0.97676009,-0.00378427,,,,
1556381_at,0.97677274,-0.00265175,,,,
205733_at,0.97677953,0.00627136,,,,
216655_s_at,0.97680486,-0.00200271,,,,
213165_at,0.97688605,-0.00444759,,,,
1570141_at,0.97694325,-0.00130892,,,,
1555485_s_at,0.97696391,0.00150203,,,,
227188_at,0.97697627,-0.0083924,,,,
239793_at,0.97698882,-0.00259455,,,,
204584_at,0.97700929,-0.01452028,,,,
238144_s_at,0.97701219,0.00227381,,,,
208811_s_at,0.97704818,-0.00450453,,,,
1569663_at,0.97705175,-0.00118729,,,,
223824_at,0.9770705,0.00787493,,,,
1558437_at,0.97709285,-0.00212427,,,,
217373_x_at,0.97711229,-0.00784604,,,,
244236_at,0.97713121,-0.00253835,,,,
209900_s_at,0.97723241,0.00810491,,,,
1553058_at,0.97734396,0.00205223,,,,
1558708_at,0.97736716,-0.00120055,,,,
219331_s_at,0.97737112,0.00476286,,,,
234739_at,0.97739144,-0.00139351,,,,
219954_s_at,0.97741923,0.01812343,,,,
1570354_s_at,0.97743257,0.00149233,,,,
216460_at,0.97743939,-0.00205027,,,,
223395_at,0.97744753,0.01629194,,,,
1558444_at,0.97746051,0.00391611,,,,
1553209_at,0.97748947,-0.00265491,,,,
1562745_at,0.97751913,-0.00275145,,,,
230207_s_at,0.97752026,0.00589887,,,,
220228_at,0.97754966,0.00165831,,,,
1553004_at,0.97757045,-0.00169378,,,,
238597_at,0.97757351,0.00496763,,,,
203128_at,0.97758104,0.00514108,,,,
239259_at,0.9776377,0.00194637,,,,
1560579_s_at,0.97768639,-0.00546388,,,,
223609_at,0.97772882,0.00315717,,,,
223867_at,0.97773188,-0.00245984,,,,
207537_at,0.97774401,0.0053624,,,,
1570006_at,0.97779236,0.00143896,,,,
238323_at,0.97780241,0.00726462,,,,
219879_s_at,0.97780537,0.00211865,,,,
201454_s_at,0.97781588,-0.00425291,,,,
226294_x_at,0.977868,-0.00366323,,,,
235096_at,0.97786993,0.00384262,,,,
213717_at,0.97791066,0.00397294,,,,
216388_s_at,0.97792354,0.00409278,,,,
219731_at,0.9779396,-0.00422654,,,,
228980_at,0.97798773,-0.00485411,,,,
207797_s_at,0.97800299,0.00325147,,,,
238013_at,0.97801607,0.00800386,,,,
200009_at,0.97806593,-0.00267077,,,,
239355_at,0.97807816,0.00343632,,,,
232214_x_at,0.97808601,0.00187235,,,,
205192_at,0.97812558,-0.00388338,,,,
229183_at,0.97813069,-0.00531621,,,,
204229_at,0.97815375,-0.00414221,,,,
215868_x_at,0.97815694,0.00138542,,,,
1552673_at,0.97817986,-0.00771925,,,,
202396_at,0.97822456,0.00456985,,,,
234169_at,0.97823375,-0.00216213,,,,
207538_at,0.97825901,0.00171013,,,,
244027_at,0.97829058,-0.00180325,,,,
213925_at,0.97832639,0.00490744,,,,
242955_x_at,0.97834205,-0.00105163,,,,
240845_at,0.97835732,0.00179425,,,,
224877_s_at,0.97835912,0.0039824,,,,
1554773_at,0.9784037,-0.00170298,,,,
217797_at,0.97840654,-0.00389046,,,,
228380_at,0.97845429,0.00409741,,,,
231881_at,0.97846084,0.00293756,,,,
228175_at,0.97847184,-0.00467435,,,,
36829_at,0.97849117,0.00423852,,,,
234322_at,0.97849506,-0.00141506,,,,
233123_at,0.97849825,0.0028905,,,,
1564372_s_at,0.97850201,-0.00429301,,,,
1554298_a_at,0.97850567,0.00110136,,,,
227272_at,0.97857007,0.00821518,,,,
214533_at,0.97858567,0.00841987,,,,
229907_at,0.97858691,-0.00367201,,,,
205998_x_at,0.97861772,0.01040035,,,,
1567664_at,0.97863746,0.00123469,,,,
212128_s_at,0.97865405,0.00499911,,,,
203557_s_at,0.9786798,-0.00818529,,,,
240258_at,0.97869437,-0.00271831,,,,
211619_s_at,0.97872536,0.00351551,,,,
234062_at,0.97873855,-0.00183171,,,,
219071_x_at,0.97874904,-0.00407165,,,,
220815_at,0.97875406,0.00240018,,,,
1554355_a_at,0.97875487,-0.00226386,,,,
222071_s_at,0.97882311,0.01036582,,,,
218975_at,0.97883282,-0.00422458,,,,
210840_s_at,0.97887395,-0.00536865,,,,
239907_at,0.97889333,0.00390318,,,,
1569963_at,0.97889546,-0.00174072,,,,
229975_at,0.97894355,-0.01825531,,,,
223397_s_at,0.97895357,-0.00432569,,,,
243043_at,0.9789851,0.00202279,,,,
1553888_at,0.97899921,-0.00193334,,,,
236027_at,0.97900423,-0.00438213,,,,
1566426_at,0.97901234,0.00129266,,,,
220614_s_at,0.97901665,-0.0012763,,,,
240237_at,0.9790197,0.00491425,,,,
237617_at,0.97903081,0.0012492,,,,
201739_at,0.9790334,0.00760612,,,,
212573_at,0.97905497,-0.00691918,,,,
205939_at,0.97906116,-0.01389114,,,,
201461_s_at,0.97908013,-0.00554493,,,,
234462_at,0.97908323,0.00174928,,,,
226596_x_at,0.9791043,0.00468906,,,,
208542_x_at,0.97911284,-0.00192903,,,,
1556357_s_at,0.97912859,0.00113065,,,,
237382_at,0.97916296,0.00148716,,,,
207426_s_at,0.97916379,-0.00794144,,,,
224465_s_at,0.97916803,0.00296646,,,,
229884_s_at,0.97917783,0.00345099,,,,
244026_at,0.97918433,-0.00500181,,,,
235316_at,0.97921374,0.00473162,,,,
210127_at,0.97924888,-0.0066329,,,,
219328_at,0.97926053,0.00273839,,,,
242738_s_at,0.97931357,-0.0046202,,,,
232085_at,0.97931891,-0.00179534,,,,
218339_at,0.97932593,0.00316621,,,,
231332_at,0.97933114,0.004154,,,,
231698_at,0.97938126,0.00624663,,,,
200032_s_at,0.97939296,-0.0019748,,,,
227761_at,0.97939558,0.00943271,,,,
244808_at,0.97941377,0.00370537,,,,
240822_at,0.97942193,0.00126417,,,,
229124_at,0.97942652,0.00343262,,,,
1565743_at,0.97942965,0.00252628,,,,
237468_at,0.97944047,0.00272153,,,,
221794_at,0.97945265,0.00404536,,,,
205236_x_at,0.97947267,-0.00662393,,,,
215907_at,0.97949556,0.00307424,,,,
228328_at,0.97950231,0.00454376,,,,
244796_at,0.97951157,0.00160722,,,,
225957_at,0.9795531,-0.0048856,,,,
219478_at,0.97962342,0.01033671,,,,
219540_at,0.97967358,-0.00481975,,,,
211017_s_at,0.9796837,-0.00643699,,,,
202472_at,0.97969659,0.00396704,,,,
202571_s_at,0.97970204,-0.00157113,,,,
221766_s_at,0.97971646,0.00667703,,,,
218938_at,0.97974178,-0.00310852,,,,
219760_at,0.97978002,-0.00319226,,,,
236610_at,0.97985199,-0.00337406,,,,
240624_x_at,0.97988446,0.00314878,,,,
239524_at,0.97991751,-0.00181691,,,,
228025_s_at,0.97994072,-0.00136573,,,,
232632_at,0.9799484,0.00412866,,,,
216764_at,0.97995028,0.0013012,,,,
206630_at,0.97998425,-0.01047661,,,,
201032_at,0.98008317,-0.00340993,,,,
1566340_at,0.98012173,-0.00159749,,,,
216917_s_at,0.98012392,0.00134579,,,,
221451_s_at,0.98012806,-0.00140198,,,,
208691_at,0.98012899,-0.00660189,,,,
1564314_at,0.98016398,0.00126225,,,,
202186_x_at,0.98016613,0.00258081,,,,
240543_at,0.98019278,0.00159488,,,,
213251_at,0.98025353,0.00323527,,,,
208740_at,0.98025664,-0.00455093,,,,
207071_s_at,0.98026058,0.00622274,,,,
215960_at,0.98027904,-0.00199406,,,,
1557062_at,0.98028828,-0.00170328,,,,
241904_at,0.98037042,-0.00214919,,,,
1561705_at,0.98038003,-0.0021593,,,,
210776_x_at,0.98038056,-0.00383716,,,,
225136_at,0.98041521,-0.0054113,,,,
1556043_a_at,0.98042478,-0.00325826,,,,
1554608_at,0.98042484,0.00709209,,,,
1557403_s_at,0.98045581,0.00143811,,,,
205866_at,0.9804768,0.01575517,,,,
1561672_at,0.98050552,-0.00129469,,,,
210191_s_at,0.98052245,0.00549614,,,,
214991_s_at,0.98053039,-0.00383026,,,,
206140_at,0.98057098,0.01055612,,,,
1559523_at,0.98060458,-0.00148897,,,,
229526_at,0.98062438,0.00851466,,,,
242436_at,0.98064587,-0.00283357,,,,
235947_at,0.98070195,0.0091637,,,,
233794_at,0.98070432,-0.00160859,,,,
235469_at,0.98072287,-0.0055028,,,,
221163_s_at,0.98075584,-0.00490548,,,,
232648_at,0.98079379,-0.00211051,,,,
217463_s_at,0.98080732,0.00135777,,,,
207147_at,0.98082838,-0.0100902,,,,
243523_at,0.98087619,-0.0019959,,,,
1569434_at,0.98089511,0.00188626,,,,
204879_at,0.98091526,-0.00794398,,,,
211890_x_at,0.98097202,-0.0088502,,,,
1559810_at,0.98099495,0.00125957,,,,
217419_x_at,0.98100274,0.0037608,,,,
1562398_at,0.98101988,-0.00112711,,,,
216105_x_at,0.9810292,-0.00344497,,,,
208118_x_at,0.98102969,-0.00337671,,,,
208808_s_at,0.9810361,-0.00508477,,,,
1562222_at,0.98115215,-0.00186447,,,,
233187_s_at,0.98115413,0.00157146,,,,
206594_at,0.98130625,0.00197997,,,,
226497_s_at,0.98131776,-0.0047516,,,,
229634_at,0.98134651,-0.00861992,,,,
235885_at,0.98136054,0.00802394,,,,
205535_s_at,0.98138534,0.00728074,,,,
231783_at,0.98141068,-0.00292389,,,,
239352_at,0.9814354,-0.00602772,,,,
225078_at,0.98147804,-0.00660929,,,,
216621_at,0.98148649,-0.0016099,,,,
206112_at,0.98153624,0.00254809,,,,
221152_at,0.98154191,-0.0009877,,,,
1560803_at,0.9815948,0.00361323,,,,
213263_s_at,0.98161616,0.00440422,,,,
235227_at,0.98166425,-0.00521733,,,,
226959_at,0.98167542,0.00582876,,,,
215505_s_at,0.98168095,-0.00394203,,,,
224340_at,0.98170789,-0.00167148,,,,
242903_at,0.98173546,0.00485855,,,,
236006_s_at,0.98173794,-0.00240724,,,,
229557_at,0.98174132,-0.00124894,,,,
212056_at,0.98174449,-0.00438251,,,,
221192_x_at,0.98176072,0.00211819,,,,
1564621_a_at,0.98176488,-0.00194788,,,,
237058_x_at,0.98180319,0.00494239,,,,
209637_s_at,0.98192468,-0.00411908,,,,
201066_at,0.98192631,0.00520903,,,,
244088_at,0.98192658,-0.00205752,,,,
1556728_at,0.98192979,-0.00189857,,,,
224061_at,0.98193369,-0.00826357,,,,
230303_at,0.98200661,-0.00416855,,,,
231679_at,0.98200689,0.00124475,,,,
1557222_at,0.98200973,0.0050892,,,,
1560962_at,0.98201065,-0.00096282,,,,
1569129_s_at,0.98201726,0.00351069,,,,
208908_s_at,0.9820605,0.00460388,,,,
234749_s_at,0.98206674,0.00346378,,,,
1562368_at,0.98207614,-0.00144835,,,,
239451_at,0.98209935,0.00456642,,,,
206274_s_at,0.9821283,-0.00312516,,,,
227744_s_at,0.98216914,0.00240453,,,,
203162_s_at,0.98217882,0.00290979,,,,
225060_at,0.9821867,0.00496725,,,,
227594_at,0.98219212,0.00431296,,,,
239055_at,0.98220777,-0.00128831,,,,
1566964_at,0.98223132,0.00135569,,,,
202535_at,0.98226264,0.0039868,,,,
206426_at,0.98227155,0.01190741,,,,
201780_s_at,0.98229575,0.00272673,,,,
240017_at,0.98230235,0.00164858,,,,
240279_at,0.98230303,0.00217351,,,,
1556048_at,0.98230807,0.00361076,,,,
212720_at,0.98232474,-0.00418385,,,,
1566887_x_at,0.98232906,0.00423906,,,,
239069_s_at,0.98235417,-0.00514159,,,,
235354_s_at,0.98235575,-0.00598408,,,,
240577_at,0.98236263,-0.00199111,,,,
218603_at,0.98237283,-0.00348339,,,,
221983_at,0.98240981,0.00272549,,,,
220933_s_at,0.98253325,0.00314347,,,,
1561892_at,0.98255796,0.00130181,,,,
200855_at,0.9825707,-0.00268675,,,,
220438_at,0.98257102,0.00229309,,,,
225143_at,0.98257795,0.00382278,,,,
204467_s_at,0.98258786,-0.00504463,,,,
1559000_at,0.98267701,0.00277592,,,,
221379_at,0.98270678,-0.00176858,,,,
235654_at,0.982858,-0.00240679,,,,
221751_at,0.98286594,-0.00322801,,,,
1561706_at,0.98287552,0.0013007,,,,
204643_s_at,0.98290108,-0.00252666,,,,
1559245_at,0.98295521,0.00145549,,,,
202194_at,0.98295888,0.0030561,,,,
242595_at,0.98303506,0.0016129,,,,
233235_x_at,0.98307394,-0.00160086,,,,
241808_at,0.98309593,-0.00710888,,,,
1562313_at,0.98309648,0.00099012,,,,
204772_s_at,0.98312451,-0.00263409,,,,
210862_s_at,0.98313963,0.00451897,,,,
222832_s_at,0.98314409,-0.00230208,,,,
206685_at,0.98318149,0.00562146,,,,
1562054_at,0.98319554,-0.00091459,,,,
219028_at,0.98320533,0.00431855,,,,
220295_x_at,0.98324525,-0.007809,,,,
231911_at,0.9832885,-0.0031774,,,,
242855_at,0.98329405,-0.00190631,,,,
1559651_at,0.98330752,-0.00142101,,,,
1554517_x_at,0.98331087,0.00158973,,,,
227720_at,0.98334656,-0.00239324,,,,
211621_at,0.98336682,-0.0084535,,,,
1558388_a_at,0.98342476,0.00285133,,,,
201302_at,0.98343205,0.00578517,,,,
226414_s_at,0.9834616,0.00299583,,,,
1560517_s_at,0.98354907,0.00109705,,,,
212642_s_at,0.98358339,-0.00378543,,,,
237823_at,0.98358342,-0.0013955,,,,
237137_at,0.98361862,0.00304092,,,,
205216_s_at,0.98362654,-0.02391184,,,,
226594_at,0.98362897,0.00851453,,,,
244534_at,0.98363139,0.00465094,,,,
217129_at,0.98371979,-0.00122836,,,,
211874_s_at,0.98376989,0.0030918,,,,
1567240_x_at,0.9837705,-0.00127703,,,,
229171_at,0.98384374,-0.00139075,,,,
1565819_at,0.98393609,0.00092288,,,,
1557531_a_at,0.98395984,-0.00182557,,,,
243105_at,0.98396462,-0.00117793,,,,
209904_at,0.98412535,0.01150743,,,,
242890_at,0.98413288,-0.00639064,,,,
231811_at,0.98415114,-0.00128196,,,,
236869_at,0.98415385,0.00264375,,,,
238659_at,0.98416144,-0.00159293,,,,
205816_at,0.98418242,-0.00786755,,,,
1566950_at,0.98418918,-0.00093135,,,,
205481_at,0.98423693,0.00533981,,,,
237894_at,0.98428185,-0.00099343,,,,
224867_at,0.98429427,-0.00235708,,,,
214609_at,0.9843282,-0.00139337,,,,
237949_at,0.98436994,-0.00114595,,,,
219589_s_at,0.98443962,-0.00101773,,,,
228213_at,0.98445498,-0.00353519,,,,
214555_at,0.98445778,-0.0013757,,,,
217435_x_at,0.98447106,0.00190158,,,,
1564820_at,0.9845828,-0.00095991,,,,
1561926_at,0.98459565,-0.00069191,,,,
233255_s_at,0.98460948,0.0033709,,,,
1569494_at,0.98460976,-0.00077127,,,,
1563660_at,0.98464565,-0.00077989,,,,
226199_at,0.98465562,-0.00252321,,,,
212051_at,0.98466274,-0.00278652,,,,
212637_s_at,0.98467479,-0.00485303,,,,
1569542_at,0.98469037,-0.00148488,,,,
225082_at,0.98473362,0.00239254,,,,
231248_at,0.98473599,0.00325086,,,,
216160_at,0.98474404,-0.00106336,,,,
214266_s_at,0.98476254,-0.00209598,,,,
210948_s_at,0.98476386,0.00184847,,,,
225820_at,0.98477421,0.00380899,,,,
209167_at,0.98478836,-0.01179924,,,,
219109_at,0.98480292,0.00669007,,,,
221202_at,0.98486591,-0.00089944,,,,
244229_at,0.98488256,-0.00165058,,,,
236256_at,0.98490065,0.00259732,,,,
227695_at,0.98499626,0.00778029,,,,
230005_at,0.98499708,0.00673484,,,,
204322_at,0.98504059,0.00287035,,,,
202336_s_at,0.98507474,0.00488615,,,,
227019_at,0.9851512,-0.00596462,,,,
1560038_at,0.98518053,0.0008849,,,,
214506_at,0.98522715,-0.00238268,,,,
238626_at,0.98523647,0.00113816,,,,
219218_at,0.98524923,-0.00319867,,,,
202159_at,0.98528933,0.00279261,,,,
220659_s_at,0.98533074,0.00163981,,,,
203438_at,0.98534455,0.00797701,,,,
214019_at,0.98538953,-0.00117722,,,,
236481_at,0.98541119,0.00195541,,,,
1560654_at,0.9854175,0.00119853,,,,
219313_at,0.98544334,-0.00731749,,,,
220789_s_at,0.98549181,-0.00258413,,,,
242179_s_at,0.98550272,0.00127349,,,,
220568_at,0.98554154,-0.00087179,,,,
208920_at,0.98554758,0.00434407,,,,
223776_x_at,0.98559404,0.00243069,,,,
228373_at,0.98562356,0.00232696,,,,
206679_at,0.98562554,0.0010915,,,,
234451_at,0.9856265,-0.00141481,,,,
217947_at,0.98565124,0.00234951,,,,
201148_s_at,0.98567155,0.00552989,,,,
238247_at,0.98567758,-0.00150712,,,,
233470_at,0.98570298,-0.0014118,,,,
1562961_at,0.98573008,-0.0009536,,,,
206650_at,0.98578166,-0.00193167,,,,
229306_at,0.98581978,-0.0016144,,,,
210245_at,0.98582764,0.00134517,,,,
227079_at,0.9858547,0.00138958,,,,
201413_at,0.98587488,-0.00362506,,,,
237818_at,0.98589798,-0.00088464,,,,
238121_at,0.98592043,0.0033778,,,,
1555347_at,0.98597835,0.00123178,,,,
229581_at,0.98598916,0.00361389,,,,
229156_s_at,0.98599052,-0.00622015,,,,
200629_at,0.98599784,-0.00401696,,,,
1569245_at,0.98605509,-0.00101216,,,,
1560757_at,0.98605873,0.00139452,,,,
215497_s_at,0.98606142,0.00166496,,,,
1556805_at,0.9860912,-0.00096323,,,,
244354_at,0.98611974,-0.00322179,,,,
1564882_at,0.98611987,0.00086182,,,,
243211_at,0.98612623,0.00083819,,,,
211867_s_at,0.9861631,-0.00152442,,,,
204827_s_at,0.9862059,0.00263508,,,,
47608_at,0.98623017,-0.00174293,,,,
226428_at,0.98623367,0.00201194,,,,
1564887_at,0.98623483,-0.00095574,,,,
213228_at,0.98623916,0.00393747,,,,
219144_at,0.98625508,0.00337473,,,,
238541_at,0.98626568,0.00244977,,,,
227946_at,0.98628559,0.0033097,,,,
1554638_at,0.98630449,0.00192832,,,,
228072_at,0.98634088,0.00418748,,,,
213753_x_at,0.98638423,-0.0022861,,,,
216317_x_at,0.98643445,-0.00174864,,,,
1562283_at,0.98644449,0.00104215,,,,
230544_at,0.98646487,0.00117114,,,,
222766_at,0.98649367,0.00119826,,,,
1558143_a_at,0.98656876,-0.00334943,,,,
1563129_at,0.98661142,0.00080135,,,,
220831_at,0.98663216,0.00104853,,,,
204725_s_at,0.98664483,0.0028079,,,,
234778_at,0.98665872,-0.00087797,,,,
238332_at,0.98666904,-0.00620801,,,,
220017_x_at,0.98669793,-0.01595433,,,,
224351_at,0.9867101,-0.00067561,,,,
205872_x_at,0.98671164,-0.00557073,,,,
234501_x_at,0.98672885,-0.00067749,,,,
237798_at,0.98674112,0.00128302,,,,
239345_at,0.98678198,-0.00415985,,,,
237303_at,0.98678512,0.00084215,,,,
213929_at,0.98681514,0.00602385,,,,
212129_at,0.98685833,-0.00164422,,,,
201682_at,0.98687204,-0.00209205,,,,
212463_at,0.98689877,-0.00374821,,,,
224264_x_at,0.986905,0.00122158,,,,
1561501_s_at,0.9869445,-0.001096,,,,
242341_x_at,0.9869587,-0.00346996,,,,
241115_at,0.98699948,0.0014714,,,,
1555476_at,0.9870352,0.00144103,,,,
209261_s_at,0.98705763,0.00343084,,,,
202160_at,0.9870955,-0.00189749,,,,
217863_at,0.98710014,0.00262995,,,,
230722_at,0.98711718,0.00708593,,,,
1565924_a_at,0.987157,0.00071421,,,,
219723_x_at,0.98716522,-0.00210439,,,,
222990_at,0.98718164,-0.00169173,,,,
240190_at,0.98718778,0.0015761,,,,
240986_at,0.98721337,0.00103025,,,,
231873_at,0.98725654,0.00217155,,,,
209630_s_at,0.98726235,0.00189413,,,,
222628_s_at,0.98727149,0.00183703,,,,
209555_s_at,0.98728352,-0.00873252,,,,
205207_at,0.98730607,-0.00359033,,,,
235889_at,0.98731368,-0.00249898,,,,
1570371_a_at,0.98731531,0.00132325,,,,
1564294_at,0.98732812,0.00066088,,,,
210361_s_at,0.98736855,-0.0020426,,,,
211382_s_at,0.98747672,0.00322001,,,,
200857_s_at,0.98750254,-0.00179784,,,,
235695_at,0.98752292,0.00289841,,,,
1562012_at,0.98752481,-0.00203902,,,,
1557746_at,0.98752631,0.00237343,,,,
214473_x_at,0.98755628,0.00185353,,,,
201730_s_at,0.98755985,0.00288503,,,,
1566898_at,0.98757002,0.00080282,,,,
209390_at,0.98768631,0.00174779,,,,
210030_at,0.98768796,0.00088916,,,,
220980_s_at,0.98777679,-0.00178379,,,,
200014_s_at,0.98783326,0.00135764,,,,
213084_x_at,0.98784783,-0.00085466,,,,
221392_at,0.98786569,0.00099459,,,,
239611_at,0.98786944,-0.00098335,,,,
210593_at,0.98793604,-0.00109579,,,,
1562329_at,0.98801471,0.00064158,,,,
242951_at,0.98801496,0.00218021,,,,
1564233_at,0.98805055,0.00120239,,,,
214884_at,0.98805476,0.00091216,,,,
1553587_a_at,0.98805863,0.00195906,,,,
1562947_x_at,0.98806829,-0.00091126,,,,
202988_s_at,0.98807912,-0.00481174,,,,
1562099_at,0.98808444,0.00356913,,,,
235866_at,0.98808658,-0.00203564,,,,
1563787_a_at,0.98808796,-0.00059878,,,,
227017_at,0.98812351,-0.00331058,,,,
208674_x_at,0.98812902,0.00162676,,,,
232902_s_at,0.98815198,0.0023161,,,,
215245_x_at,0.98815938,-0.00201194,,,,
232097_at,0.98818892,0.00147288,,,,
220988_s_at,0.98819754,-0.00648073,,,,
222243_s_at,0.98826101,-0.00148799,,,,
209765_at,0.98827546,0.00419763,,,,
239172_x_at,0.98829421,-0.00207445,,,,
217697_at,0.9883028,0.00072488,,,,
203700_s_at,0.98830689,-0.00769947,,,,
242579_at,0.98833639,-0.00865999,,,,
208937_s_at,0.98835459,-0.00450878,,,,
223742_at,0.9883782,0.00209622,,,,
223235_s_at,0.98838681,0.0075823,,,,
220623_s_at,0.98838847,-0.00220382,,,,
225494_at,0.98841358,-0.00182008,,,,
237297_at,0.98856464,0.00096572,,,,
215514_at,0.98859151,0.00064656,,,,
207088_s_at,0.98860094,-0.00234301,,,,
213050_at,0.98860132,-0.00516985,,,,
209418_s_at,0.98863041,0.00251297,,,,
1555106_a_at,0.98863174,-0.00369965,,,,
235304_at,0.98863313,0.0025988,,,,
225944_at,0.9886371,0.00275687,,,,
1567030_at,0.98864593,0.00097753,,,,
236461_at,0.98865938,0.00142997,,,,
243249_at,0.98867183,-0.00270658,,,,
203819_s_at,0.9886751,0.00810565,,,,
238821_at,0.98868455,0.00255266,,,,
231932_at,0.98869128,-0.00251451,,,,
217792_at,0.98872284,-0.00185342,,,,
1558969_a_at,0.98873512,-0.00204862,,,,
226404_at,0.988821,-0.00373664,,,,
200062_s_at,0.98882198,0.00090692,,,,
217072_at,0.98886044,-0.00087684,,,,
231958_at,0.9888757,0.00148836,,,,
240267_at,0.98889358,0.000655,,,,
213730_x_at,0.98889738,-0.00189396,,,,
237518_at,0.98892077,0.00102633,,,,
211579_at,0.98894346,0.00059756,,,,
1554017_at,0.98896185,0.00144282,,,,
229778_at,0.98896704,-0.00401819,,,,
200810_s_at,0.9890597,0.00265921,,,,
235956_at,0.98910093,0.00413062,,,,
225614_at,0.9891032,-0.00178319,,,,
224905_at,0.98911404,0.00168407,,,,
1568777_at,0.98912671,0.00292857,,,,
1568843_at,0.98914474,-0.0008496,,,,
232312_at,0.98915003,-0.00179498,,,,
207276_at,0.98917813,0.00252172,,,,
244143_at,0.98925251,-0.00081666,,,,
229903_x_at,0.98943304,0.00192606,,,,
64883_at,0.98943917,0.00187977,,,,
204314_s_at,0.98949661,0.00151183,,,,
207452_s_at,0.98951495,-0.00085498,,,,
235926_at,0.98951842,0.00359797,,,,
243505_at,0.98953571,-0.00076025,,,,
237375_at,0.98956884,-0.00118192,,,,
210674_s_at,0.98960813,-0.00665186,,,,
1564749_at,0.98961588,-0.00084597,,,,
243557_at,0.98962195,0.00086296,,,,
234734_s_at,0.98963333,-0.00139392,,,,
206628_at,0.98964177,0.00523471,,,,
207141_s_at,0.98964493,-0.00366677,,,,
202770_s_at,0.98964714,0.00295062,,,,
236090_at,0.98965854,0.00262802,,,,
231834_at,0.98966673,0.00073671,,,,
209255_at,0.98967552,-0.00232995,,,,
242562_at,0.98968817,0.00181835,,,,
233355_at,0.98968943,-0.00291061,,,,
1555572_at,0.9897178,-0.00069898,,,,
1565306_a_at,0.98972756,0.00088662,,,,
204148_s_at,0.9897434,-0.00317963,,,,
227794_at,0.98979012,0.01010336,,,,
218854_at,0.98979646,0.00334367,,,,
230583_s_at,0.9898427,-0.00086501,,,,
213955_at,0.9898521,-0.00154387,,,,
226642_s_at,0.9898546,-0.00163673,,,,
1557602_at,0.98986179,0.00112764,,,,
201158_at,0.98986957,-0.00148561,,,,
237867_s_at,0.98988683,0.00250971,,,,
242866_x_at,0.98988877,-0.00126353,,,,
212583_at,0.98989313,0.00156639,,,,
227503_at,0.98989703,0.00472895,,,,
243362_s_at,0.98989867,-0.00211218,,,,
222595_s_at,0.98990157,0.00239753,,,,
AFFX-HUMRGE/M10098_3_at,0.98996635,-0.00182133,,,,
1562901_at,0.98997639,0.00060019,,,,
240419_at,0.99002762,0.00237693,,,,
222296_at,0.99007922,-0.00093447,,,,
244457_at,0.99012346,0.00243541,,,,
244850_at,0.99012601,0.00058897,,,,
243153_at,0.99014271,0.0008454,,,,
214789_x_at,0.99017505,-0.00125497,,,,
1556783_a_at,0.99019693,0.00072103,,,,
1560800_at,0.99022538,-0.00087252,,,,
229768_at,0.99023198,0.00384563,,,,
236077_at,0.9902795,0.00216193,,,,
237346_at,0.99029058,-0.00091281,,,,
204164_at,0.9903251,0.00144363,,,,
238531_x_at,0.99038188,0.00338154,,,,
211903_s_at,0.99041193,-0.00091061,,,,
218575_at,0.99042645,-0.00163004,,,,
1559842_at,0.99044626,-0.0004767,,,,
213049_at,0.99046968,-0.00190887,,,,
204340_at,0.99048199,-0.00203639,,,,
203514_at,0.99053209,-0.00163604,,,,
1562473_at,0.99056683,-0.00134908,,,,
228731_at,0.9906367,0.00350424,,,,
204219_s_at,0.99063821,-0.00122703,,,,
219450_at,0.9906395,-0.00487651,,,,
243488_at,0.99064107,0.00067208,,,,
237824_at,0.99064824,-0.00058445,,,,
234960_at,0.99067401,0.00092799,,,,
240504_at,0.99068646,-0.0006145,,,,
218666_s_at,0.99073105,0.00152367,,,,
238071_at,0.99073914,0.00088874,,,,
243549_at,0.99077238,-0.00043963,,,,
225781_at,0.99077387,-0.00164957,,,,
231260_at,0.99079204,0.00191936,,,,
232420_x_at,0.99079755,-0.00117848,,,,
1555351_s_at,0.99080001,0.00146789,,,,
209996_x_at,0.99082142,0.00212153,,,,
1555062_s_at,0.99083507,-0.00127831,,,,
225395_s_at,0.99083894,-0.00173325,,,,
1556533_at,0.99085624,0.00068774,,,,
1564373_a_at,0.99086743,0.00089215,,,,
227979_at,0.99092687,0.00234015,,,,
232869_at,0.99097423,-0.00074459,,,,
221676_s_at,0.990978,0.00212487,,,,
235585_at,0.99098421,-0.00163001,,,,
231894_at,0.9910348,0.00225929,,,,
239510_at,0.99104634,0.00086523,,,,
234098_at,0.99105871,-0.00076722,,,,
1562413_at,0.99107085,0.00064881,,,,
202562_s_at,0.99114099,0.002343,,,,
237411_at,0.99117958,0.00300507,,,,
237439_at,0.99119228,-0.0019249,,,,
230706_s_at,0.99119739,-0.00156325,,,,
225797_at,0.99122294,0.00109807,,,,
243937_x_at,0.99124084,-0.00098371,,,,
230905_at,0.99131707,0.00095194,,,,
201104_x_at,0.99131753,0.0014235,,,,
205012_s_at,0.99135321,0.00242881,,,,
230955_s_at,0.99139182,-0.00137343,,,,
1564883_a_at,0.99146169,-0.00079954,,,,
220511_s_at,0.99147823,-0.00086929,,,,
244815_at,0.99148067,-0.00062218,,,,
205072_s_at,0.99148788,-0.00286312,,,,
220687_at,0.99150257,-0.00064019,,,,
226349_at,0.99151625,0.00159615,,,,
227056_at,0.99153742,0.00202822,,,,
1561905_at,0.99154371,0.0006464,,,,
234924_s_at,0.99158452,-0.00180024,,,,
204799_at,0.99159027,0.00177218,,,,
226137_at,0.99159523,0.00226548,,,,
207286_at,0.99160009,-0.00060846,,,,
203674_at,0.99165776,0.00129622,,,,
230188_at,0.99166179,-0.00182851,,,,
239600_at,0.99169914,0.00099721,,,,
1555183_at,0.99171808,-0.00068396,,,,
228989_at,0.99174741,0.00208731,,,,
207793_s_at,0.99175175,0.00092049,,,,
236186_x_at,0.99175462,-0.00142209,,,,
215054_at,0.99179059,-0.0015118,,,,
233389_at,0.99179576,-0.00080743,,,,
244724_at,0.99180558,0.00057908,,,,
235628_x_at,0.99181675,0.00146486,,,,
218679_s_at,0.99186022,0.00172454,,,,
201729_s_at,0.99186176,0.00115664,,,,
212276_at,0.99189928,-0.00204857,,,,
1561340_at,0.99190667,0.00042521,,,,
206468_s_at,0.99193882,-0.00141323,,,,
226071_at,0.99194192,0.00251856,,,,
241174_at,0.99197353,-0.0008249,,,,
243762_at,0.99198344,0.00145925,,,,
224189_x_at,0.99199568,0.0050687,,,,
1557863_at,0.99204412,-0.00042144,,,,
222097_at,0.99204444,0.00062824,,,,
222079_at,0.99205838,-0.00092178,,,,
216277_at,0.9920836,-0.00057176,,,,
218767_at,0.99208941,0.00119477,,,,
228502_at,0.99209733,-0.00183094,,,,
238906_s_at,0.9920977,0.00268739,,,,
237030_at,0.99210018,0.00246328,,,,
239845_at,0.99215406,0.0015373,,,,
225805_at,0.99217289,0.00164624,,,,
234347_s_at,0.99217916,0.00244063,,,,
215466_at,0.9921865,0.00056096,,,,
239542_at,0.99220231,-0.00068053,,,,
208235_x_at,0.99221308,-0.00420778,,,,
225527_at,0.99221968,0.00199096,,,,
239790_s_at,0.9922442,0.00153957,,,,
206085_s_at,0.99229288,-0.00400229,,,,
202070_s_at,0.99229355,-0.00130236,,,,
201503_at,0.99229767,0.00116353,,,,
244388_at,0.99231338,0.00068633,,,,
230949_at,0.99232282,0.00146906,,,,
1560025_at,0.99232974,0.00069419,,,,
207952_at,0.99234175,-0.00049395,,,,
227991_x_at,0.99234388,-0.0014172,,,,
221977_at,0.99236849,-0.00056507,,,,
1555118_at,0.9923752,0.00142265,,,,
1559753_at,0.99243198,-0.0005843,,,,
230856_at,0.99244436,-0.00112469,,,,
216658_at,0.99245533,-0.00066483,,,,
1553052_at,0.99246701,-0.00044489,,,,
216561_x_at,0.99246844,-0.00066841,,,,
200594_x_at,0.99246948,-0.00084695,,,,
208265_at,0.99250309,-0.00050977,,,,
217127_at,0.99251944,0.00434543,,,,
226222_at,0.99252753,-0.00121661,,,,
222141_at,0.99253674,-0.00065472,,,,
231060_at,0.99254975,-0.0003759,,,,
223328_at,0.99263629,-0.0014639,,,,
230235_at,0.99265632,0.00139793,,,,
202197_at,0.99266028,-0.00121459,,,,
1561243_at,0.99266916,0.00061274,,,,
200774_at,0.99268965,-0.00090685,,,,
220693_at,0.99272771,-0.00068709,,,,
228467_at,0.99273384,0.00065,,,,
203414_at,0.99281034,-0.0018314,,,,
205249_at,0.99282908,-0.00227905,,,,
217707_x_at,0.99283498,-0.00210392,,,,
208869_s_at,0.99284027,0.00189433,,,,
213403_at,0.99287657,-0.00199604,,,,
230870_at,0.99295793,-0.00057987,,,,
234028_at,0.99301825,0.00050754,,,,
214941_s_at,0.99302511,-0.00117034,,,,
202408_s_at,0.99304661,-0.00116922,,,,
205783_at,0.99305587,0.0013938,,,,
242934_at,0.99306842,0.00113195,,,,
243699_at,0.99308216,0.00057934,,,,
217087_at,0.99310549,-0.00136074,,,,
1557297_at,0.99316822,0.00043723,,,,
243046_at,0.9931729,-0.00160276,,,,
210574_s_at,0.9931994,-0.00112093,,,,
229746_x_at,0.9932038,-0.0010047,,,,
235705_at,0.99320514,-0.00176745,,,,
1567386_at,0.99320606,0.0003544,,,,
242410_s_at,0.99321597,-0.00041376,,,,
243095_at,0.99323252,-0.00051198,,,,
229538_s_at,0.99325643,-0.0020742,,,,
219544_at,0.99327422,0.00233456,,,,
202211_at,0.99328455,0.00118813,,,,
242335_at,0.99335501,-0.00217521,,,,
204593_s_at,0.99335511,0.00091193,,,,
208744_x_at,0.99338789,-0.0021911,,,,
205434_s_at,0.99338883,0.00143237,,,,
237679_at,0.99347365,-0.00054286,,,,
204209_at,0.99348992,-0.00139065,,,,
217014_s_at,0.9935014,0.00517554,,,,
230316_at,0.9935433,-0.00260034,,,,
211691_x_at,0.99355383,0.00053042,,,,
219742_at,0.9935801,0.0018749,,,,
244750_at,0.99358955,-0.00049062,,,,
201036_s_at,0.99359137,-0.00161805,,,,
242550_at,0.99360013,0.00207419,,,,
209871_s_at,0.99363295,0.00199982,,,,
1555676_s_at,0.99366443,0.00053458,,,,
209527_at,0.99366888,0.00110385,,,,
236126_at,0.99368027,-0.00141008,,,,
237868_x_at,0.99369241,0.00103635,,,,
207678_s_at,0.99372823,-0.00075859,,,,
217868_s_at,0.99373295,0.00129531,,,,
239179_at,0.99373752,-0.00099606,,,,
237677_at,0.99376355,0.00048884,,,,
210330_at,0.99376661,-0.00171934,,,,
212912_at,0.99376795,0.0020432,,,,
240246_at,0.99377863,0.00102093,,,,
1569477_at,0.99378279,-0.00124411,,,,
1553407_at,0.99379686,0.00091419,,,,
213068_at,0.99380116,-0.00510038,,,,
200677_at,0.99381224,-0.00100366,,,,
39650_s_at,0.9938386,-0.00150762,,,,
1555460_a_at,0.99390068,-0.00279302,,,,
204497_at,0.99392069,0.00215003,,,,
205071_x_at,0.9939306,-0.0019668,,,,
205812_s_at,0.99398931,-0.00083399,,,,
232248_at,0.99401151,-0.00054453,,,,
227802_at,0.99403993,-0.00130574,,,,
232824_at,0.99406033,-0.00041717,,,,
1564078_at,0.99409004,0.00042962,,,,
222208_s_at,0.99413026,0.00053708,,,,
203940_s_at,0.9941402,-0.0015564,,,,
244596_at,0.9941654,-0.00047133,,,,
224779_s_at,0.99422243,0.00099824,,,,
236217_at,0.99428588,0.00192842,,,,
239644_at,0.99433991,-0.00136414,,,,
235159_at,0.99440107,0.00146837,,,,
225612_s_at,0.99442921,0.00314114,,,,
209680_s_at,0.99443,0.00152516,,,,
207718_x_at,0.994452,0.00349191,,,,
236835_at,0.99447169,0.00183103,,,,
202992_at,0.99450786,0.0046106,,,,
207268_x_at,0.99452063,0.00082868,,,,
234563_at,0.9945339,0.00160243,,,,
1561893_at,0.9945448,-0.00052727,,,,
244082_at,0.99457471,-0.00053855,,,,
1561469_at,0.99462536,0.00032348,,,,
236224_at,0.99466026,0.00129039,,,,
230077_at,0.99466684,-0.00193626,,,,
211231_x_at,0.99470151,0.00189118,,,,
207273_at,0.99472369,-0.00026421,,,,
217848_s_at,0.99472552,-0.00112994,,,,
1561757_a_at,0.99473301,0.00101258,,,,
219834_at,0.99473734,-0.00089367,,,,
210070_s_at,0.99474101,-0.00155199,,,,
238744_at,0.99474704,-0.00083635,,,,
205186_at,0.99479042,-0.00187707,,,,
241402_at,0.99481007,0.00066536,,,,
214908_s_at,0.99482315,0.00129105,,,,
238986_at,0.99485803,0.000335,,,,
239812_s_at,0.99488321,0.00059263,,,,
205173_x_at,0.99494167,-0.00172534,,,,
204170_s_at,0.99494832,0.00156794,,,,
200026_at,0.99495076,0.00051114,,,,
58308_at,0.99495717,0.00073381,,,,
1568795_at,0.99496285,-0.00054049,,,,
216352_x_at,0.99499777,-0.00061026,,,,
203049_s_at,0.99501186,-0.00102176,,,,
1552902_a_at,0.99502708,-0.00072176,,,,
240364_at,0.99503973,0.0003421,,,,
241568_at,0.99507141,-0.000471,,,,
230584_at,0.99509699,0.00033259,,,,
1565800_x_at,0.99512655,-0.00023732,,,,
1555446_s_at,0.99514383,-0.00077979,,,,
231899_at,0.99514763,-0.00178457,,,,
223038_s_at,0.99516373,-0.00213408,,,,
225088_at,0.99516953,-0.00114931,,,,
228514_at,0.99517339,-0.00044458,,,,
208651_x_at,0.99521949,-0.00361835,,,,
219498_s_at,0.99524424,-0.00226531,,,,
217141_at,0.99524939,0.00041539,,,,
205735_s_at,0.99525215,-0.00046059,,,,
209639_s_at,0.99527512,-0.00069473,,,,
235392_at,0.99536046,0.00133772,,,,
219986_s_at,0.99536841,-0.00050394,,,,
219237_s_at,0.99537993,-0.00099805,,,,
202751_at,0.99539173,0.0007787,,,,
219903_s_at,0.99543619,0.0015911,,,,
229694_at,0.99546024,0.00151441,,,,
232321_at,0.99552464,0.00187676,,,,
214548_x_at,0.99552619,-0.00086006,,,,
229731_at,0.99552673,-0.00046523,,,,
228560_at,0.99552891,0.00182819,,,,
213571_s_at,0.99554353,0.00069763,,,,
230302_at,0.9955859,-0.00153637,,,,
224801_at,0.9955888,-0.00169336,,,,
234612_at,0.99559343,-0.00028547,,,,
215645_at,0.99559564,-0.00056803,,,,
210360_s_at,0.99561918,-0.00094698,,,,
233107_at,0.99563214,-0.00036051,,,,
235069_at,0.99564048,-0.00072023,,,,
1566526_at,0.99566241,0.00029049,,,,
227455_at,0.99568348,0.00132798,,,,
241235_at,0.99572627,0.00026135,,,,
227138_at,0.99572985,0.00104877,,,,
234891_at,0.99573873,-0.0003823,,,,
220841_s_at,0.99576296,0.00063081,,,,
231221_at,0.9957811,0.00061975,,,,
225684_at,0.99583172,0.00084636,,,,
226042_at,0.99584123,-0.00051764,,,,
1560410_at,0.99587023,-0.00034996,,,,
237117_at,0.995885,0.00029173,,,,
1556439_at,0.99590191,-0.00025715,,,,
227589_at,0.99592624,0.00044612,,,,
214888_at,0.99594071,-0.00034179,,,,
226543_at,0.99597942,0.00077635,,,,
216850_at,0.99601846,0.00040408,,,,
221738_at,0.9960697,0.0008166,,,,
242438_at,0.9960716,-0.00104038,,,,
237108_x_at,0.99608018,0.00035593,,,,
218058_at,0.99609146,0.00074915,,,,
223246_s_at,0.99611297,0.0011658,,,,
219165_at,0.99613786,0.00111432,,,,
206533_at,0.99613991,-0.00127011,,,,
220954_s_at,0.99616533,-0.00112076,,,,
225426_at,0.99617464,0.00069376,,,,
1562464_at,0.99618609,0.00024869,,,,
1559856_s_at,0.99619641,0.00022945,,,,
232217_at,0.99621236,0.00090227,,,,
226751_at,0.99621603,0.00158954,,,,
228910_at,0.99625991,0.00116347,,,,
209593_s_at,0.99626035,-0.00061935,,,,
242928_at,0.9962663,0.00078609,,,,
237354_at,0.99626703,-0.00027622,,,,
221021_s_at,0.99632232,-0.00057215,,,,
228178_s_at,0.99633742,0.00039524,,,,
1553809_a_at,0.99634911,0.00065341,,,,
209512_at,0.99636314,-0.00125161,,,,
216347_s_at,0.99638384,-0.00084007,,,,
226448_at,0.99639248,0.00133745,,,,
1569479_at,0.99640627,-0.00038508,,,,
239809_at,0.99641074,0.00088405,,,,
210005_at,0.99642499,0.00057994,,,,
200825_s_at,0.99643821,0.00087851,,,,
223283_s_at,0.9964855,-0.00084195,,,,
1554763_at,0.99650285,0.00029479,,,,
240144_at,0.99651275,0.00027032,,,,
243440_at,0.99654279,0.00080789,,,,
1553387_at,0.99659169,0.00026832,,,,
206326_at,0.99663363,-0.00148729,,,,
227701_at,0.99666111,0.00081055,,,,
220820_at,0.99667987,0.00027098,,,,
1556586_x_at,0.9966909,0.0003028,,,,
1565947_a_at,0.99669853,0.000265,,,,
229747_x_at,0.99673263,-0.00034065,,,,
215024_at,0.99675452,0.00055605,,,,
220550_at,0.99678267,0.00026251,,,,
221961_at,0.99683138,0.00042557,,,,
241431_at,0.99683368,0.0006709,,,,
215328_at,0.99683926,-0.00028518,,,,
201695_s_at,0.99684801,0.00091122,,,,
222190_s_at,0.99689371,0.00048015,,,,
1554256_a_at,0.99698259,-0.00059071,,,,
218465_at,0.99698729,-0.00060919,,,,
240603_s_at,0.99703907,0.00024261,,,,
240802_at,0.99704703,0.00016729,,,,
232575_at,0.99713256,0.00014305,,,,
239982_at,0.99715279,-0.00048768,,,,
206782_s_at,0.99715612,0.00057289,,,,
225661_at,0.99718178,0.00059601,,,,
202794_at,0.99718573,-0.0009324,,,,
219469_at,0.99718948,0.00103253,,,,
1569472_s_at,0.99723012,-0.00093709,,,,
215624_at,0.99725477,-0.00023035,,,,
1564985_a_at,0.99725835,-0.00020378,,,,
243640_x_at,0.99730859,0.00030674,,,,
219891_at,0.9973412,0.00056049,,,,
236706_at,0.99737164,0.00030023,,,,
201425_at,0.99740384,0.00125965,,,,
208382_s_at,0.99741636,0.0002826,,,,
213026_at,0.99743638,-0.00049196,,,,
224691_at,0.99743798,0.00040787,,,,
233967_at,0.99744398,-0.00020434,,,,
1559849_at,0.99745569,-0.00012353,,,,
44822_s_at,0.99747805,0.00029418,,,,
1559828_at,0.99752302,0.00016318,,,,
215999_at,0.99754364,0.00027945,,,,
208965_s_at,0.99755689,0.00105435,,,,
203187_at,0.99759577,0.00045331,,,,
230694_at,0.99760471,0.00017712,,,,
240706_at,0.99761141,-0.0001483,,,,
231685_at,0.99761636,-0.000172,,,,
209412_at,0.99762816,0.00037371,,,,
205245_at,0.99763135,0.00043352,,,,
239507_at,0.99764113,0.00018749,,,,
224177_s_at,0.99764973,0.0004594,,,,
1557208_at,0.99766594,-0.00022042,,,,
222326_at,0.99766842,-0.00035329,,,,
221914_at,0.99768651,0.00035811,,,,
1563127_at,0.99773379,-0.00018432,,,,
242827_x_at,0.99773847,-0.00047545,,,,
1562152_at,0.9977501,-0.00010535,,,,
215134_at,0.99779114,0.00046946,,,,
201611_s_at,0.99781262,-0.00032505,,,,
218097_s_at,0.9978211,-0.00034365,,,,
217720_at,0.99783402,0.00025379,,,,
203849_s_at,0.99791531,0.00061828,,,,
205765_at,0.99796168,0.00199155,,,,
1561277_at,0.99796918,-0.00012753,,,,
1557804_at,0.99800541,-0.0002197,,,,
226274_at,0.99805262,0.0005666,,,,
210994_x_at,0.99809157,0.00039494,,,,
229236_s_at,0.99809906,0.00044015,,,,
211823_s_at,0.99812034,0.00031762,,,,
224099_at,0.99813784,0.00020151,,,,
219254_at,0.99814689,0.00042587,,,,
207451_at,0.9981516,0.00031876,,,,
218302_at,0.99817183,-0.00034069,,,,
212547_at,0.99817624,0.0003061,,,,
230197_s_at,0.99821166,-0.00039047,,,,
207669_at,0.99829707,-0.00018867,,,,
243658_at,0.99831061,0.00012185,,,,
202343_x_at,0.99836407,-0.00026399,,,,
227203_at,0.99837729,0.00031106,,,,
1552955_at,0.99838305,-0.00015819,,,,
213372_at,0.998399,-0.00037285,,,,
209459_s_at,0.99841797,-0.00123326,,,,
204863_s_at,0.99842555,0.00060491,,,,
1556008_a_at,0.99844291,0.00021666,,,,
234531_at,0.99845022,-0.00009597,,,,
243901_at,0.99846783,-0.00023674,,,,
229241_at,0.99849453,-0.00070223,,,,
234227_at,0.99854611,-0.00008847,,,,
201653_at,0.99858509,-0.00019223,,,,
228360_at,0.99865115,0.00059798,,,,
1558887_at,0.99866263,-0.00023939,,,,
239102_s_at,0.9986965,-0.00034075,,,,
228614_at,0.99871259,-0.00035749,,,,
215930_s_at,0.99872295,0.00030302,,,,
1563312_at,0.99874377,-0.00008409,,,,
229318_at,0.99874427,0.00025742,,,,
208123_at,0.99874753,-0.00027237,,,,
235482_at,0.99878705,-0.00023923,,,,
1564949_at,0.99886569,-0.00006397,,,,
241654_at,0.998873,0.00007838,,,,
210185_at,0.99887821,-0.00012447,,,,
242499_at,0.9989172,0.00008006,,,,
211038_s_at,0.99893585,0.00026803,,,,
228850_s_at,0.99893951,-0.00052964,,,,
243487_at,0.99897847,-0.00017587,,,,
210409_at,0.99906327,-0.00023777,,,,
216845_x_at,0.99908868,0.00007717,,,,
64438_at,0.99910464,0.00015051,,,,
210556_at,0.9991222,-0.00015228,,,,
239804_at,0.99916618,-0.00018069,,,,
203979_at,0.9991705,-0.00037385,,,,
227920_at,0.99918739,-0.00018499,,,,
207338_s_at,0.99920354,0.00011258,,,,
240315_at,0.99928383,0.00010282,,,,
218163_at,0.99933838,0.00013044,,,,
203284_s_at,0.99934019,0.00014547,,,,
216717_at,0.99934085,-0.0000444,,,,
219780_at,0.99938637,0.00004034,,,,
205264_at,0.99938946,0.00011262,,,,
243608_at,0.99940222,0.00009452,,,,
1553105_s_at,0.99944338,0.00031764,,,,
238011_at,0.99944463,-0.00010727,,,,
227360_at,0.99944566,-0.000059,,,,
224873_s_at,0.99944582,0.00013321,,,,
229961_x_at,0.99945231,-0.00005692,,,,
222891_s_at,0.99945406,0.00037848,,,,
206683_at,0.99946447,0.0002246,,,,
229677_at,0.99947087,-0.00005199,,,,
216952_s_at,0.9995149,-0.00013129,,,,
202271_at,0.99952056,0.0000966,,,,
1558394_s_at,0.99953312,0.00003439,,,,
1561650_s_at,0.99954183,0.00002657,,,,
242216_at,0.99959039,0.00004513,,,,
1570297_at,0.99961407,-0.00003187,,,,
204190_at,0.99962953,-0.00005984,,,,
234610_at,0.99971479,0.00006264,,,,
235747_at,0.99971819,0.00006989,,,,
219545_at,0.99975667,0.00011275,,,,
219974_x_at,0.99976382,0.0000481,,,,
238372_s_at,0.99976909,-0.00001519,,,,
1555865_at,0.99977273,-0.00003866,,,,
220307_at,0.99978126,0.00003572,,,,
242784_at,0.99978677,0.00001915,,,,
1552986_at,0.99979508,0.00001578,,,,
206272_at,0.9998127,-0.00004131,,,,
236920_at,0.99984333,0.00001351,,,,
212958_x_at,0.99988458,-0.00003472,,,,
209503_s_at,0.99993324,-0.00001184,,,,
205999_x_at,0.99995696,0.00004532,,,,
244227_at,0.99998393,-0.00000136,,,,
